0.4440  0.6719
0.4473  0.6094
0.4506  0.5781
0.4572  0.5000
0.4605  0.5469
0.4639  0.6250
0.4640  0.6875
0.4640  0.7656
0.4674  0.8281
0.4773  0.7500
0.4806  0.7969
0.4839  0.7188
0.4906  0.8125
0.4939  0.7500
0.5005  0.7969
0.5006  0.8750
0.5105  0.8438
0.5205  0.9063
0.5305  0.9219
0.5504  0.9844
0.5637  1.047
0.5704  1.094
0.5804  1.141
0.5904  1.172
0.5904  1.250
0.5971  1.234
0.6037  1.281
0.6103  1.250
0.6137  1.328
0.6237  1.359
0.6337  1.438
0.6437  1.469
0.6570  1.484
0.6603  1.594
0.6703  1.609
0.6737  1.656
0.6837  1.703
0.6869  1.656
0.6903  1.766
0.6969  1.719
0.7069  1.734
0.7135  1.719
0.7169  1.781
0.7169  1.828
0.7236  1.875
0.7336  1.922
0.7402  1.875
0.7469  1.922
0.7535  1.938
0.7535  2.000
0.7602  2.031
0.7668  2.047
0.7702  2.156
0.7735  2.094
0.7802  2.141
0.7868  2.125
0.7935  2.156
0.8001  2.156
0.8034  2.141
0.8101  2.172
0.8167  2.141
0.8200  2.188
0.8234  2.234
0.8267  2.266
0.8301  2.313
0.8334  2.359
0.8368  2.406
0.8467  2.422
0.8534  2.391
0.8501  2.453
0.8567  2.484
0.8634  2.516
0.8667  2.484
0.8700  2.531
0.8767  2.563
0.8801  2.625
0.8867  2.578
0.8900  2.625
0.8901  2.688
0.8999  2.578
0.9033  2.641
0.9099  2.609
0.9165  2.594
0.9199  2.719
1.149   3.125
1.149   3.234
1.149   3.359
1.146   3.453
1.153   3.531
1.156   3.453
1.156   3.281
1.163   3.453
1.173   3.484
1.189   3.484
1.203   3.500
1.216   3.547
1.219   3.578
1.229   3.641
1.242   3.656
1.256   3.719
1.269   3.734
1.282   3.781
1.296   3.813
1.309   3.797
1.468   4.063
1.472   3.828
1.475   4.063
1.482   4.063
1.485   4.109
1.491   3.813
1.495   4.125
1.498   3.641
1.501   3.859
1.508   3.953
1.512   4.094
1.515   4.219
1.518   4.344
1.525   3.953
1.524   3.391
1.535   4.313
1.541   4.094
1.542   4.391
1.551   4.125
1.551   3.984
1.558   3.875
1.561   3.750
1.561   4.000
1.568   4.125
1.571   4.234
1.571   4.031
1.578   3.937
1.581   3.781
1.585   4.031
1.588   4.219
1.598   3.937
1.601   3.859
1.607   3.563
1.604   4.016
1.611   4.188
1.611   4.250
1.621   3.906
1.618   4.141
1.634   3.891
1.641   4.172
1.641   4.406
1.648   4.281
1.658   4.172
1.664   4.078
1.664   4.016
1.678   4.250
1.681   4.156
1.688   4.422
1.697   4.047
1.704   4.531
1.711   4.000
1.717   4.297
1.724   4.438
1.731   4.234
1.737   4.422
1.738   4.625
1.738   4.750
1.747   4.250
1.751   4.375
1.751   4.453
1.761   4.359
1.761   4.156
1.771   4.547
1.781   4.625
1.989   4.000
1.996   4.063
1.999   3.875
2.006   3.797
2.013   3.906
2.016   3.797
2.019   3.844
2.022   3.766
2.029   3.844
2.032   3.781
2.042   3.813
2.046   3.813
2.056   3.891
2.059   3.828
2.066   3.750
2.075   3.687
2.079   3.766
2.089   3.719
2.095   3.813
2.095   3.875
2.109   3.937
2.119   3.969
2.129   3.922
2.135   4.000
2.139   4.078
2.145   4.125
2.155   4.188
2.159   4.266
2.169   4.234
2.172   4.297
2.182   4.344
2.189   4.359
2.192   4.313
2.205   4.359
2.209   4.422
2.215   4.375
2.219   4.422
2.232   4.313
2.235   4.266
2.238   4.172
2.245   4.094
2.248   4.000
2.251   3.906
2.255   3.844
2.258   3.719
2.265   3.625
2.271   3.531
2.278   3.438
2.284   3.516
2.288   3.594
2.294   3.672
2.298   3.719
2.305   3.797
2.311   3.844
2.318   3.797
2.321   3.750
2.331   3.797
2.338   3.828
2.344   3.781