0.300040	8.47500
0.300660	-0.48424
0.301280	-1.74669
0.301900	3.19960
0.302520	-2.55635
0.303140	7.88440
0.303760	-1.15345
0.304380	-0.29042
0.305000	1.81676
0.305620	-0.46945
0.306240	1.07281
0.306860	1.68241
0.307480	1.03316
0.308100	0.207927
0.308720	0.586743
0.309340	0.434923
0.309960	0.251685
0.310580	0.483328
0.311200	0.149732
0.311820	0.265352
0.312440	0.381626
0.313060	0.310565
0.313680	0.256106
0.314300	0.613162
0.314920	0.264987
0.315540	0.513467
0.316160	0.304392
0.316780	0.389120
0.317400	0.657128
0.318020	0.799854
0.318640	0.430338
0.319260	0.430994
0.319880	0.434330
0.320500	0.416765
0.321120	0.242787
0.321740	0.295907
0.322360	0.358559
0.322980	0.531680
0.323600	0.557273
0.324220	0.483223
0.324840	0.339406
0.325460	0.362778
0.326080	0.409495
0.326700	0.371466
0.327320	0.349127
0.327940	0.565122
0.328560	0.565863
0.329180	0.528887
0.329800	0.423015
0.330420	0.361735
0.331040	0.553782
0.331660	0.308813
0.332280	0.366633
0.332900	0.396705
0.333520	0.380129
0.334140	0.446367
0.334760	0.469250
0.335380	0.386253
0.336000	0.430878
0.336620	0.317993
0.337240	0.322458
0.337860	0.460454
0.338480	0.391784
0.339100	0.441386
0.339720	0.370139
0.340340	0.424114
0.340960	0.425615
0.341580	0.485305
0.342200	0.476873
0.342820	0.393829
0.343440	0.479176
0.344060	0.375179
0.344680	0.361777
0.345300	0.545963
0.345920	0.549019
0.346540	0.317365
0.347160	0.434984
0.347780	0.428145
0.348400	0.353943
0.349020	0.348169
0.349640	0.382910
0.350260	0.499257
0.350880	0.496963
0.351500	0.493736
0.352120	0.501538
0.352740	0.469494
0.353360	0.474629
0.353980	0.506850
0.354600	0.476192
0.355220	0.509137
0.355840	0.478898
0.356460	0.446689
0.357080	0.419022
0.357700	0.433616
0.358320	0.362803
0.358940	0.519616
0.359560	0.520136
0.360180	0.441237
0.360800	0.460456
0.361420	0.496819
0.362040	0.416841
0.362660	0.562891
0.363280	0.495356
0.363900	0.507194
0.364520	0.384211
0.365140	0.517081
0.365760	0.529366
0.366380	0.527207
0.367000	0.501828
0.367620	0.498256
0.368240	0.465164
0.368860	0.486550
0.369480	0.546408
0.370100	0.488288
0.370720	0.499287
0.371340	0.505273
0.371960	0.445228
0.372580	0.468061
0.373200	0.470121
0.373820	0.424383
0.374440	0.455329
0.375060	0.455164
0.375680	0.495776
0.376300	0.479208
0.376920	0.525395
0.377540	0.498510
0.378160	0.468829
0.378780	0.452440
0.379400	0.473503
0.380020	0.440627
0.380640	0.465956
0.381260	0.434935
0.381880	0.379580
0.382500	0.345221
0.383120	0.384801
0.383740	0.376157
0.384360	0.430832
0.384980	0.416719
0.385600	0.387958
0.386220	0.407863
0.386840	0.385929
0.387460	0.399702
0.388080	0.376889
0.388700	0.500725
0.389320	0.508712
0.389940	0.517745
0.390560	0.481803
0.391180	0.514181
0.391800	0.491960
0.392420	0.462124
0.393040	0.434070
0.393660	0.531678
0.394280	0.472352
0.394900	0.513723
0.395520	0.544885
0.396140	0.487690
0.396760	0.522610
0.397380	0.527043
0.398000	0.542770
0.398620	0.534793
0.399240	0.538805
0.399860	0.540533
0.400480	0.559964
0.401100	0.546616
0.401720	0.556443
0.402340	0.548283
0.402960	0.534966
0.403580	0.546727
0.404200	0.549676
0.404820	0.490042
0.405440	0.549343
0.406060	0.526376
0.406680	0.536726
0.407300	0.527862
0.407920	0.572412
0.408540	0.584821
0.409160	0.603513
0.409780	0.596270
0.410400	0.591769
0.411020	0.574592
0.411640	0.591636
0.412260	0.596057
0.412880	0.569367
0.413500	0.554618
0.414120	0.564811
0.414740	0.557988
0.415360	0.568001
0.415980	0.555683
0.416600	0.572137
0.417220	0.568534
0.417840	0.570686
0.418460	0.568585
0.419080	0.552440
0.419700	0.515633
0.420320	0.573035
0.420940	0.572935
0.421560	0.575181
0.422180	0.583999
0.422800	0.569101
0.423420	0.581492
0.424040	0.566303
0.424660	0.594411
0.425280	0.570611
0.425900	0.576591
0.426520	0.609975
0.427140	0.567789
0.427760	0.592978
0.428380	0.575354
0.429000	0.570107
0.429620	0.560369
0.430240	0.513756
0.430860	0.513675
0.431480	0.587795
0.432100	0.604057
0.432720	0.576627
0.433340	0.638263
0.433960	0.636145
0.434580	0.632318
0.435200	0.612446
0.435820	0.621290
0.436440	0.619670
0.437060	0.615197
0.437680	0.596953
0.438300	0.575079
0.438920	0.600907
0.439540	0.613236
0.440160	0.616222
0.440780	0.603034
0.441400	0.646200
0.442020	0.643643
0.442640	0.638495
0.443260	0.617245
0.443880	0.641712
0.444500	0.643943
0.445120	0.654498
0.445740	0.635970
0.446360	0.649986
0.446980	0.666212
0.447600	0.670389
0.448220	0.667547
0.448840	0.663437
0.449460	0.651188
0.450080	0.673745
0.450700	0.677104
0.451320	0.665491
0.451940	0.663739
0.452560	0.646326
0.453180	0.656314
0.453800	0.662943
0.454420	0.677941
0.455040	0.674969
0.455660	0.683399
0.456280	0.676476
0.456900	0.676875
0.457520	0.682430
0.458140	0.665111
0.458760	0.667374
0.459380	0.671541
0.460000	0.667933
0.460620	0.684401
0.461240	0.681064
0.461860	0.687981
0.462480	0.684805
0.463100	0.696129
0.463720	0.688827
0.464340	0.686429
0.464960	0.680129
0.465580	0.689560
0.466200	0.685365
0.466820	0.677435
0.467440	0.696188
0.468060	0.687121
0.468680	0.678065
0.469300	0.693584
0.469920	0.695246
0.470540	0.688315
0.471160	0.699650
0.471780	0.693949
0.472400	0.710940
0.473020	0.690624
0.473640	0.693999
0.474260	0.719928
0.474880	0.723656
0.475500	0.703068
0.476120	0.718265
0.476740	0.699683
0.477360	0.732019
0.477980	0.735782
0.478600	0.723355
0.479220	0.726613
0.479840	0.720919
0.480460	0.726685
0.481080	0.712090
0.481700	0.719596
0.482320	0.720242
0.482940	0.733688
0.483560	0.721411
0.484180	0.715699
0.484800	0.733145
0.485420	0.745167
0.486040	0.776771
0.486660	0.771891
0.487280	0.724254
0.487900	0.752088
0.488520	0.737251
0.489140	0.744556
0.489760	0.755513
0.490380	0.736186
0.491000	0.721619
0.491620	0.746474
0.492240	0.728396
0.492860	0.749630
0.493480	0.751323
0.494100	0.756969
0.494720	0.752878
0.495340	0.756651
0.495960	0.755133
0.496580	0.762526
0.497200	0.756599
0.497820	0.761444
0.498440	0.737273
0.499060	0.755600
0.499680	0.753233
0.500300	0.736348
0.500920	0.747916
0.501540	0.736495
0.502160	0.748540
0.502780	0.754902
0.503400	0.756920
0.504020	0.745002
0.504640	0.773779
0.505260	0.769539
0.505880	0.769423
0.506500	0.766685
0.507120	0.762126
0.507740	0.755543
0.508360	0.760325
0.508980	0.775359
0.509600	0.772591
0.510220	0.779938
0.510840	0.765535
0.511460	0.776684
0.512080	0.774478
0.512700	0.776373
0.513320	0.772243
0.513940	0.762521
0.514560	0.756065
0.515180	0.760897
0.515800	0.782607
0.516420	0.741729
0.517040	0.724226
0.517660	0.773992
0.518280	0.734930
0.518900	0.783001
0.519520	0.770901
0.520140	0.811430
0.520760	0.782759
0.521380	0.788109
0.522000	0.797126
0.522620	0.798610
0.523240	0.793804
0.523860	0.820241
0.524480	0.815723
0.525100	0.797089
0.525720	0.811731
0.526340	0.784009
0.526960	0.796950
0.527580	0.816887
0.528200	0.796316
0.528820	0.828810
0.529440	0.824118
0.530060	0.801387
0.530680	0.833796
0.531300	0.834908
0.531920	0.835719
0.532540	0.817740
0.533160	0.845430
0.533780	0.839599
0.534400	0.827027
0.535020	0.821342
0.535640	0.842699
0.536260	0.840561
0.536880	0.822668
0.537500	0.842274
0.538120	0.839357
0.538740	0.855065
0.539360	0.823653
0.539980	0.823536
0.540600	0.826663
0.541220	0.843186
0.541840	0.859185
0.542460	0.848788
0.543080	0.846658
0.543700	0.848125
0.544320	0.866741
0.544940	0.861858
0.545560	0.858263
0.546180	0.851876
0.546800	0.855381
0.547420	0.856519
0.548040	0.871690
0.548660	0.869452
0.549280	0.865141
0.549900	0.859437
0.550520	0.849402
0.551140	0.840424
0.551760	0.866029
0.552380	0.857972
0.553000	0.860304
0.553620	0.873830
0.554240	0.861762
0.554860	0.869033
0.555480	0.860289
0.556100	0.874762
0.556720	0.878869
0.557340	0.882255
0.557960	0.850225
0.558580	0.865077
0.559200	0.874063
0.559820	0.894743
0.560440	0.907165
0.561060	0.873590
0.561680	0.946146
0.562300	0.859951
0.562920	0.910436
0.563540	0.894393
0.564160	0.832242
0.564780	0.867224
0.565400	0.876805
0.566020	0.841100
0.566640	0.717938
0.567260	0.986255
0.567880	0.970362
0.568500	0.808413
0.569120	0.686200
0.569740	0.605779
0.570100	0.928416
0.570720	0.906701
0.571340	0.915501
0.571960	0.935821
0.572580	0.932573
0.573200	0.915398
0.573820	0.911475
0.574440	0.930478
0.575060	0.927232
0.575680	0.895550
0.576300	0.923679
0.576920	0.940816
0.577540	0.943359
0.578160	0.933778
0.578780	0.953701
0.579400	0.948799
0.580020	0.945164
0.580640	0.961622
0.581260	0.931790
0.581880	0.961436
0.582500	0.978412
0.583120	0.959157
0.583740	0.966025
0.584360	0.975968
0.584980	0.954994
0.585600	0.982685
0.586220	0.946936
0.586840	0.957805
0.587460	0.972820
0.588080	0.959796
0.588700	0.992287
0.589320	0.987431
0.589940	0.979800
0.590560	0.974866
0.591180	0.970194
0.591800	0.960755
0.592420	0.997266
0.593040	0.996481
0.593660	0.986176
0.594280	1.00898
0.594900	0.975737
0.595520	0.963507
0.596140	0.986493
0.596760	1.01206
0.597380	0.968891
0.598000	1.00868
0.598620	1.00274
0.599240	1.01073
0.599860	1.01306
0.600480	1.02852
0.601100	1.00360
0.601720	0.988304
0.602340	0.974823
0.602960	0.990977
0.603580	1.01281
0.604200	1.00428
0.604820	1.03724
0.605440	1.00475
0.606060	1.02235
0.606680	1.00038
0.607300	1.01329
0.607920	0.998002
0.608540	1.01287
0.609160	1.01607
0.609780	1.01839
0.610400	1.01792
0.611020	1.01571
0.611640	1.03271
0.612260	1.00697
0.612880	1.04653
0.613500	1.04607
0.614120	1.01880
0.614740	1.04126
0.615360	1.04152
0.615980	1.01476
0.616600	1.03143
0.617220	1.01860
0.617840	1.06593
0.618460	1.06846
0.619080	1.06963
0.619700	1.05516
0.620320	1.04978
0.620940	1.05319
0.621560	1.02287
0.622180	1.04930
0.622800	1.04821
0.623420	1.05121
0.624040	1.06609
0.624660	1.04508
0.625280	1.03890
0.625900	1.05573
0.626520	1.05806
0.627140	1.07043
0.627760	1.09653
0.628380	1.09163
0.629000	1.08387
0.629620	1.07578
0.630240	1.05514
0.630860	1.07504
0.631480	1.07494
0.632100	1.05837
0.632720	1.09209
0.633340	1.06190
0.633960	1.08224
0.634580	1.06611
0.635200	1.08660
0.635820	1.10256
0.636440	1.07185
0.637060	1.10730
0.637680	1.10457
0.638300	1.08201
0.638920	1.11287
0.639540	1.08757
0.640160	1.09491
0.640780	1.06547
0.641400	1.09412
0.642020	1.11150
0.642640	1.13734
0.643260	1.11351
0.643880	1.11789
0.644500	1.12347
0.645120	1.11078
0.645740	1.10842
0.646360	1.10600
0.646980	1.11736
0.647600	1.12571
0.648220	1.13274
0.648840	1.13184
0.649460	1.11552
0.650080	1.12372
0.650700	1.13105
0.651320	1.15312
0.651940	1.13198
0.652560	1.13023
0.653180	1.14740
0.653800	1.14852
0.654420	1.14296
0.655040	1.16241
0.655660	1.15497
0.656280	1.15269
0.656900	1.19953
0.657520	1.14678
0.658140	1.14812
0.658760	1.13426
0.659380	1.12797
0.660000	1.14588
0.660620	1.16981
0.661240	1.16655
0.661860	1.17647
0.662480	1.15786
0.663100	1.15721
0.663720	1.17218
0.664340	1.15886
0.664960	1.16648
0.665580	1.16736
0.666200	1.15682
0.666820	1.16613
0.667440	1.17172
0.668060	1.15586
0.668680	1.19059
0.669300	1.16895
0.669920	1.16982
0.670540	1.17542
0.671160	1.18809
0.671780	1.17305
0.672400	1.18101
0.673020	1.19437
0.673640	1.18592
0.674260	1.19510
0.674880	1.17294
0.675500	1.18638
0.676120	1.19982
0.676740	1.18506
0.677360	1.19808
0.677980	1.18933
0.678600	1.18885
0.679220	1.20776
0.679840	1.18328
0.680460	1.19133
0.681080	1.21398
0.681700	1.20731
0.682320	1.20991
0.682940	1.21276
0.683560	1.20806
0.684180	1.20835
0.684800	1.22411
0.685420	1.21821
0.686040	1.21720
0.686660	1.26629
0.687280	1.25668
0.687900	1.21214
0.688520	1.24012
0.689140	1.26860
0.689760	1.24048
0.690380	1.22151
0.691000	1.22524
0.691620	1.22244
0.692240	1.23265
0.692860	1.22602
0.693480	1.21741
0.694100	1.23407
0.694720	1.22678
0.695340	1.23919
0.695960	1.23245
0.696580	1.22514
0.697200	1.25776
0.697820	1.19664
0.698440	1.24995
0.699060	1.26012
0.699680	1.23797
0.700300	1.25269
0.700920	1.26200
0.701540	1.25648
0.702160	1.25023
0.702780	1.25723
0.703400	1.25550
0.704020	1.24357
0.704640	1.25302
0.705260	1.25479
0.705880	1.25054
0.706500	1.26576
0.707120	1.25502
0.707740	1.28022
0.708360	1.25020
0.708980	1.26799
0.709600	1.25001
0.710220	1.26808
0.710840	1.26896
0.711460	1.27175
0.712080	1.26942
0.712700	1.28443
0.713320	1.27002
0.713940	1.29123
0.714560	1.29701
0.715180	1.28126
0.715800	1.29310
0.716420	1.28476
0.717040	1.32633
0.717660	1.31789
0.718280	1.31262
0.718900	1.30874
0.719520	1.30959
0.720140	1.32036
0.720760	1.30126
0.721380	1.30928
0.722000	1.29372
0.722620	1.30388
0.723240	1.32235
0.723860	1.32818
0.724480	1.31493
0.725100	1.31832
0.725720	1.29252
0.726340	1.31849
0.726960	1.31934
0.727580	1.31836
0.728200	1.31370
0.728820	1.30676
0.729440	1.29140
0.730060	1.34008
0.730680	1.32585
0.731300	1.30950
0.731920	1.31448
0.732540	1.34807
0.733160	1.31163
0.733780	1.32799
0.734400	1.33515
0.735020	1.30879
0.735640	1.33621
0.736260	1.36511
0.736880	1.31981
0.737500	1.32942
0.738120	1.34629
0.738740	1.31213
0.739360	1.34028
0.739980	1.31895
0.740600	1.36463
0.741220	1.32798
0.741840	1.32811
0.742460	1.35977
0.743080	1.34157
0.743700	1.35736
0.744320	1.33978
0.744940	1.35756
0.745560	1.35975
0.746180	1.35805
0.746800	1.35587
0.747420	1.35044
0.748040	1.35444
0.748660	1.36528
0.749280	1.36283
0.749900	1.38373
0.750520	1.36229
0.751140	1.35191
0.751760	1.38421
0.752380	1.36966
0.753000	1.37395
0.753620	1.37583
0.754240	1.37603
0.754860	1.37732
0.755480	1.37325
0.756100	1.38001
0.756720	1.36910
0.757340	1.39982
0.757960	1.40542
0.758580	1.34449
0.759200	1.39451
0.759820	1.49208
0.760440	1.46464
0.761060	1.51946
0.761680	1.34280
0.762300	1.48185
0.762920	1.51838
0.763540	1.39450
0.764160	1.44207
0.764780	1.41558
0.765400	1.39841
0.766020	1.37602
0.766640	1.48125
0.767260	1.41497
0.767880	1.41776
0.768500	1.44612
0.769120	1.42747
0.769740	1.45418
0.770360	1.43752
0.770980	1.42629
0.771600	1.43482
0.772220	1.44037
0.772840	1.43165
0.773460	1.43338
0.774080	1.43574
0.774700	1.41784
0.775320	1.43382
0.775940	1.45267
0.776560	1.43388
0.777180	1.45604
0.777800	1.43073
0.778420	1.44888
0.779040	1.46365
0.779660	1.44579
0.780280	1.47159
0.780900	1.45254
0.781520	1.46401
0.782140	1.47919
0.782760	1.44985
0.783380	1.43001
0.784000	1.45393
0.784620	1.45865
0.785240	1.46175
0.785860	1.45379
0.786480	1.45473
0.787100	1.49232
0.787720	1.46832
0.788340	1.46048
0.788960	1.49700
0.789580	1.48551
0.790200	1.48026
0.790820	1.49017
0.791440	1.44944
0.792060	1.48131
0.792680	1.48028
0.793300	1.51605
0.793920	1.45866
0.794540	1.44261
0.795160	1.48301
0.795780	1.48694
0.796400	1.48769
0.797020	1.48096
0.797640	1.45458
0.798260	1.48714
0.798880	1.47832
0.799500	1.46402
0.800120	1.51089
0.800740	1.49850
0.801360	1.50868
0.801980	1.49994
0.802600	1.49480
0.803220	1.51701
0.803840	1.49564
0.804460	1.51483
0.805080	1.50156
0.805700	1.50474
0.806320	1.50598
0.806940	1.51351
0.807560	1.51842
0.808180	1.51474
0.808800	1.50464
0.809420	1.49798
0.810040	1.48908
0.810660	1.50037
0.811280	1.53207
0.811900	1.52149
0.812520	1.52010
0.813140	1.53681
0.813760	1.54757
0.814380	1.53690
0.815000	1.56159
0.815620	1.53171
0.816240	1.54732
0.816860	1.56431
0.817480	1.56215
0.818100	1.53914
0.818720	1.55191
0.819340	1.51397
0.819960	1.55830
0.820580	1.55030
0.821200	1.54916
0.821820	1.54810
0.822440	1.58407
0.823060	1.58376
0.823680	1.56216
0.824300	1.56477
0.824920	1.55425
0.825540	1.56809
0.826160	1.56289
0.826780	1.56889
0.827400	1.58368
0.828020	1.59489
0.828640	1.59486
0.829260	1.59013
0.829880	1.57348
0.830500	1.57572
0.831120	1.59545
0.831740	1.58329
0.832360	1.56900
0.832980	1.55064
0.833600	1.59336
0.834220	1.62503
0.834840	1.56172
0.835460	1.59607
0.836080	1.58615
0.836700	1.56610
0.837320	1.57863
0.837940	1.58166
0.838560	1.57596
0.839180	1.57060
0.839800	1.57097
0.840420	1.57935
0.841040	1.58653
0.841660	1.59092
0.842280	1.58962
0.842900	1.59047
0.843520	1.60710
0.844140	1.61597
0.844760	1.61787
0.845380	1.61543
0.846000	1.60953
0.846620	1.60546
0.847240	1.61599
0.847860	1.60158
0.848480	1.60126
0.849100	1.60689
0.849720	1.49724
0.850340	1.60911
0.850960	1.62273
0.851580	1.62395
0.852200	1.61797
0.852820	1.60718
0.853440	1.59549
0.854060	1.43977
0.854680	1.76172
0.855300	1.64366
0.855920	1.61933
0.856540	1.62279
0.857160	1.61744
0.857780	1.64468
0.858400	1.62965
0.859020	1.65168
0.859640	1.64268
0.860260	1.64685
0.860880	1.63777
0.861500	1.62822
0.862120	1.61443
0.862740	1.64418
0.863360	1.63670
0.863980	1.65770
0.864600	1.61963
0.865220	1.59887
0.865840	1.61012
0.866460	1.66286
0.867080	1.65909
0.867700	1.64303
0.868320	1.63775
0.868940	1.64948
0.869560	1.67194
0.870180	1.64585
0.870800	1.65909
0.871420	1.67664
0.872040	1.66972
0.872660	1.66133
0.873280	1.66655
0.873900	1.64716
0.874520	1.64020
0.875140	1.66170
0.875760	1.68552
0.876380	1.68010
0.877000	1.67121
0.877620	1.69475
0.878240	1.65797
0.878860	1.67719
0.879480	1.65468
0.880100	1.68353
0.880720	1.61171
0.881340	1.67588
0.881960	1.67773
0.882580	1.63373
0.883200	1.67930
0.883820	1.66558
0.884440	1.69252
0.885060	1.73474
0.885680	1.69705
0.886300	1.69106
0.886920	1.66993
0.887540	1.68481
0.888160	1.67670
0.888780	1.67985
0.889400	1.66788
0.890020	1.69627
0.890640	1.66750
0.891260	1.69975
0.891880	1.66226
0.892500	1.70129
0.893120	1.70059
0.893740	1.70766
0.894360	1.67834
0.894980	1.73760
0.895600	1.72245
0.896220	1.72152
0.896840	1.70908
0.897460	1.73130
0.898080	1.74323
0.898700	1.75124
0.899320	1.74610
0.899940	1.72422
0.900560	1.71884
0.901180	1.70345
0.901800	1.77073
0.902420	1.76507
0.903040	1.74526
0.903660	1.71859
0.904280	1.77724
0.904900	1.73526
0.905520	1.74153
0.906140	1.71239
0.906760	1.76145
0.907380	1.79765
0.908000	1.76392
0.908620	1.74100
0.909240	1.79881
0.909860	1.78279
0.910480	1.73848
0.911100	1.74750
0.911720	1.81758
0.912340	1.79253
0.912960	1.81798
0.913580	1.81153
0.914200	1.75682
0.914820	1.76386
0.915440	1.78336
0.916060	1.78087
0.916680	1.76234
0.917300	1.76861
0.917920	1.76462
0.918540	1.78102
0.919160	1.76676
0.919780	1.77991
0.920400	1.77993
0.921020	1.76045
0.921640	1.77104
0.922260	1.82914
0.922880	1.78346
0.923500	1.81827
0.924120	1.79475
0.924740	1.83202
0.925360	1.77834
0.925980	1.76788
0.926600	1.79195
0.927220	1.80745
0.927840	1.80954
0.928460	1.83259
0.929080	1.79601
0.929700	1.84336
0.930320	1.78731
0.930940	1.86877
0.931560	1.90957
0.932180	1.87746
0.932800	1.91033
0.933420	1.91704
0.934040	1.90860
0.934660	1.83671
0.935280	1.85513
0.935900	1.87754
0.936520	1.93622
0.937140	1.90355
0.937760	1.91106
0.938380	1.84382
0.939000	1.80413
0.939620	1.80358
0.940240	1.85666
0.940860	1.92960
0.941480	1.77269
0.942100	1.85445
0.942720	1.90758
0.943340	1.84995
0.943960	1.86203
0.944580	1.85016
0.945200	1.84781
0.945820	1.86093
0.946440	1.87671
0.947060	1.90733
0.947680	1.90679
0.948300	1.90311
0.948920	1.89069
0.949540	1.96865
0.950160	1.96359
0.950780	1.88153
0.951400	1.90263
0.952020	1.92727
0.952640	1.92124
0.953260	1.84921
0.953880	1.91692
0.954500	1.93786
0.955120	1.95755
0.955740	1.89844
0.956360	1.93487
0.956980	1.92371
0.957600	1.90273
0.958220	1.92324
0.958840	1.96296
0.959460	1.94526
0.960080	1.87168
0.960700	1.87391
0.961320	1.91779
0.961940	1.90501
0.962560	1.88696
0.963180	1.87799
0.963800	1.89119
0.964420	1.86673
0.965040	1.90651
0.965660	1.85553
0.966280	1.97562
0.966900	1.87099
0.967520	1.85431
0.968140	1.90564
0.968760	1.91177
0.969380	1.86999
0.970000	1.92389
0.970620	1.86941
0.971240	1.90452
0.971860	1.83393
0.972480	1.91124
0.973100	1.89941
0.973720	1.86573
0.974340	1.92942
0.974960	1.92522
0.975580	1.94892
0.976200	1.88754
0.976820	1.89946
0.977440	1.91529
0.978060	1.99682
0.978680	1.89285
0.979300	1.90310
0.979920	1.88383
0.980540	1.88529
0.981160	1.94418
0.981780	1.94714
0.982400	1.93090
0.983020	1.91363
0.983640	1.94261
0.984260	1.98472
0.984880	1.85444
0.985500	1.93325
0.986120	1.89430
0.986740	1.90213
0.987360	1.83457
0.987980	1.90413
0.988600	1.85352
0.989220	1.87790
0.989840	1.94241
0.990460	1.93292
0.991080	1.99024
0.991700	1.83408
0.992320	1.85648
0.992940	1.93880
0.993560	1.99448
0.994180	1.99190
0.994800	1.91380
0.995420	1.95435
0.996040	1.85754
0.996660	1.89738
0.997280	1.90784
0.997900	1.95765
0.998520	1.99772
0.999140	1.94405
0.999760	1.98080
1.00038	1.95759
1.00100	1.95984
1.00162	2.02656
1.00224	1.96726
1.00286	1.92826
1.00348	1.94443
1.00410	2.03440
1.00472	1.99801
1.00534	2.09187
1.00596	1.98749
1.00658	1.87346
1.00720	1.93587
1.00782	1.98272
1.00844	1.94618
1.00906	2.01787
1.00968	2.04153
1.01030	2.01727
1.01092	2.03481
1.01154	1.97581
1.01216	1.87804
1.01278	1.99759
1.01340	1.88248
1.01402	1.92328
1.01464	1.86648
1.01526	1.97774
1.01588	1.98211
1.01650	1.85463
1.01712	1.89774
1.01774	1.93947
1.01836	1.89352
1.01898	1.93989
1.01960	1.98649
1.02030	2.01729
1.02216	2.07642
1.02402	2.08711
1.02588	1.98730
1.02774	2.06673
1.02960	2.03041
1.03146	2.04744
1.03332	1.99136
1.03518	2.07397
1.03704	2.07244
1.03890	2.06192
1.04076	2.10455
1.04262	2.08368
1.04448	2.09996
1.04634	2.08397
1.04820	2.06042
1.05006	2.07122
1.05192	2.06830
1.05378	2.09184
1.05564	2.06554
1.05750	2.09858
1.05936	2.08484
1.06122	2.13461
1.06308	2.10301
1.06494	2.12357
1.06680	2.14356
1.06866	2.11817
1.07052	2.16937
1.07238	2.06290
1.07424	2.09949
1.07610	2.15893
1.07796	2.13772
1.07982	2.14927
1.08168	2.13339
1.08354	2.18197
1.08540	2.13968
1.08726	2.12775
1.08912	2.17369
1.09098	2.16328
1.09284	2.15185
1.09470	2.20993
1.09656	2.16128
1.09842	2.14560
1.10028	2.18414
1.10214	2.23770
1.10400	2.20252
1.10586	2.23968
1.10772	2.18232
1.10958	2.18708
1.11144	2.25459
1.11330	2.26204
1.11516	2.22717
1.11702	2.32047
1.11888	2.26058
1.12074	2.26323
1.12260	2.37217
1.12446	2.25855
1.12632	2.30039
1.12818	2.33901
1.13004	2.25520
1.13190	2.27143
1.13376	2.41974
1.13562	2.39497
1.13748	2.23911
1.13934	2.20926
1.14120	2.24370
1.14306	2.27454
1.14492	2.39973
1.14678	2.37717
1.14864	2.35601
1.15050	2.29050
1.15236	2.33153
1.15422	2.40608
1.15608	2.32358
1.15794	2.33706
1.15980	2.31990
1.16166	2.21510
1.16352	2.20885
1.16538	2.20924
1.16724	2.29831
1.16910	2.26518
1.17096	2.27799
1.17282	2.32469
1.17468	2.34353
1.17654	2.38444
1.17840	2.34816
1.18026	2.31310
1.18212	2.32087
1.18398	2.41390
1.18584	2.31267
1.18770	2.33767
1.18956	2.30215
1.19142	2.35422
1.19328	2.32434
1.19514	2.31649
1.19700	2.34800
1.19886	2.35068
1.20072	2.42656
1.20258	2.37303
1.20444	2.32057
1.20630	2.36601
1.20816	2.39499
1.21002	2.35896
1.21188	2.33224
1.21374	2.43280
1.21560	2.37400
1.21746	2.35977
1.21932	2.45006
1.22118	2.40367
1.22304	2.41277
1.22490	2.38500
1.22676	2.43942
1.22862	2.44782
1.23048	2.41415
1.23234	2.41487
1.23420	2.46295
1.23606	2.44931
1.23792	2.42507
1.23978	2.42963
1.24164	2.39779
1.24350	2.44087
1.24536	2.41944
1.24722	2.42277
1.24908	2.44218
1.25094	2.41946
1.25280	2.42792
1.25466	2.47120
1.25652	2.51288
1.25838	2.54960
1.26024	2.54126
1.26210	2.47630
1.26396	2.40963
1.26582	2.50583
1.26768	2.57870
1.26954	2.69861
1.27140	2.50702
1.27326	2.46408
1.27512	2.49709
1.27698	2.50803
1.27884	2.57110
1.28070	2.55586
1.28256	2.56426
1.28442	2.55207
1.28628	2.51377
1.28814	2.48131
1.29000	2.51551
1.29186	2.48061
1.29372	2.52826
1.29558	2.53206
1.29744	2.47069
1.29930	2.56884
1.30116	2.54685
1.30302	2.57706
1.30488	2.53767
1.30674	2.56710
1.30860	2.61182
1.31046	2.59688
1.31232	2.56669
1.31418	2.59581
1.31604	2.50725
1.31790	2.54660
1.31976	2.54485
1.32162	2.59587
1.32348	2.64067
1.32534	2.59055
1.32720	2.60584
1.32906	2.60548
1.33092	2.68221
1.33278	2.52962
1.33464	2.52968
1.33650	2.59517
1.33836	2.60340
1.34022	2.66064
1.34208	2.59460
1.34394	2.74864
1.34580	2.74572
1.34766	2.80747
1.34952	2.81367
1.45182	3.08928
1.45368	2.67591
1.45554	2.62915
1.45740	2.67389
1.45926	2.75227
1.46112	2.74574
1.46298	2.77595
1.46484	2.72789
1.46670	2.78553
1.46856	2.75911
1.47042	2.92939
1.47228	2.75196
1.47414	2.73128
1.47600	2.72466
1.47786	2.78960
1.47972	2.65769
1.48158	2.55629
1.48344	2.59727
1.48530	2.58865
1.48716	2.47505
1.48902	2.50316
1.49088	2.46653
1.49274	2.47264
1.49460	2.52999
1.49646	2.46806
1.49832	2.45342
1.50018	2.39784
1.50204	2.47654
1.50390	2.30534
1.50576	2.32441
1.50762	2.46495
1.50948	2.43423
1.51134	2.42755
1.51320	2.39076
1.51506	2.40707
1.51692	2.45585
1.51878	2.46194
1.52064	2.43995
1.52250	2.48286
1.52436	2.45328
1.52622	2.47505
1.52808	2.44674
1.52994	2.41923
1.53180	2.44918
1.53366	2.49301
1.53552	2.51045
1.53738	2.49324
1.53924	2.46851
1.54110	2.50740
1.54296	2.41387
1.54482	2.49661
1.54668	2.48690
1.54854	2.54328
1.55040	2.48585
1.55226	2.49972
1.55412	2.56242
1.55598	2.48653
1.55784	2.45753
1.55970	2.38989
1.56156	2.50856
1.56342	2.50173
1.56528	2.61001
1.56714	2.45308
1.56900	2.45045
1.57086	2.52596
1.57272	2.50663
1.57458	2.51065
1.57644	2.50618
1.57830	2.44022
1.58016	2.54101
1.58202	2.50870
1.58388	2.60135
1.58574	2.54253
1.58760	2.54201
1.58946	2.53313
1.59132	2.61650
1.59318	2.62762
1.59504	2.55090
1.59690	2.58819
1.59876	2.64790
1.60062	2.69198
1.60248	2.65718
1.60434	2.66937
1.60620	2.70866
1.60806	2.74695
1.60992	2.66625
1.61178	2.74662
1.61364	2.73695
1.61550	2.67290
1.61736	2.67768
1.61922	2.65497
1.62108	2.71311
1.62294	2.72537
1.62480	2.77999
1.62666	2.72260
1.62852	2.69900
1.63038	2.72434
1.63224	2.65680
1.63410	2.72946
1.63596	2.61130
1.63782	2.60461
1.63968	2.64312
1.64154	2.65356
1.64340	2.60175
1.64526	2.60691
1.64712	2.58479
1.64898	2.53034
1.65084	2.47647
1.65270	2.46009
1.65456	2.48690
1.65642	2.48484
1.65828	2.49670
1.66014	2.48572
1.66200	2.53051
1.66386	2.56209
1.66572	2.55031
1.66758	2.62760
1.66944	2.94156
1.67130	2.64108
1.67316	2.74009
1.67502	2.77737
1.67688	2.77894
1.67874	2.78168
1.68060	2.85238
1.68246	2.84028
1.68432	2.84101
1.68618	2.83621
1.68804	2.80494
1.68990	2.88549
1.69176	2.82360
1.69362	2.83574
1.69548	2.83436
1.69734	2.91211
1.69920	2.89259
1.70106	2.86980
1.70292	2.84576
1.70478	2.92728
1.70664	2.92015
1.70850	2.91064
1.71036	2.82603
1.71222	2.86971
1.71408	2.91646
1.71594	2.91184
1.71780	2.85466
1.71966	2.76375
1.72152	2.78013
1.72338	2.88300
1.72524	2.92095
1.72710	2.88609
1.72896	2.91164
1.73082	2.98328
1.73268	2.82516
1.73454	2.91406
1.73640	3.01864
1.73826	3.00928
1.74012	2.94658
1.74198	3.02317
1.74384	3.08787
1.74570	3.06432
1.74756	2.92338
1.74942	2.92117
1.75128	2.99525
1.75314	2.99394
1.75500	2.96378
1.75686	3.26441
1.75872	2.96449
1.76058	2.94052
1.76244	2.94331
1.76430	3.00832
1.76616	3.14397
1.76802	2.96655
1.76988	2.95570
1.77174	2.91252
1.77360	3.04047
1.77546	2.93436
1.77732	2.94093
1.77918	2.92910
1.78104	2.93215
1.78290	3.00314
1.78476	3.01117
1.78662	3.01809
1.78848	2.97584
1.79034	3.01197
1.79220	3.01711
1.79406	2.95306
1.79592	2.96813
1.79778	2.95929
1.79964	3.61401
1.98006	2.46755
1.98192	2.42259
1.98378	2.43985
1.98564	2.36537
1.98750	2.26518
1.98936	2.45238
1.99122	2.25207
1.99308	2.28675
1.99494	2.25638
1.99680	2.29079
1.99866	2.57941
2.00052	2.62583
2.00238	2.62783
2.00424	2.95325
2.00610	2.36580
2.00796	2.38401
2.00982	2.47722
2.01168	2.37202
2.01354	2.56809
2.01540	2.40889
2.01726	2.54663
2.01912	2.38394
2.02098	2.17629
2.02284	2.30955
2.02470	2.37944
2.02656	2.35321
2.02842	2.25317
2.03028	2.15127
2.03214	2.27147
2.03400	2.19605
2.03586	2.24257
2.03772	2.19926
2.03958	2.41610
2.04144	2.30796
2.04330	2.33438
2.04516	2.20151
2.04702	2.21461
2.04888	2.27887
2.05074	2.23256
2.05260	2.30110
2.05446	2.45581
2.05632	2.25474
2.05818	2.32665
2.06004	2.35840
2.06190	2.30592
2.06376	2.14439
2.06562	2.22957
2.06748	2.53186
2.06934	2.33969
2.07120	2.68557
2.07306	2.07695
2.07492	2.19126
2.07678	2.23405
2.07864	2.18823
2.08050	2.18889
2.08236	2.16466
2.08422	2.39337
2.08608	2.16631
2.08794	2.33725
2.08980	2.60206
2.09166	2.20524
2.09352	2.31878
2.09538	2.38136
2.09724	2.36014
2.09910	2.37844
2.10096	2.47087
2.10282	2.49495
2.10468	2.09651
2.10654	2.69417
2.10840	2.45116
2.11026	2.29678
2.11212	2.49497
2.11398	2.42523
2.11584	2.61555
2.11770	2.61456
2.11956	2.47474
2.12142	2.79838
2.12328	2.68903
2.12514	2.72069
2.12700	2.88266
2.12886	2.76200
2.13072	2.64188
2.13258	2.87318
2.13444	2.62873
2.13630	2.67243
2.13816	2.75911
2.14002	2.71286
2.14188	2.69202
2.14374	2.68171
2.14560	2.51319
2.14746	2.90485
2.14932	2.72068
2.15118	2.85944
2.15304	2.95077
2.15490	2.63785
2.15676	2.66194
2.15862	2.82696
2.16048	2.77225
2.16234	3.11759
2.16420	2.68256
2.16606	3.00550
2.16792	2.87900
2.16978	2.86964
2.17164	2.75302
2.17350	2.96199
2.17536	2.73111
2.17722	3.17044
2.17908	3.02490
2.18094	2.82718
2.18280	2.72784
2.18466	2.87444
2.18652	2.88257
2.18838	2.66080
2.19024	2.93345
2.19210	2.79050
2.19396	3.13888
2.19582	2.71918
2.19768	3.13022
2.19954	2.73586
2.20140	2.84203
2.20326	2.70621
2.20512	2.66284
2.20698	2.96078
2.20884	2.77269
2.21070	2.60020
2.21256	2.75113
2.21442	3.01047
2.21628	2.75999
2.21814	3.08840
2.22000	2.71305
2.22186	2.99033
2.22372	2.62786
2.22558	2.72228
2.22744	3.23457
2.22930	2.62328
2.23116	2.27495
2.23302	3.32724
2.23488	2.44741
2.23674	2.28415
2.23860	2.50263
2.24046	2.56600
2.24232	2.75354
2.24418	2.57127
2.24604	2.93995
2.24790	2.51324
2.24976	3.14442
2.25162	2.37009
2.25348	2.42684
2.25534	2.84283
2.25720	2.54683
2.25906	2.96039
2.26092	2.40519
2.26278	3.13734
2.26464	3.00689
2.26650	3.07913
2.26836	2.80335
2.27022	2.90379
2.27208	3.99784
2.27394	2.65518
2.27580	2.26627
2.27766	2.69935
2.27952	3.05583
2.28138	2.06892
2.28324	2.31100
2.28510	2.20953
2.28696	1.89768
2.28882	2.63263
2.29068	2.51712
2.29254	1.75651
2.29440	2.42114
2.29626	1.38861
2.29812	2.10763
2.29998	2.80195
2.30184	2.68717
2.30370	1.88969
2.30556	1.84656
2.30742	2.09935
2.30928	2.18154
2.31114	1.97539
2.31300	2.15374
2.31486	1.73198
2.31672	1.75185
2.31858	1.98657
2.32044	2.31785
2.32230	2.05067
2.32416	2.26502
2.32602	1.85065
2.32788	1.86589
2.32974	1.75761
2.33160	2.08836
2.33346	2.11329
2.33532	1.93770
2.33718	1.11239
2.33904	1.77666
2.34090	2.13437
2.34276	2.06476
2.34462	1.27100
2.34648	1.54067
2.34834	1.72090
2.35020	2.16354
2.35206	2.27897
2.35392	1.75129
2.35578	1.90620
2.35764	1.18779
2.35950	2.26197
2.36136	1.44594
2.36322	1.63224
2.36508	1.50399
2.36694	1.68017
2.36880	1.71337
2.37066	1.26894
2.37252	1.88581
2.37438	2.09408
2.37624	1.48930
2.37810	1.87850
2.37996	0.919920
2.38182	0.542820
2.38368	0.364760
2.38554	1.17387
2.38740	1.86829
2.38926	1.97326
2.39112	2.08527
2.39298	1.55796
2.39484	1.59679
2.39670	0.872420
2.39856	1.75079
