0.300040	1.18279
0.300660	0.00000
0.301280	0.00000
0.301900	0.00000
0.302520	1.00041
0.303140	0.00000
0.303760	2.85662
0.304380	0.00000
0.305000	0.00000
0.305620	0.202930
0.306240	0.00000
0.306860	0.071270
0.307480	0.178160
0.308100	0.660040
0.308720	0.132050
0.309340	0.078230
0.309960	0.00000
0.310580	0.295480
0.311200	0.410690
0.311820	0.286000
0.312440	0.306510
0.313060	0.139300
0.313680	0.508490
0.314300	0.080590
0.314920	0.249600
0.315540	0.416750
0.316160	0.500890
0.316780	0.205620
0.317400	0.237440
0.318020	0.00000
0.318640	0.532560
0.319260	0.494010
0.319880	0.293730
0.320500	0.080190
0.321120	0.174850
0.321740	0.332140
0.322360	0.480900
0.322980	0.410540
0.323600	0.475650
0.324220	0.289610
0.324840	0.302070
0.325460	0.350120
0.326080	0.439680
0.326700	0.458800
0.327320	0.363120
0.327940	0.510090
0.328560	0.327430
0.329180	0.493230
0.329800	0.533280
0.330420	0.366200
0.331040	0.424210
0.331660	0.380410
0.332280	0.394360
0.332900	0.384770
0.333520	0.384440
0.334140	0.524060
0.334760	0.372350
0.335380	0.427300
0.336000	0.432180
0.336620	0.448530
0.337240	0.420760
0.337860	0.423810
0.338480	0.392910
0.339100	0.470300
0.339720	0.442640
0.340340	0.480180
0.340960	0.421290
0.341580	0.408560
0.342200	0.376410
0.342820	0.364070
0.343440	0.392950
0.344060	0.504050
0.344680	0.411200
0.345300	0.548640
0.345920	0.414920
0.346540	0.474590
0.347160	0.424110
0.347780	0.406110
0.348400	0.503290
0.349020	0.402910
0.349640	0.378600
0.350260	0.420800
0.350880	0.381650
0.351500	0.437150
0.352120	0.455770
0.352740	0.458580
0.353360	0.462860
0.353980	0.453120
0.354600	0.462410
0.355220	0.474710
0.355840	0.448780
0.356460	0.418420
0.357080	0.371120
0.357700	0.418830
0.358320	0.395610
0.358940	0.409580
0.359560	0.494880
0.360180	0.484490
0.360800	0.506530
0.361420	0.467450
0.362040	0.432230
0.362660	0.479630
0.363280	0.410250
0.363900	0.492190
0.364520	0.465100
0.365140	0.548890
0.365760	0.534030
0.366380	0.490970
0.367000	0.511460
0.367620	0.530700
0.368240	0.483800
0.368860	0.519940
0.369480	0.517230
0.370100	0.504780
0.370720	0.422370
0.371340	0.524010
0.371960	0.442620
0.372580	0.475700
0.373200	0.454150
0.373820	0.436950
0.374440	0.418000
0.375060	0.455430
0.375680	0.450530
0.376300	0.454600
0.376920	0.487730
0.377540	0.511990
0.378160	0.486110
0.378780	0.433120
0.379400	0.511050
0.380020	0.461800
0.380640	0.479480
0.381260	0.427260
0.381880	0.373910
0.382500	0.358670
0.383120	0.413400
0.383740	0.409090
0.384360	0.422080
0.384980	0.396120
0.385600	0.385270
0.386220	0.374180
0.386840	0.332390
0.387460	0.409190
0.388080	0.359470
0.388700	0.488440
0.389320	0.516920
0.389940	0.491770
0.390560	0.454070
0.391180	0.477570
0.391800	0.500800
0.392420	0.478550
0.393040	0.447240
0.393660	0.506910
0.394280	0.460050
0.394900	0.488610
0.395520	0.503660
0.396140	0.494950
0.396760	0.537930
0.397380	0.501620
0.398000	0.536830
0.398620	0.527030
0.399240	0.525590
0.399860	0.516670
0.400480	0.525060
0.401100	0.535580
0.401720	0.552690
0.402340	0.539880
0.402960	0.537560
0.403580	0.531520
0.404200	0.552950
0.404820	0.535970
0.405440	0.559390
0.406060	0.517360
0.406680	0.540650
0.407300	0.536370
0.407920	0.545560
0.408540	0.568890
0.409160	0.569600
0.409780	0.579030
0.410400	0.602060
0.411020	0.567010
0.411640	0.572830
0.412260	0.587220
0.412880	0.562780
0.413500	0.542540
0.414120	0.562530
0.414740	0.544670
0.415360	0.555350
0.415980	0.563470
0.416600	0.556410
0.417220	0.548850
0.417840	0.564460
0.418460	0.546540
0.419080	0.550540
0.419700	0.536230
0.420320	0.544180
0.420940	0.570430
0.421560	0.557930
0.422180	0.581550
0.422800	0.536400
0.423420	0.567720
0.424040	0.584330
0.424660	0.605650
0.425280	0.558410
0.425900	0.564250
0.426520	0.570400
0.427140	0.522150
0.427760	0.569320
0.428380	0.561150
0.429000	0.546250
0.429620	0.572710
0.430240	0.512870
0.430860	0.489330
0.431480	0.598300
0.432100	0.605990
0.432720	0.568610
0.433340	0.628790
0.433960	0.646640
0.434580	0.640090
0.435200	0.613730
0.435820	0.603040
0.436440	0.624540
0.437060	0.598170
0.437680	0.592060
0.438300	0.558180
0.438920	0.596740
0.439540	0.599920
0.440160	0.603950
0.440780	0.597600
0.441400	0.629200
0.442020	0.629470
0.442640	0.630140
0.443260	0.627550
0.443880	0.635170
0.444500	0.634180
0.445120	0.641560
0.445740	0.633850
0.446360	0.630720
0.446980	0.655500
0.447600	0.663490
0.448220	0.665020
0.448840	0.658720
0.449460	0.642480
0.450080	0.663960
0.450700	0.686440
0.451320	0.671800
0.451940	0.688460
0.452560	0.638380
0.453180	0.640210
0.453800	0.656660
0.454420	0.656030
0.455040	0.673380
0.455660	0.682110
0.456280	0.672960
0.456900	0.657680
0.457520	0.680590
0.458140	0.664390
0.458760	0.671770
0.459380	0.665510
0.460000	0.672780
0.460620	0.684960
0.461240	0.679990
0.461860	0.683010
0.462480	0.685080
0.463100	0.681910
0.463720	0.675690
0.464340	0.679990
0.464960	0.666840
0.465580	0.685050
0.466200	0.677780
0.466820	0.660370
0.467440	0.675390
0.468060	0.671730
0.468680	0.671920
0.469300	0.679160
0.469920	0.686620
0.470540	0.677180
0.471160	0.683190
0.471780	0.692910
0.472400	0.702540
0.473020	0.679190
0.473640	0.689570
0.474260	0.708980
0.474880	0.708340
0.475500	0.684150
0.476120	0.715300
0.476740	0.693670
0.477360	0.715160
0.477980	0.728850
0.478600	0.720730
0.479220	0.712690
0.479840	0.734320
0.480460	0.726940
0.481080	0.718870
0.481700	0.727220
0.482320	0.717120
0.482940	0.722290
0.483560	0.730150
0.484180	0.717140
0.484800	0.730280
0.485420	0.735380
0.486040	0.772490
0.486660	0.749520
0.487280	0.718030
0.487900	0.740120
0.488520	0.733110
0.489140	0.722730
0.489760	0.747660
0.490380	0.744680
0.491000	0.736190
0.491620	0.733610
0.492240	0.711610
0.492860	0.731190
0.493480	0.729890
0.494100	0.734200
0.494720	0.750210
0.495340	0.753750
0.495960	0.732300
0.496580	0.743320
0.497200	0.751430
0.497820	0.749560
0.498440	0.727650
0.499060	0.748520
0.499680	0.762870
0.500300	0.733770
0.500920	0.746670
0.501540	0.730660
0.502160	0.740390
0.502780	0.754720
0.503400	0.760100
0.504020	0.753120
0.504640	0.753080
0.505260	0.762690
0.505880	0.747770
0.506500	0.756940
0.507120	0.756590
0.507740	0.746120
0.508360	0.731500
0.508980	0.767530
0.509600	0.765270
0.510220	0.777130
0.510840	0.744000
0.511460	0.765760
0.512080	0.775450
0.512700	0.766040
0.513320	0.760590
0.513940	0.755840
0.514560	0.750800
0.515180	0.765030
0.515800	0.780180
0.516420	0.745600
0.517040	0.680550
0.517660	0.757880
0.518280	0.727630
0.518900	0.783910
0.519520	0.780890
0.520140	0.793310
0.520760	0.781200
0.521380	0.796700
0.522000	0.779140
0.522620	0.764420
0.523240	0.789330
0.523860	0.800450
0.524480	0.814260
0.525100	0.803850
0.525720	0.800590
0.526340	0.771660
0.526960	0.782360
0.527580	0.795490
0.528200	0.797120
0.528820	0.828110
0.529440	0.815890
0.530060	0.792400
0.530680	0.825940
0.531300	0.811880
0.531920	0.813860
0.532540	0.805240
0.533160	0.807230
0.533780	0.823900
0.534400	0.818950
0.535020	0.833470
0.535640	0.829280
0.536260	0.823170
0.536880	0.815380
0.537500	0.837400
0.538120	0.848670
0.538740	0.841040
0.539360	0.812440
0.539980	0.822340
0.540600	0.815390
0.541220	0.817380
0.541840	0.834000
0.542460	0.848130
0.543080	0.826180
0.543700	0.831980
0.544320	0.851770
0.544940	0.858430
0.545560	0.851000
0.546180	0.840540
0.546800	0.841740
0.547420	0.823930
0.548040	0.841570
0.548660	0.856670
0.549280	0.843480
0.549900	0.848390
0.550520	0.880350
0.551140	0.873940
0.551760	0.853810
0.552380	0.865070
0.553000	0.864160
0.553620	0.874880
0.554240	0.872780
0.554860	0.887600
0.555480	0.882850
0.556100	0.857760
0.556720	0.861500
0.557340	0.877100
0.557960	0.849310
0.558580	0.869310
0.559200	0.864820
0.559820	0.892570
0.560440	0.881900
0.561060	0.894440
0.561680	0.867950
0.562300	0.825140
0.562920	0.914690
0.563540	0.892770
0.564160	0.874840
0.564780	0.831520
0.565400	0.872740
0.566020	0.770160
0.566640	1.19452
0.567260	0.699330
0.567880	0.939060
0.568500	1.17449
0.569120	0.742980
0.569740	0.914550
0.570100	0.920400
0.570720	0.935110
0.571340	0.926480
0.571960	0.934240
0.572580	0.895300
0.573200	0.924340
0.573820	0.921240
0.574440	0.939620
0.575060	0.916010
0.575680	0.925980
0.576300	0.930020
0.576920	0.974130
0.577540	0.953200
0.578160	0.937920
0.578780	0.933310
0.579400	0.957400
0.580020	0.936390
0.580640	0.940840
0.581260	0.961460
0.581880	0.960910
0.582500	0.964850
0.583120	0.964290
0.583740	0.965420
0.584360	0.980650
0.584980	0.978390
0.585600	0.964540
0.586220	0.962770
0.586840	0.967320
0.587460	0.964890
0.588080	0.950900
0.588700	0.951540
0.589320	0.955330
0.589940	0.975810
0.590560	0.953930
0.591180	0.982320
0.591800	1.00052
0.592420	0.985540
0.593040	0.969130
0.593660	0.998070
0.594280	0.992130
0.594900	0.962470
0.595520	0.995850
0.596140	0.981670
0.596760	0.987490
0.597380	1.00585
0.598000	0.983870
0.598620	0.992270
0.599240	0.990400
0.599860	1.02309
0.600480	1.01052
0.601100	1.00900
0.601720	0.995900
0.602340	0.982130
0.602960	1.00403
0.603580	1.01477
0.604200	1.00308
0.604820	1.01569
0.605440	1.01949
0.606060	1.02056
0.606680	1.03831
0.607300	1.02667
0.607920	1.02786
0.608540	1.01673
0.609160	1.01616
0.609780	1.02462
0.610400	1.02354
0.611020	1.04540
0.611640	1.03868
0.612260	1.05426
0.612880	1.04228
0.613500	1.01444
0.614120	1.03505
0.614740	1.01956
0.615360	1.03406
0.615980	1.02813
0.616600	1.01901
0.617220	1.03421
0.617840	1.05149
0.618460	1.02294
0.619080	1.04443
0.619700	1.07765
0.620320	1.06320
0.620940	1.06846
0.621560	1.03122
0.622180	1.06139
0.622800	1.06905
0.623420	1.05657
0.624040	1.06644
0.624660	1.03034
0.625280	1.02678
0.625900	1.06391
0.626520	1.08352
0.627140	1.08356
0.627760	1.08469
0.628380	1.09861
0.629000	1.09707
0.629620	1.10001
0.630240	1.05958
0.630860	1.06988
0.631480	1.07840
0.632100	1.09584
0.632720	1.08499
0.633340	1.09930
0.633960	1.08040
0.634580	1.09821
0.635200	1.10358
0.635820	1.07638
0.636440	1.09390
0.637060	1.11483
0.637680	1.10993
0.638300	1.12903
0.638920	1.09444
0.639540	1.09258
0.640160	1.09915
0.640780	1.09850
0.641400	1.10923
0.642020	1.11409
0.642640	1.11538
0.643260	1.14879
0.643880	1.09978
0.644500	1.14397
0.645120	1.10998
0.645740	1.12923
0.646360	1.10681
0.646980	1.15191
0.647600	1.15436
0.648220	1.12849
0.648840	1.13386
0.649460	1.09115
0.650080	1.16657
0.650700	1.13967
0.651320	1.16345
0.651940	1.15792
0.652560	1.16313
0.653180	1.14652
0.653800	1.17589
0.654420	1.14447
0.655040	1.16479
0.655660	1.17152
0.656280	1.18073
0.656900	1.23377
0.657520	1.18780
0.658140	1.18338
0.658760	1.17859
0.659380	1.16102
0.660000	1.14612
0.660620	1.16397
0.661240	1.18075
0.661860	1.17739
0.662480	1.16214
0.663100	1.18290
0.663720	1.15926
0.664340	1.20649
0.664960	1.17238
0.665580	1.18004
0.666200	1.14372
0.666820	1.18195
0.667440	1.19662
0.668060	1.17466
0.668680	1.20952
0.669300	1.15961
0.669920	1.20171
0.670540	1.20062
0.671160	1.18653
0.671780	1.17344
0.672400	1.20783
0.673020	1.18859
0.673640	1.20810
0.674260	1.19161
0.674880	1.19737
0.675500	1.20033
0.676120	1.20290
0.676740	1.18665
0.677360	1.19241
0.677980	1.19782
0.678600	1.19717
0.679220	1.22013
0.679840	1.20255
0.680460	1.20555
0.681080	1.23051
0.681700	1.22406
0.682320	1.20983
0.682940	1.21157
0.683560	1.24542
0.684180	1.19995
0.684800	1.23767
0.685420	1.21492
0.686040	1.22812
0.686660	1.27060
0.687280	1.24257
0.687900	1.23657
0.688520	1.24918
0.689140	1.26199
0.689760	1.25560
0.690380	1.25090
0.691000	1.23936
0.691620	1.23111
0.692240	1.25428
0.692860	1.26292
0.693480	1.26628
0.694100	1.26458
0.694720	1.24576
0.695340	1.26177
0.695960	1.24372
0.696580	1.25956
0.697200	1.25416
0.697820	1.26519
0.698440	1.26421
0.699060	1.25834
0.699680	1.25596
0.700300	1.25635
0.700920	1.26387
0.701540	1.27736
0.702160	1.28172
0.702780	1.25658
0.703400	1.25873
0.704020	1.28280
0.704640	1.28281
0.705260	1.26799
0.705880	1.27866
0.706500	1.30016
0.707120	1.27589
0.707740	1.30589
0.708360	1.27003
0.708980	1.29332
0.709600	1.28470
0.710220	1.29430
0.710840	1.28341
0.711460	1.29653
0.712080	1.28329
0.712700	1.29555
0.713320	1.29987
0.713940	1.30476
0.714560	1.29561
0.715180	1.29066
0.715800	1.30555
0.716420	1.33040
0.717040	1.32149
0.717660	1.31663
0.718280	1.32399
0.718900	1.33855
0.719520	1.31289
0.720140	1.30657
0.720760	1.29391
0.721380	1.31507
0.722000	1.31127
0.722620	1.33449
0.723240	1.34738
0.723860	1.31114
0.724480	1.30562
0.725100	1.31182
0.725720	1.31755
0.726340	1.34522
0.726960	1.35860
0.727580	1.32061
0.728200	1.33302
0.728820	1.32482
0.729440	1.32143
0.730060	1.33892
0.730680	1.34087
0.731300	1.36035
0.731920	1.35769
0.732540	1.37946
0.733160	1.37022
0.733780	1.36617
0.734400	1.36925
0.735020	1.37267
0.735640	1.39761
0.736260	1.36386
0.736880	1.39733
0.737500	1.36266
0.738120	1.38068
0.738740	1.33338
0.739360	1.36254
0.739980	1.39872
0.740600	1.40712
0.741220	1.36225
0.741840	1.37420
0.742460	1.40050
0.743080	1.38511
0.743700	1.38327
0.744320	1.38220
0.744940	1.40040
0.745560	1.39862
0.746180	1.37718
0.746800	1.41411
0.747420	1.40713
0.748040	1.40419
0.748660	1.40711
0.749280	1.38787
0.749900	1.39790
0.750520	1.39066
0.751140	1.40362
0.751760	1.42799
0.752380	1.41675
0.753000	1.41280
0.753620	1.42165
0.754240	1.42628
0.754860	1.41109
0.755480	1.40658
0.756100	1.43564
0.756720	1.42953
0.757340	1.44971
0.757960	1.45564
0.758580	1.44973
0.759200	1.42286
0.759820	1.56239
0.760440	1.60414
0.761060	1.59086
0.761680	1.44546
0.762300	1.58483
0.762920	1.59397
0.763540	1.44417
0.764160	1.51283
0.764780	1.50439
0.765400	1.44882
0.766020	1.42138
0.766640	1.50808
0.767260	1.48800
0.767880	1.47688
0.768500	1.48365
0.769120	1.45543
0.769740	1.47433
0.770360	1.48556
0.770980	1.46609
0.771600	1.45710
0.772220	1.47654
0.772840	1.47372
0.773460	1.46719
0.774080	1.46460
0.774700	1.46522
0.775320	1.51270
0.775940	1.48793
0.776560	1.50509
0.777180	1.46720
0.777800	1.48104
0.778420	1.47170
0.779040	1.50584
0.779660	1.49390
0.780280	1.49142
0.780900	1.49280
0.781520	1.51337
0.782140	1.48695
0.782760	1.49251
0.783380	1.49877
0.784000	1.53025
0.784620	1.51041
0.785240	1.51189
0.785860	1.48639
0.786480	1.53314
0.787100	1.51200
0.787720	1.51438
0.788340	1.49486
0.788960	1.52593
0.789580	1.53302
0.790200	1.52010
0.790820	1.56059
0.791440	1.50741
0.792060	1.52427
0.792680	1.50499
0.793300	1.50670
0.793920	1.50205
0.794540	1.50935
0.795160	1.55327
0.795780	1.52934
0.796400	1.50140
0.797020	1.51280
0.797640	1.56007
0.798260	1.55539
0.798880	1.52295
0.799500	1.51536
0.800120	1.54136
0.800740	1.55819
0.801360	1.54007
0.801980	1.54714
0.802600	1.53147
0.803220	1.55958
0.803840	1.55867
0.804460	1.54796
0.805080	1.55180
0.805700	1.56970
0.806320	1.58536
0.806940	1.54067
0.807560	1.56181
0.808180	1.54891
0.808800	1.53019
0.809420	1.55797
0.810040	1.57209
0.810660	1.56289
0.811280	1.58281
0.811900	1.55682
0.812520	1.57165
0.813140	1.59015
0.813760	1.58100
0.814380	1.56613
0.815000	1.58761
0.815620	1.57844
0.816240	1.58333
0.816860	1.58171
0.817480	1.58418
0.818100	1.54919
0.818720	1.59313
0.819340	1.58791
0.819960	1.56541
0.820580	1.57667
0.821200	1.59001
0.821820	1.57923
0.822440	1.62525
0.823060	1.64266
0.823680	1.60151
0.824300	1.61372
0.824920	1.61684
0.825540	1.61244
0.826160	1.60923
0.826780	1.61706
0.827400	1.61112
0.828020	1.63694
0.828640	1.64465
0.829260	1.60412
0.829880	1.62968
0.830500	1.61084
0.831120	1.62751
0.831740	1.62879
0.832360	1.61063
0.832980	1.60210
0.833600	1.62932
0.834220	1.64841
0.834840	1.63066
0.835460	1.64231
0.836080	1.63542
0.836700	1.66547
0.837320	1.63072
0.837940	1.62446
0.838560	1.62867
0.839180	1.62558
0.839800	1.64147
0.840420	1.64519
0.841040	1.63486
0.841660	1.62887
0.842280	1.66538
0.842900	1.62218
0.843520	1.66148
0.844140	1.65832
0.844760	1.64336
0.845380	1.66026
0.846000	1.66593
0.846620	1.67771
0.847240	1.67929
0.847860	1.66763
0.848480	1.66632
0.849100	1.66636
0.849720	1.55395
0.850340	1.68052
0.850960	1.66791
0.851580	1.66360
0.852200	1.66861
0.852820	1.65514
0.853440	1.66736
0.854060	1.52409
0.854680	1.80805
0.855300	1.67493
0.855920	1.66670
0.856540	1.68781
0.857160	1.69615
0.857780	1.69822
0.858400	1.69375
0.859020	1.69756
0.859640	1.67770
0.860260	1.70422
0.860880	1.68886
0.861500	1.68492
0.862120	1.70900
0.862740	1.72233
0.863360	1.71349
0.863980	1.71973
0.864600	1.68090
0.865220	1.72770
0.865840	1.64951
0.866460	1.66842
0.867080	1.72329
0.867700	1.69961
0.868320	1.70691
0.868940	1.69777
0.869560	1.70965
0.870180	1.70635
0.870800	1.72795
0.871420	1.70936
0.872040	1.73195
0.872660	1.70294
0.873280	1.73443
0.873900	1.65654
0.874520	1.71659
0.875140	1.77696
0.875760	1.71611
0.876380	1.70999
0.877000	1.73699
0.877620	1.70653
0.878240	1.73332
0.878860	1.73752
0.879480	1.74062
0.880100	1.74318
0.880720	1.66341
0.881340	1.76418
0.881960	1.73995
0.882580	1.68796
0.883200	1.75529
0.883820	1.75176
0.884440	1.74225
0.885060	1.78123
0.885680	1.75118
0.886300	1.77307
0.886920	1.78783
0.887540	1.76000
0.888160	1.75021
0.888780	1.74307
0.889400	1.73979
0.890020	1.75431
0.890640	1.73902
0.891260	1.77165
0.891880	1.76769
0.892500	1.74531
0.893120	1.81234
0.893740	1.75434
0.894360	1.78908
0.894980	1.76491
0.895600	1.74690
0.896220	1.78264
0.896840	1.78398
0.897460	1.79243
0.898080	1.78791
0.898700	1.77860
0.899320	1.77908
0.899940	1.78174
0.900560	1.81534
0.901180	1.79554
0.901800	1.79453
0.902420	1.81519
0.903040	1.78708
0.903660	1.81346
0.904280	1.81629
0.904900	1.78559
0.905520	1.82594
0.906140	1.80302
0.906760	1.82128
0.907380	1.83315
0.908000	1.81163
0.908620	1.79172
0.909240	1.83792
0.909860	1.79321
0.910480	1.82550
0.911100	1.77798
0.911720	1.83046
0.912340	1.83813
0.912960	1.81142
0.913580	1.84515
0.914200	1.83574
0.914820	1.82289
0.915440	1.85187
0.916060	1.83338
0.916680	1.81501
0.917300	1.84546
0.917920	1.85910
0.918540	1.83251
0.919160	1.81540
0.919780	1.84135
0.920400	1.84506
0.921020	1.83660
0.921640	1.84425
0.922260	1.86993
0.922880	1.87135
0.923500	1.87790
0.924120	1.85135
0.924740	1.82575
0.925360	1.83348
0.925980	1.84853
0.926600	1.86250
0.927220	1.83579
0.927840	1.90117
0.928460	1.86379
0.929080	1.82861
0.929700	1.86342
0.930320	1.86026
0.930940	1.86929
0.931560	1.89765
0.932180	1.92258
0.932800	1.88757
0.933420	1.89765
0.934040	1.91961
0.934660	1.92015
0.935280	1.87101
0.935900	1.83933
0.936520	1.90228
0.937140	1.93378
0.937760	1.97876
0.938380	1.91714
0.939000	1.87859
0.939620	1.91758
0.940240	1.87914
0.940860	1.90023
0.941480	1.81596
0.942100	1.84661
0.942720	2.00317
0.943340	1.89322
0.943960	1.91436
0.944580	1.87083
0.945200	1.92526
0.945820	1.84369
0.946440	1.86853
0.947060	1.91418
0.947680	1.87835
0.948300	1.97400
0.948920	1.91493
0.949540	1.98683
0.950160	1.89887
0.950780	1.91058
0.951400	1.93790
0.952020	1.91272
0.952640	1.93829
0.953260	1.95896
0.953880	1.95600
0.954500	1.94097
0.955120	2.01995
0.955740	1.93855
0.956360	1.98723
0.956980	1.89047
0.957600	1.95384
0.958220	1.95390
0.958840	1.92990
0.959460	1.93261
0.960080	1.92709
0.960700	1.92887
0.961320	1.92106
0.961940	1.94703
0.962560	1.94117
0.963180	1.95796
0.963800	1.97315
0.964420	1.94398
0.965040	1.91964
0.965660	1.90722
0.966280	1.95648
0.966900	1.94831
0.967520	1.90970
0.968140	1.93541
0.968760	1.93487
0.969380	1.95291
0.970000	1.95564
0.970620	1.93090
0.971240	1.95146
0.971860	1.92082
0.972480	1.96139
0.973100	1.94455
0.973720	1.88944
0.974340	1.89212
0.974960	2.00115
0.975580	1.96314
0.976200	1.93777
0.976820	1.97778
0.977440	1.95404
0.978060	1.91905
0.978680	1.99772
0.979300	1.90198
0.979920	2.02641
0.980540	1.95618
0.981160	2.02307
0.981780	2.07976
0.982400	1.91583
0.983020	1.97374
0.983640	1.84288
0.984260	1.93083
0.984880	2.01462
0.985500	1.98348
0.986120	1.99202
0.986740	2.00619
0.987360	1.92260
0.987980	1.94764
0.988600	1.98625
0.989220	1.81623
0.989840	2.00766
0.990460	2.01282
0.991080	1.94371
0.991700	1.92062
0.992320	1.97430
0.992940	1.97646
0.993560	1.95430
0.994180	2.08017
0.994800	1.95552
0.995420	1.98178
0.996040	2.03296
0.996660	1.94877
0.997280	1.90328
0.997900	1.98100
0.998520	1.92437
0.999140	2.00452
0.999760	2.02584
1.00038	1.95369
1.00100	1.91262
1.00162	1.86310
1.00224	2.03680
1.00286	2.03097
1.00348	1.99117
1.00410	1.96570
1.00472	2.05734
1.00534	2.12216
1.00596	1.89829
1.00658	1.95222
1.00720	2.07189
1.00782	2.05513
1.00844	2.07901
1.00906	1.95529
1.00968	2.06368
1.01030	2.07418
1.01092	1.99247
1.01154	2.02084
1.01216	1.98316
1.01278	2.08018
1.01340	1.99319
1.01402	2.13931
1.01464	2.06585
1.01526	1.95497
1.01588	2.17162
1.01650	2.13253
1.01712	1.91208
1.01774	1.94398
1.01836	2.04922
1.01898	1.88344
1.01960	2.15552
1.02030	2.08218
1.02216	2.08186
1.02402	2.07669
1.02588	2.12481
1.02774	2.04389
1.02960	2.10852
1.03146	2.16652
1.03332	2.14500
1.03518	2.11063
1.03704	2.08271
1.03890	2.13147
1.04076	2.09552
1.04262	2.11162
1.04448	2.11139
1.04634	2.15561
1.04820	2.16185
1.05006	2.12733
1.05192	2.14352
1.05378	2.13549
1.05564	2.14926
1.05750	2.15391
1.05936	2.16850
1.06122	2.16872
1.06308	2.17030
1.06494	2.22837
1.06680	2.18742
1.06866	2.21030
1.07052	2.26536
1.07238	2.17122
1.07424	2.17946
1.07610	2.18259
1.07796	2.17017
1.07982	2.23661
1.08168	2.21945
1.08354	2.14910
1.08540	2.18803
1.08726	2.18591
1.08912	2.16185
1.09098	2.23015
1.09284	2.20863
1.09470	2.34355
1.09656	2.25194
1.09842	2.26621
1.10028	2.21478
1.10214	2.22850
1.10400	2.28393
1.10586	2.24143
1.10772	2.24969
1.10958	2.27405
1.11144	2.29698
1.11330	2.28853
1.11516	2.28754
1.11702	2.21334
1.11888	2.41195
1.12074	2.24458
1.12260	2.33206
1.12446	2.26643
1.12632	2.31017
1.12818	2.31608
1.13004	2.28524
1.13190	2.27824
1.13376	2.26022
1.13562	2.24107
1.13748	2.33698
1.13934	2.22286
1.14120	2.24846
1.14306	2.33685
1.14492	2.35217
1.14678	2.28738
1.14864	2.28477
1.15050	2.32941
1.15236	2.32730
1.15422	2.36944
1.15608	2.35718
1.15794	2.29168
1.15980	2.34657
1.16166	2.29916
1.16352	2.27698
1.16538	2.29400
1.16724	2.33298
1.16910	2.32292
1.17096	2.33896
1.17282	2.33229
1.17468	2.35031
1.17654	2.40467
1.17840	2.41734
1.18026	2.40870
1.18212	2.39696
1.18398	2.39335
1.18584	2.39208
1.18770	2.33020
1.18956	2.06056
1.19142	2.36269
1.19328	2.38567
1.19514	2.42715
1.19700	2.46255
1.19886	2.37602
1.20072	2.42889
1.20258	2.42462
1.20444	2.41952
1.20630	2.42181
1.20816	2.45291
1.21002	2.34133
1.21188	2.47034
1.21374	2.43020
1.21560	2.41781
1.21746	2.43526
1.21932	2.44855
1.22118	2.44769
1.22304	2.50312
1.22490	2.43543
1.22676	2.48662
1.22862	2.42516
1.23048	2.48293
1.23234	2.45599
1.23420	2.49546
1.23606	2.48002
1.23792	2.48103
1.23978	2.51503
1.24164	2.44753
1.24350	2.47324
1.24536	2.49723
1.24722	2.47189
1.24908	2.51834
1.25094	2.51218
1.25280	2.47964
1.25466	2.51796
1.25652	2.54475
1.25838	2.54085
1.26024	2.55919
1.26210	2.54058
1.26396	2.50804
1.26582	2.54462
1.26768	2.67700
1.26954	2.51565
1.27140	2.49035
1.27326	2.54305
1.27512	2.54189
1.27698	2.51826
1.27884	2.52353
1.28070	2.51333
1.28256	2.61363
1.28442	2.56985
1.28628	2.50674
1.28814	2.54142
1.29000	2.53327
1.29186	2.50681
1.29372	2.54239
1.29558	2.57297
1.29744	2.53283
1.29930	2.60923
1.30116	2.56091
1.30302	2.56521
1.30488	2.61041
1.30674	2.56269
1.30860	2.56409
1.31046	2.60355
1.31232	2.61037
1.31418	2.56491
1.31604	2.58830
1.31790	2.57772
1.31976	2.57211
1.32162	2.60294
1.32348	2.59506
1.32534	2.64319
1.32720	2.62300
1.32906	2.58112
1.33092	2.61320
1.33278	2.62850
1.33464	2.51964
1.33650	2.59080
1.33836	2.56879
1.34022	2.62145
1.34208	2.57965
1.34394	2.66538
1.34580	2.66229
1.34766	2.70043
1.34952	2.76658
1.45182	2.70680
1.45368	2.67195
1.45554	2.67577
1.45740	2.62584
1.45926	2.56363
1.46112	2.66075
1.46298	2.65012
1.46484	2.57302
1.46670	2.58328
1.46856	2.70124
1.47042	2.70070
1.47228	2.65257
1.47414	2.59063
1.47600	2.55383
1.47786	2.58677
1.47972	2.51678
1.48158	2.49881
1.48344	2.52281
1.48530	2.49972
1.48716	2.43593
1.48902	2.45777
1.49088	2.45351
1.49274	2.46420
1.49460	2.42399
1.49646	2.40860
1.49832	2.37847
1.50018	2.44285
1.50204	2.39951
1.50390	2.31433
1.50576	2.28047
1.50762	2.31613
1.50948	2.35314
1.51134	2.39283
1.51320	2.38175
1.51506	2.38611
1.51692	2.38429
1.51878	2.42700
1.52064	2.44082
1.52250	2.41813
1.52436	2.44165
1.52622	2.42107
1.52808	2.41540
1.52994	2.46471
1.53180	2.44088
1.53366	2.43705
1.53552	2.46307
1.53738	2.49687
1.53924	2.40766
1.54110	2.45966
1.54296	2.52641
1.54482	2.49272
1.54668	2.48220
1.54854	2.47574
1.55040	2.49428
1.55226	2.48304
1.55412	2.38326
1.55598	2.50493
1.55784	2.49263
1.55970	2.50701
1.56156	2.48703
1.56342	2.44412
1.56528	2.41733
1.56714	2.47597
1.56900	2.46984
1.57086	2.51920
1.57272	2.53660
1.57458	2.43156
1.57644	2.32943
1.57830	2.53595
1.58016	2.54041
1.58202	2.49389
1.58388	2.54696
1.58574	2.53898
1.58760	2.54964
1.58946	2.57018
1.59132	2.60334
1.59318	2.64504
1.59504	2.65121
1.59690	2.53026
1.59876	2.60440
1.60062	2.65012
1.60248	2.76814
1.60434	2.65904
1.60620	2.74963
1.60806	2.77234
1.60992	2.66322
1.61178	2.73990
1.61364	2.74047
1.61550	2.63353
1.61736	2.70348
1.61922	2.69202
1.62108	2.73362
1.62294	2.71948
1.62480	2.72152
1.62666	2.70725
1.62852	2.74696
1.63038	2.74317
1.63224	2.63364
1.63410	2.71713
1.63596	2.60162
1.63782	2.65177
1.63968	2.64210
1.64154	2.59644
1.64340	2.61154
1.64526	2.58818
1.64712	2.47983
1.64898	2.54518
1.65084	2.49442
1.65270	2.49367
1.65456	2.45387
1.65642	2.44852
1.65828	2.53276
1.66014	2.55096
1.66200	2.53330
1.66386	2.54078
1.66572	2.56724
1.66758	2.53753
1.66944	2.46605
1.67130	2.59840
1.67316	2.69044
1.67502	2.68931
1.67688	2.79547
1.67874	2.76536
1.68060	2.80542
1.68246	2.80604
1.68432	2.87650
1.68618	2.79183
1.68804	2.77317
1.68990	2.85176
1.69176	2.81235
1.69362	2.84598
1.69548	2.82697
1.69734	2.84399
1.69920	2.79982
1.70106	2.86677
1.70292	2.84404
1.70478	2.87981
1.70664	2.84656
1.70850	2.92496
1.71036	2.79989
1.71222	2.86894
1.71408	2.83346
1.71594	2.82938
1.71780	2.81761
1.71966	2.78166
1.72152	2.83918
1.72338	2.82369
1.72524	2.87077
1.72710	2.78031
1.72896	2.83601
1.73082	2.86292
1.73268	2.92271
1.73454	2.88878
1.73640	3.01517
1.73826	3.06621
1.74012	2.94646
1.74198	2.97391
1.74384	2.92958
1.74570	2.98132
1.74756	2.94646
1.74942	2.88266
1.75128	2.94319
1.75314	2.97611
1.75500	2.89513
1.75686	2.88585
1.75872	2.92125
1.76058	2.91354
1.76244	2.90650
1.76430	2.84556
1.76616	2.86886
1.76802	2.91405
1.76988	2.88974
1.77174	2.92076
1.77360	2.93010
1.77546	2.93421
1.77732	2.96753
1.77918	2.90943
1.78104	2.90938
1.78290	2.98631
1.78476	2.80835
1.78662	2.84663
1.78848	2.86198
1.79034	2.95770
1.79220	2.98192
1.79406	2.73730
1.79592	2.88127
1.79778	2.90810
1.79964	2.96164
1.98006	2.31944
1.98192	2.35583
1.98378	2.32232
1.98564	2.25381
1.98750	2.15879
1.98936	2.26522
1.99122	2.21995
1.99308	2.19067
1.99494	2.19227
1.99680	2.25711
1.99866	2.56330
2.00052	2.47339
2.00238	2.22662
2.00424	2.21370
2.00610	2.18325
2.00796	2.45954
2.00982	2.26745
2.01168	2.24289
2.01354	2.41008
2.01540	2.65803
2.01726	2.65348
2.01912	2.50283
2.02098	2.34385
2.02284	2.20622
2.02470	2.28999
2.02656	2.15781
2.02842	2.20751
2.03028	2.30344
2.03214	2.14301
2.03400	2.22711
2.03586	2.14427
2.03772	2.18092
2.03958	2.27407
2.04144	2.12548
2.04330	2.16234
2.04516	2.11951
2.04702	2.24376
2.04888	2.31911
2.05074	2.30327
2.05260	2.50349
2.05446	2.27896
2.05632	2.68507
2.05818	2.15861
2.06004	2.36016
2.06190	2.13836
2.06376	2.25749
2.06562	2.12287
2.06748	2.39036
2.06934	2.21687
2.07120	2.28902
2.07306	2.11458
2.07492	2.48955
2.07678	2.40266
2.07864	2.19272
2.08050	2.11629
2.08236	2.26993
2.08422	2.37295
2.08608	2.34938
2.08794	2.21792
2.08980	2.44432
2.09166	2.44123
2.09352	2.17937
2.09538	2.36698
2.09724	2.42585
2.09910	2.55742
2.10096	2.46403
2.10282	2.71314
2.10468	2.34550
2.10654	2.23171
2.10840	2.50140
2.11026	2.67017
2.11212	2.46044
2.11398	2.46357
2.11584	2.40198
2.11770	2.26097
2.11956	2.64336
2.12142	2.50371
2.12328	2.61489
2.12514	2.69621
2.12700	2.41514
2.12886	2.58767
2.13072	2.61285
2.13258	2.62964
2.13444	2.61358
2.13630	2.88177
2.13816	2.66651
2.14002	2.82982
2.14188	2.76656
2.14374	2.69039
2.14560	2.55962
2.14746	2.83711
2.14932	2.60260
2.15118	2.52698
2.15304	2.77746
2.15490	3.03279
2.15676	2.80115
2.15862	2.76450
2.16048	2.91187
2.16234	2.77790
2.16420	2.70742
2.16606	2.73179
2.16792	2.84059
2.16978	2.79603
2.17164	2.76903
2.17350	2.90584
2.17536	2.77104
2.17722	2.97405
2.17908	2.62917
2.18094	2.75276
2.18280	2.94994
2.18466	2.69115
2.18652	2.99944
2.18838	2.61986
2.19024	2.92479
2.19210	2.74252
2.19396	2.60387
2.19582	3.01866
2.19768	2.71839
2.19954	2.90565
2.20140	2.74628
2.20326	2.98890
2.20512	2.80546
2.20698	2.72673
2.20884	2.65151
2.21070	3.22096
2.21256	2.54208
2.21442	2.95643
2.21628	2.68045
2.21814	2.55026
2.22000	2.50320
2.22186	2.82714
2.22372	2.92866
2.22558	2.39090
2.22744	2.94667
2.22930	2.69512
2.23116	3.10539
2.23302	3.10905
2.23488	3.00346
2.23674	2.81270
2.23860	2.56829
2.24046	2.73605
2.24232	3.16886
2.24418	3.16454
2.24604	2.77217
2.24790	2.92069
2.24976	2.59033
2.25162	2.66336
2.25348	2.44200
2.25534	2.89532
2.25720	2.66949
2.25906	2.96509
2.26092	2.70114
2.26278	2.76103
2.26464	2.68270
2.26650	2.63552
2.26836	2.62015
2.27022	2.93720
2.27208	3.56359
2.27394	2.93341
2.27580	3.05969
2.27766	3.11140
2.27952	2.92665
2.28138	2.79512
2.28324	3.02465
2.28510	3.19977
2.28696	2.52976
2.28882	2.44776
2.29068	2.65882
2.29254	2.19625
2.29440	2.69835
2.29626	3.51028
2.29812	2.57429
2.29998	2.77582
2.30184	2.38184
2.30370	2.72079
2.30556	2.46279
2.30742	2.76113
2.30928	2.22203
2.31114	1.98527
2.31300	2.70565
2.31486	2.78769
2.31672	2.04244
2.31858	2.57261
2.32044	2.85657
2.32230	2.84612
2.32416	2.35112
2.32602	2.79797
2.32788	2.74254
2.32974	2.83428
2.33160	3.69799
2.33346	2.76208
2.33532	2.70511
2.33718	2.51323
2.33904	2.84330
2.34090	2.51191
2.34276	2.44024
2.34462	2.25004
2.34648	3.37279
2.34834	2.64846
2.35020	3.00951
2.35206	2.15676
2.35392	2.80194
2.35578	2.04699
2.35764	2.31345
2.35950	2.68463
2.36136	2.88060
2.36322	2.56559
2.36508	2.64167
2.36694	3.20989
2.36880	3.20612
2.37066	3.78135
2.37252	3.65079
2.37438	3.65576
2.37624	3.32468
2.37810	2.83736
2.37996	4.14716
2.38182	2.05607
2.38368	2.05585
2.38554	2.72463
2.38740	2.91758
2.38926	2.98966
2.39112	2.16979
2.39298	3.33904
2.39484	3.75839
2.39670	4.08163
2.39856	2.93766
