0.300040	0.120629
0.300660	-2.49469
0.301280	-2.98864
0.301900	-0.75710
0.302520	-4.80767
0.303140	-0.74421
0.303760	2.08145
0.304380	0.546195
0.305000	-2.58068
0.305620	0.472459
0.306240	0.163550
0.306860	0.251419
0.307480	0.787286
0.308100	1.14922
0.308720	0.393729
0.309340	0.093792
0.309960	0.043826
0.310580	0.610811
0.311200	0.386067
0.311820	0.271018
0.312440	0.466345
0.313060	0.219451
0.313680	0.239115
0.314300	0.512414
0.314920	0.375461
0.315540	0.334320
0.316160	0.541059
0.316780	0.501967
0.317400	0.447950
0.318020	0.514946
0.318640	0.557439
0.319260	0.560002
0.319880	0.435010
0.320500	0.353985
0.321120	0.412473
0.321740	0.463112
0.322360	0.439898
0.322980	0.419804
0.323600	0.388581
0.324220	0.443477
0.324840	0.323438
0.325460	0.306167
0.326080	0.286492
0.326700	0.304082
0.327320	0.478183
0.327940	0.408250
0.328560	0.435782
0.329180	0.380766
0.329800	0.358169
0.330420	0.312554
0.331040	0.300382
0.331660	0.367363
0.332280	0.340973
0.332900	0.384985
0.333520	0.409551
0.334140	0.412832
0.334760	0.447400
0.335380	0.388438
0.336000	0.389086
0.336620	0.380975
0.337240	0.428114
0.337860	0.459929
0.338480	0.392471
0.339100	0.445757
0.339720	0.389659
0.340340	0.481204
0.340960	0.473799
0.341580	0.463289
0.342200	0.460305
0.342820	0.360230
0.343440	0.394984
0.344060	0.393519
0.344680	0.329924
0.345300	0.448200
0.345920	0.475887
0.346540	0.382033
0.347160	0.451642
0.347780	0.385225
0.348400	0.321594
0.349020	0.386768
0.349640	0.428625
0.350260	0.450884
0.350880	0.433223
0.351500	0.364272
0.352120	0.400625
0.352740	0.396663
0.353360	0.455087
0.353980	0.426112
0.354600	0.421718
0.355220	0.434265
0.355840	0.462467
0.356460	0.445755
0.357080	0.347820
0.357700	0.426457
0.358320	0.373627
0.358940	0.313831
0.359560	0.435542
0.360180	0.433873
0.360800	0.382948
0.361420	0.426257
0.362040	0.453960
0.362660	0.441792
0.363280	0.468293
0.363900	0.429427
0.364520	0.440535
0.365140	0.459023
0.365760	0.496985
0.366380	0.493901
0.367000	0.475394
0.367620	0.492364
0.368240	0.461359
0.368860	0.499517
0.369480	0.505224
0.370100	0.503459
0.370720	0.504085
0.371340	0.483458
0.371960	0.467678
0.372580	0.433460
0.373200	0.466992
0.373820	0.405593
0.374440	0.485348
0.375060	0.443377
0.375680	0.462151
0.376300	0.414079
0.376920	0.470961
0.377540	0.486575
0.378160	0.486972
0.378780	0.456129
0.379400	0.410347
0.380020	0.433849
0.380640	0.466213
0.381260	0.441844
0.381880	0.395065
0.382500	0.409101
0.383120	0.436419
0.383740	0.392835
0.384360	0.319735
0.384980	0.383839
0.385600	0.373095
0.386220	0.366567
0.386840	0.407019
0.387460	0.417960
0.388080	0.445541
0.388700	0.467631
0.389320	0.460164
0.389940	0.495866
0.390560	0.486729
0.391180	0.482979
0.391800	0.497671
0.392420	0.518104
0.393040	0.559233
0.393660	0.428790
0.394280	0.416041
0.394900	0.414795
0.395520	0.433845
0.396140	0.520603
0.396760	0.586940
0.397380	0.396422
0.398000	0.483678
0.398620	0.503489
0.399240	0.523275
0.399860	0.506896
0.400480	0.503272
0.401100	0.517970
0.401720	0.529088
0.402340	0.549354
0.402960	0.510349
0.403580	0.502322
0.404200	0.550334
0.404820	0.519667
0.405440	0.513951
0.406060	0.526303
0.406680	0.532418
0.407300	0.511926
0.407920	0.538696
0.408540	0.558407
0.409160	0.574390
0.409780	0.576582
0.410400	0.564614
0.411020	0.560504
0.411640	0.558673
0.412260	0.562765
0.412880	0.529426
0.413500	0.516653
0.414120	0.583484
0.414740	0.555132
0.415360	0.530479
0.415980	0.537651
0.416600	0.554501
0.417220	0.530057
0.417840	0.503942
0.418460	0.501323
0.419080	0.518837
0.419700	0.570964
0.420320	0.535464
0.420940	0.562607
0.421560	0.557517
0.422180	0.569382
0.422800	0.544883
0.423420	0.581885
0.424040	0.571341
0.424660	0.602225
0.425280	0.571010
0.425900	0.560658
0.426520	0.525212
0.427140	0.544928
0.427760	0.546886
0.428380	0.562167
0.429000	0.544002
0.429620	0.557527
0.430240	0.505860
0.430860	0.466128
0.431480	0.499851
0.432100	0.619731
0.432720	0.579420
0.433340	0.640725
0.433960	0.656637
0.434580	0.570464
0.435200	0.580208
0.435820	0.576717
0.436440	0.584357
0.437060	0.593690
0.437680	0.592877
0.438300	0.607752
0.438920	0.559197
0.439540	0.596032
0.440160	0.605244
0.440780	0.607981
0.441400	0.611727
0.442020	0.624098
0.442640	0.631546
0.443260	0.647497
0.443880	0.622993
0.444500	0.626787
0.445120	0.623530
0.445740	0.609555
0.446360	0.609794
0.446980	0.619223
0.447600	0.631773
0.448220	0.642860
0.448840	0.641194
0.449460	0.617437
0.450080	0.648767
0.450700	0.647176
0.451320	0.650048
0.451940	0.645359
0.452560	0.661625
0.453180	0.655190
0.453800	0.659551
0.454420	0.649654
0.455040	0.681141
0.455660	0.660363
0.456280	0.654216
0.456900	0.647835
0.457520	0.657442
0.458140	0.665715
0.458760	0.650282
0.459380	0.672449
0.460000	0.653909
0.460620	0.672632
0.461240	0.681789
0.461860	0.672221
0.462480	0.670784
0.463100	0.659764
0.463720	0.669952
0.464340	0.658964
0.464960	0.657399
0.465580	0.664389
0.466200	0.675959
0.466820	0.663514
0.467440	0.663464
0.468060	0.673658
0.468680	0.667860
0.469300	0.673270
0.469920	0.697491
0.470540	0.689283
0.471160	0.672816
0.471780	0.692132
0.472400	0.688558
0.473020	0.686767
0.473640	0.686003
0.474260	0.677645
0.474880	0.692979
0.475500	0.705475
0.476120	0.687278
0.476740	0.681803
0.477360	0.703203
0.477980	0.715840
0.478600	0.715791
0.479220	0.698538
0.479840	0.715543
0.480460	0.708085
0.481080	0.716357
0.481700	0.718286
0.482320	0.713692
0.482940	0.706019
0.483560	0.701847
0.484180	0.718331
0.484800	0.721568
0.485420	0.763080
0.486040	0.764055
0.486660	0.673633
0.487280	0.727337
0.487900	0.754759
0.488520	0.734941
0.489140	0.710636
0.489760	0.728210
0.490380	0.716751
0.491000	0.721488
0.491620	0.715635
0.492240	0.708031
0.492860	0.716641
0.493480	0.756331
0.494100	0.751636
0.494720	0.748500
0.495340	0.746142
0.495960	0.734072
0.496580	0.748516
0.497200	0.739051
0.497820	0.729537
0.498440	0.722368
0.499060	0.731908
0.499680	0.734126
0.500300	0.723081
0.500920	0.715075
0.501540	0.757407
0.502160	0.740525
0.502780	0.735518
0.503400	0.748350
0.504020	0.747976
0.504640	0.725135
0.505260	0.737954
0.505880	0.750292
0.506500	0.771055
0.507120	0.759575
0.507740	0.719933
0.508360	0.719265
0.508980	0.765118
0.509600	0.763318
0.510220	0.751377
0.510840	0.766060
0.511460	0.775824
0.512080	0.769192
0.512700	0.750737
0.513320	0.770605
0.513940	0.772467
0.514560	0.762470
0.515180	0.759485
0.515800	0.763311
0.516420	0.771081
0.517040	0.712187
0.517660	0.701434
0.518280	0.780060
0.518900	0.700560
0.519520	0.753610
0.520140	0.771091
0.520760	0.769445
0.521380	0.769127
0.522000	0.777779
0.522620	0.780866
0.523240	0.755432
0.523860	0.772722
0.524480	0.786980
0.525100	0.787462
0.525720	0.796229
0.526340	0.777107
0.526960	0.734209
0.527580	0.808962
0.528200	0.805351
0.528820	0.789483
0.529440	0.830322
0.530060	0.839158
0.530680	0.814091
0.531300	0.809480
0.531920	0.796915
0.532540	0.772394
0.533160	0.784172
0.533780	0.831052
0.534400	0.817868
0.535020	0.830857
0.535640	0.842471
0.536260	0.840367
0.536880	0.836858
0.537500	0.832368
0.538120	0.845600
0.538740	0.829544
0.539360	0.814250
0.539980	0.795832
0.540600	0.789552
0.541220	0.818016
0.541840	0.838774
0.542460	0.839411
0.543080	0.865595
0.543700	0.823768
0.544320	0.848955
0.544940	0.853681
0.545560	0.857248
0.546180	0.857915
0.546800	0.839540
0.547420	0.844438
0.548040	0.845318
0.548660	0.840077
0.549280	0.832721
0.549900	0.836484
0.550520	0.839383
0.551140	0.836551
0.551760	0.841490
0.552380	0.848265
0.553000	0.827401
0.553620	0.856652
0.554240	0.846352
0.554860	0.847209
0.555480	0.867450
0.556100	0.881702
0.556720	0.842418
0.557340	0.855709
0.557960	0.873870
0.558580	0.875036
0.559200	0.849748
0.559820	0.874990
0.560440	0.904632
0.561060	0.884118
0.561680	0.868369
0.562300	0.888334
0.562920	0.886437
0.563540	0.915851
0.564160	0.872060
0.564780	0.908597
0.565400	0.925859
0.566020	0.910226
0.566640	0.945832
0.567260	0.958137
0.567880	1.04894
0.568500	1.05918
0.569120	0.974388
0.569740	1.01308
0.570100	0.975209
0.570720	0.918840
0.571340	0.900224
0.571960	0.917327
0.572580	0.917090
0.573200	0.898456
0.573820	0.891560
0.574440	0.906525
0.575060	0.923124
0.575680	0.903808
0.576300	0.905005
0.576920	0.949374
0.577540	0.948535
0.578160	0.947660
0.578780	0.942872
0.579400	0.939894
0.580020	0.953990
0.580640	0.951246
0.581260	0.948484
0.581880	0.957418
0.582500	0.969443
0.583120	0.967162
0.583740	0.958858
0.584360	0.967433
0.584980	0.976361
0.585600	0.977155
0.586220	0.959136
0.586840	0.972885
0.587460	0.984187
0.588080	0.987052
0.588700	0.981352
0.589320	0.926660
0.589940	0.950134
0.590560	0.974631
0.591180	0.970790
0.591800	0.979258
0.592420	0.976223
0.593040	0.973472
0.593660	0.994134
0.594280	0.979416
0.594900	0.955929
0.595520	0.987852
0.596140	0.980233
0.596760	0.990195
0.597380	0.974858
0.598000	0.992586
0.598620	1.00633
0.599240	0.998565
0.599860	1.00708
0.600480	0.990580
0.601100	0.989197
0.601720	1.00033
0.602340	1.01118
0.602960	1.02339
0.603580	1.01538
0.604200	1.01567
0.604820	1.00962
0.605440	1.01600
0.606060	1.01375
0.606680	1.02275
0.607300	1.02567
0.607920	1.02181
0.608540	1.01033
0.609160	1.00346
0.609780	1.03077
0.610400	1.02809
0.611020	1.03453
0.611640	1.04453
0.612260	1.04005
0.612880	1.03282
0.613500	1.03593
0.614120	1.00674
0.614740	1.03440
0.615360	1.03835
0.615980	1.03807
0.616600	1.05283
0.617220	1.06117
0.617840	1.04168
0.618460	1.04226
0.619080	1.05043
0.619700	1.05890
0.620320	1.06829
0.620940	1.07242
0.621560	1.06362
0.622180	1.06188
0.622800	1.06735
0.623420	1.07575
0.624040	1.06408
0.624660	1.05465
0.625280	1.04173
0.625900	1.03988
0.626520	1.08409
0.627140	1.07898
0.627760	1.09179
0.628380	1.08935
0.629000	1.09789
0.629620	1.08086
0.630240	1.08818
0.630860	1.09091
0.631480	1.07956
0.632100	1.08269
0.632720	1.09212
0.633340	1.08247
0.633960	1.09585
0.634580	1.10086
0.635200	1.09283
0.635820	1.10423
0.636440	1.10620
0.637060	1.11412
0.637680	1.10747
0.638300	1.09104
0.638920	1.10664
0.639540	1.12452
0.640160	1.11845
0.640780	1.12175
0.641400	1.13398
0.642020	1.12918
0.642640	1.11404
0.643260	1.11720
0.643880	1.10489
0.644500	1.11844
0.645120	1.14689
0.645740	1.14088
0.646360	1.13936
0.646980	1.16075
0.647600	1.14265
0.648220	1.13365
0.648840	1.13460
0.649460	1.13480
0.650080	1.13297
0.650700	1.13835
0.651320	1.14010
0.651940	1.14186
0.652560	1.15018
0.653180	1.15337
0.653800	1.15464
0.654420	1.15825
0.655040	1.17420
0.655660	1.21088
0.656280	1.19223
0.656900	1.13594
0.657520	1.15980
0.658140	1.17017
0.658760	1.17761
0.659380	1.16969
0.660000	1.17206
0.660620	1.16872
0.661240	1.15910
0.661860	1.17047
0.662480	1.17571
0.663100	1.15246
0.663720	1.17082
0.664340	1.18364
0.664960	1.17168
0.665580	1.16502
0.666200	1.16979
0.666820	1.17016
0.667440	1.18104
0.668060	1.19272
0.668680	1.17870
0.669300	1.17549
0.669920	1.18784
0.670540	1.19543
0.671160	1.19170
0.671780	1.19211
0.672400	1.19872
0.673020	1.19772
0.673640	1.18351
0.674260	1.19493
0.674880	1.20331
0.675500	1.19613
0.676120	1.19854
0.676740	1.20313
0.677360	1.20204
0.677980	1.21326
0.678600	1.22358
0.679220	1.21737
0.679840	1.22014
0.680460	1.21346
0.681080	1.21193
0.681700	1.22838
0.682320	1.22484
0.682940	1.22741
0.683560	1.22618
0.684180	1.21801
0.684800	1.21570
0.685420	1.23391
0.686040	1.25903
0.686660	1.31660
0.687280	1.17334
0.687900	1.19894
0.688520	1.24711
0.689140	1.17308
0.689760	1.08621
0.690380	1.13867
0.691000	1.22868
0.691620	1.21944
0.692240	1.23315
0.692860	1.23424
0.693480	1.24374
0.694100	1.25663
0.694720	1.25252
0.695340	1.26591
0.695960	1.25343
0.696580	1.25132
0.697200	1.24972
0.697820	1.24114
0.698440	1.24969
0.699060	1.27606
0.699680	1.27128
0.700300	1.26326
0.700920	1.25951
0.701540	1.26738
0.702160	1.26375
0.702780	1.26658
0.703400	1.28238
0.704020	1.26699
0.704640	1.28009
0.705260	1.28315
0.705880	1.28976
0.706500	1.28215
0.707120	1.27358
0.707740	1.28043
0.708360	1.28988
0.708980	1.27290
0.709600	1.27938
0.710220	1.29245
0.710840	1.29466
0.711460	1.28118
0.712080	1.27133
0.712700	1.28965
0.713320	1.30143
0.713940	1.30447
0.714560	1.30596
0.715180	1.30947
0.715800	1.31123
0.716420	1.31240
0.717040	1.30233
0.717660	1.30508
0.718280	1.33409
0.718900	1.32656
0.719520	1.32498
0.720140	1.33246
0.720760	1.28839
0.721380	1.28556
0.722000	1.31117
0.722620	1.32464
0.723240	1.34052
0.723860	1.32924
0.724480	1.32489
0.725100	1.35342
0.725720	1.31402
0.726340	1.33739
0.726960	1.29066
0.727580	1.34140
0.728200	1.33634
0.728820	1.33400
0.729440	1.31301
0.730060	1.36577
0.730680	1.34351
0.731300	1.32256
0.731920	1.35487
0.732540	1.35791
0.733160	1.36126
0.733780	1.35219
0.734400	1.35937
0.735020	1.35547
0.735640	1.35423
0.736260	1.36847
0.736880	1.36831
0.737500	1.36882
0.738120	1.35895
0.738740	1.35862
0.739360	1.37008
0.739980	1.37302
0.740600	1.36082
0.741220	1.37232
0.741840	1.37472
0.742460	1.38270
0.743080	1.38935
0.743700	1.37516
0.744320	1.39637
0.744940	1.38471
0.745560	1.39950
0.746180	1.40508
0.746800	1.38603
0.747420	1.38690
0.748040	1.39030
0.748660	1.38925
0.749280	1.40917
0.749900	1.39430
0.750520	1.39944
0.751140	1.39587
0.751760	1.40570
0.752380	1.40692
0.753000	1.39480
0.753620	1.40573
0.754240	1.40893
0.754860	1.40537
0.755480	1.43674
0.756100	1.43574
0.756720	1.41656
0.757340	1.41119
0.757960	1.41060
0.758580	1.44547
0.759200	1.56280
0.759820	1.63184
0.760440	1.50581
0.761060	1.38104
0.761680	1.30267
0.762300	1.42123
0.762920	0.857766
0.763540	0.758419
0.764160	0.859105
0.764780	1.01067
0.765400	1.20741
0.766020	1.31676
0.766640	1.48007
0.767260	1.48600
0.767880	1.48047
0.768500	1.45531
0.769120	1.45781
0.769740	1.46396
0.770360	1.47340
0.770980	1.47578
0.771600	1.45100
0.772220	1.46228
0.772840	1.45431
0.773460	1.46444
0.774080	1.47748
0.774700	1.47748
0.775320	1.46868
0.775940	1.47791
0.776560	1.47480
0.777180	1.49102
0.777800	1.49108
0.778420	1.48979
0.779040	1.48609
0.779660	1.47281
0.780280	1.46967
0.780900	1.48127
0.781520	1.48866
0.782140	1.48404
0.782760	1.49283
0.783380	1.51587
0.784000	1.49123
0.784620	1.49499
0.785240	1.47906
0.785860	1.48601
0.786480	1.49533
0.787100	1.49128
0.787720	1.49423
0.788340	1.48465
0.788960	1.49683
0.789580	1.49937
0.790200	1.50677
0.790820	1.50654
0.791440	1.50429
0.792060	1.50502
0.792680	1.50216
0.793300	1.48438
0.793920	1.51495
0.794540	1.51994
0.795160	1.49799
0.795780	1.50659
0.796400	1.50471
0.797020	1.51967
0.797640	1.51946
0.798260	1.51910
0.798880	1.51081
0.799500	1.49502
0.800120	1.51175
0.800740	1.53156
0.801360	1.52516
0.801980	1.53843
0.802600	1.55011
0.803220	1.54242
0.803840	1.54361
0.804460	1.56024
0.805080	1.54526
0.805700	1.54972
0.806320	1.53957
0.806940	1.53927
0.807560	1.54866
0.808180	1.53537
0.808800	1.55958
0.809420	1.54046
0.810040	1.54417
0.810660	1.54704
0.811280	1.55390
0.811900	1.55778
0.812520	1.58096
0.813140	1.59042
0.813760	1.55594
0.814380	1.57106
0.815000	1.59388
0.815620	1.60381
0.816240	1.60844
0.816860	1.56414
0.817480	1.54439
0.818100	1.53153
0.818720	1.57199
0.819340	1.52900
0.819960	1.54088
0.820580	1.57929
0.821200	1.57505
0.821820	1.58967
0.822440	1.61465
0.823060	1.54975
0.823680	1.56290
0.824300	1.57440
0.824920	1.60043
0.825540	1.60060
0.826160	1.59525
0.826780	1.58940
0.827400	1.60507
0.828020	1.59390
0.828640	1.60289
0.829260	1.58570
0.829880	1.54957
0.830500	1.59004
0.831120	1.61174
0.831740	1.60579
0.832360	1.57295
0.832980	1.59665
0.833600	1.60360
0.834220	1.61854
0.834840	1.62991
0.835460	1.62013
0.836080	1.60655
0.836700	1.60981
0.837320	1.63073
0.837940	1.62539
0.838560	1.61924
0.839180	1.62595
0.839800	1.63738
0.840420	1.64386
0.841040	1.63498
0.841660	1.63365
0.842280	1.63338
0.842900	1.62620
0.843520	1.64219
0.844140	1.64424
0.844760	1.65284
0.845380	1.64195
0.846000	1.63358
0.846620	1.61249
0.847240	1.63131
0.847860	1.65506
0.848480	1.64567
0.849100	1.69161
0.849720	1.71184
0.850340	1.58469
0.850960	1.65524
0.851580	1.64253
0.852200	1.65899
0.852820	1.67823
0.853440	1.71647
0.854060	1.70148
0.854680	1.54561
0.855300	1.66732
0.855920	1.68758
0.856540	1.67440
0.857160	1.67607
0.857780	1.67937
0.858400	1.69410
0.859020	1.67907
0.859640	1.68135
0.860260	1.67372
0.860880	1.66986
0.861500	1.68235
0.862120	1.68438
0.862740	1.68533
0.863360	1.69820
0.863980	1.68712
0.864600	1.69049
0.865220	1.69013
0.865840	1.69223
0.866460	1.67836
0.867080	1.66645
0.867700	1.66523
0.868320	1.69171
0.868940	1.68707
0.869560	1.68124
0.870180	1.70035
0.870800	1.69106
0.871420	1.69763
0.872040	1.71003
0.872660	1.73073
0.873280	1.69905
0.873900	1.70118
0.874520	1.72301
0.875140	1.74112
0.875760	1.71614
0.876380	1.69396
0.877000	1.69569
0.877620	1.68851
0.878240	1.71598
0.878860	1.73505
0.879480	1.72930
0.880100	1.70099
0.880720	1.70016
0.881340	1.69174
0.881960	1.71559
0.882580	1.74481
0.883200	1.75240
0.883820	1.73796
0.884440	1.74183
0.885060	1.72458
0.885680	1.73968
0.886300	1.72785
0.886920	1.71924
0.887540	1.73911
0.888160	1.74349
0.888780	1.73841
0.889400	1.72615
0.890020	1.71442
0.890640	1.72529
0.891260	1.75516
0.891880	1.74809
0.892500	1.71941
0.893120	1.74650
0.893740	1.75955
0.894360	1.72784
0.894980	1.71720
0.895600	1.77366
0.896220	1.80578
0.896840	1.72604
0.897460	1.69607
0.898080	1.73744
0.898700	1.75465
0.899320	1.67525
0.899940	1.76011
0.900560	1.68279
0.901180	1.65668
0.901800	1.73330
0.902420	1.76602
0.903040	1.72276
0.903660	1.76756
0.904280	1.79219
0.904900	1.78751
0.905520	1.79600
0.906140	1.80120
0.906760	1.74923
0.907380	1.71377
0.908000	1.76106
0.908620	1.74922
0.909240	1.81901
0.909860	1.84084
0.910480	1.71906
0.911100	1.81112
0.911720	1.85509
0.912340	1.75257
0.912960	1.87085
0.913580	1.83855
0.914200	1.79730
0.914820	1.78164
0.915440	1.75194
0.916060	1.75381
0.916680	1.82782
0.917300	1.82201
0.917920	1.71931
0.918540	1.79900
0.919160	1.80216
0.919780	1.79261
0.920400	1.82686
0.921020	1.80497
0.921640	1.81762
0.922260	1.83574
0.922880	1.81584
0.923500	1.80853
0.924120	1.81120
0.924740	1.81961
0.925360	1.80627
0.925980	1.78800
0.926600	1.80584
0.927220	1.83409
0.927840	1.82431
0.928460	1.78320
0.929080	1.82900
0.929700	1.88511
0.930320	1.91541
0.930940	1.92710
0.931560	1.95090
0.932180	1.95696
0.932800	1.96913
0.933420	2.09146
0.934040	1.67146
0.934660	1.48455
0.935280	1.77642
0.935900	1.29351
0.936520	1.85241
0.937140	2.12131
0.937760	1.90991
0.938380	1.64596
0.939000	1.71843
0.939620	1.87335
0.940240	1.89017
0.940860	1.95604
0.941480	1.79490
0.942100	1.79288
0.942720	1.77133
0.943340	1.73872
0.943960	1.80600
0.944580	1.62273
0.945200	1.84499
0.945820	1.64196
0.946440	1.67660
0.947060	1.88449
0.947680	1.91312
0.948300	2.05726
0.948920	1.89917
0.949540	1.89519
0.950160	1.69651
0.950780	1.87906
0.951400	1.85720
0.952020	1.69047
0.952640	1.75847
0.953260	1.79996
0.953880	1.85770
0.954500	1.81188
0.955120	1.79453
0.955740	1.70581
0.956360	2.03609
0.956980	1.79803
0.957600	1.90144
0.958220	1.95463
0.958840	2.01975
0.959460	1.81427
0.960080	1.82657
0.960700	1.89555
0.961320	1.98576
0.961940	1.90865
0.962560	1.74627
0.963180	1.86238
0.963800	1.93730
0.964420	1.91014
0.965040	1.82717
0.965660	1.87311
0.966280	1.94006
0.966900	1.92404
0.967520	1.86571
0.968140	1.92643
0.968760	1.91349
0.969380	1.92286
0.970000	1.94224
0.970620	1.85202
0.971240	1.90893
0.971860	1.90810
0.972480	1.93501
0.973100	1.93041
0.973720	1.95704
0.974340	1.91930
0.974960	1.99065
0.975580	2.01235
0.976200	1.92941
0.976820	1.92838
0.977440	1.93198
0.978060	1.96399
0.978680	1.89388
0.979300	1.93557
0.979920	1.92775
0.980540	1.88722
0.981160	1.94651
0.981780	1.97132
0.982400	1.96164
0.983020	1.88884
0.983640	1.94023
0.984260	1.95526
0.984880	1.97053
0.985500	1.96163
0.986120	1.94317
0.986740	1.92946
0.987360	1.95920
0.987980	1.95061
0.988600	1.93951
0.989220	1.95940
0.989840	1.97498
0.990460	1.92198
0.991080	1.96049
0.991700	1.94821
0.992320	1.93494
0.992940	1.93679
0.993560	1.95552
0.994180	1.92460
0.994800	1.92632
0.995420	1.93697
0.996040	1.99060
0.996660	1.98255
0.997280	1.95385
0.997900	1.97749
0.998520	1.94075
0.999140	1.90809
0.999760	1.93261
1.00038	1.98072
1.00100	1.95553
1.00162	1.87879
1.00224	2.00104
1.00286	1.95387
1.00348	1.94422
1.00410	2.03509
1.00472	2.02428
1.00534	2.01655
1.00596	1.95714
1.00658	1.96555
1.00720	1.98755
1.00782	1.99301
1.00844	2.02886
1.00906	2.04765
1.00968	2.04801
1.01030	2.07905
1.01092	1.99386
1.01154	1.99951
1.01216	2.04096
1.01278	2.09868
1.01340	1.98021
1.01402	1.91745
1.01464	2.05160
1.01526	2.09153
1.01588	1.91044
1.01650	2.02092
1.01712	1.98091
1.01774	1.96325
1.01836	2.02963
1.01898	1.97785
1.01960	2.06260
1.02030	2.02640
1.02216	2.04860
1.02402	2.02095
1.02588	2.08514
1.02774	1.97613
1.02960	1.99981
1.03146	2.03535
1.03332	2.08609
1.03518	2.05392
1.03704	2.13384
1.03890	2.06741
1.04076	2.11986
1.04262	2.12300
1.04448	2.12102
1.04634	2.11477
1.04820	2.14655
1.05006	2.11699
1.05192	2.18631
1.05378	2.13059
1.05564	2.12646
1.05750	2.13379
1.05936	2.13847
1.06122	2.16140
1.06308	2.15012
1.06494	2.13329
1.06680	2.12899
1.06866	2.16173
1.07052	2.16180
1.07238	2.15884
1.07424	2.19255
1.07610	2.18308
1.07796	2.18591
1.07982	2.21121
1.08168	2.15324
1.08354	2.18502
1.08540	2.18764
1.08726	2.17945
1.08912	2.19919
1.09098	2.21604
1.09284	2.21608
1.09470	2.24541
1.09656	2.21294
1.09842	2.21664
1.10028	2.21897
1.10214	2.23668
1.10400	2.20981
1.10586	2.21917
1.10772	2.17881
1.10958	2.21731
1.11144	2.24939
1.11330	2.23000
1.11516	2.21409
1.11702	2.24681
1.11888	2.34423
1.12074	2.32487
1.12260	2.32249
1.12446	2.23732
1.12632	2.28989
1.12818	2.33868
1.13004	2.32693
1.13190	2.26733
1.13376	2.37878
1.13562	2.27549
1.13748	2.25764
1.13934	2.26636
1.14120	2.27837
1.14306	2.31237
1.14492	2.36415
1.14678	2.38310
1.14864	2.34950
1.15050	2.33972
1.15236	2.31089
1.15422	2.31710
1.15608	2.29500
1.15794	2.27074
1.15980	2.34330
1.16166	2.31531
1.16352	2.27055
1.16538	2.27009
1.16724	2.29742
1.16910	2.30335
1.17096	2.34067
1.17282	2.34833
1.17468	2.37300
1.17654	2.39700
1.17840	2.41138
1.18026	2.35089
1.18212	2.36519
1.18398	2.44145
1.18584	2.38966
1.18770	2.34750
1.18956	2.37797
1.19142	2.37901
1.19328	2.39033
1.19514	2.38075
1.19700	2.40150
1.19886	2.39628
1.20072	2.39131
1.20258	2.42629
1.20444	2.35774
1.20630	2.38882
1.20816	2.37984
1.21002	2.38804
1.21188	2.41944
1.21374	2.45426
1.21560	2.47715
1.21746	2.47234
1.21932	2.46480
1.22118	2.46692
1.22304	2.53759
1.22490	2.44166
1.22676	2.45039
1.22862	2.41000
1.23048	2.49337
1.23234	2.44812
1.23420	2.43229
1.23606	2.44860
1.23792	2.49048
1.23978	2.45888
1.24164	2.49650
1.24350	2.44236
1.24536	2.48019
1.24722	2.48589
1.24908	2.51181
1.25094	2.48423
1.25280	2.49638
1.25466	2.54828
1.25652	2.53082
1.25838	2.49842
1.26024	2.55590
1.26210	2.52397
1.26396	2.51287
1.26582	2.46442
1.26768	2.59280
1.26954	2.53400
1.27140	2.62230
1.27326	2.49486
1.27512	2.46720
1.27698	2.55652
1.27884	2.54450
1.28070	2.54547
1.28256	2.56616
1.28442	2.64680
1.28628	2.55127
1.28814	2.51691
1.29000	2.54976
1.29186	2.55626
1.29372	2.54666
1.29558	2.56959
1.29744	2.56097
1.29930	2.58965
1.30116	2.56099
1.30302	2.59130
1.30488	2.58877
1.30674	2.57150
1.30860	2.61296
1.31046	2.62362
1.31232	2.61135
1.31418	2.59714
1.31604	2.60652
1.31790	2.57881
1.31976	2.62552
1.32162	2.61746
1.32348	2.64240
1.32534	2.56285
1.32720	2.63318
1.32906	2.57737
1.33092	2.65115
1.33278	2.57069
1.33464	2.53419
1.33650	2.55667
1.33836	2.61018
1.34022	2.61798
1.34208	2.64064
1.34394	2.63831
1.34580	2.63480
1.34766	2.81400
1.34952	2.81230
1.45182	2.61906
1.45368	2.74010
1.45554	2.76924
1.45740	2.74126
1.45926	2.75414
1.46112	2.72311
1.46298	2.73862
1.46484	2.62331
1.46670	2.76887
1.46856	2.73425
1.47042	2.78849
1.47228	2.72149
1.47414	2.64718
1.47600	2.74325
1.47786	2.63865
1.47972	2.58590
1.48158	2.57630
1.48344	2.50377
1.48530	2.56659
1.48716	2.51588
1.48902	2.52188
1.49088	2.51221
1.49274	2.54285
1.49460	2.52176
1.49646	2.47666
1.49832	2.50405
1.50018	2.41737
1.50204	2.39782
1.50390	2.39136
1.50576	2.49981
1.50762	2.50972
1.50948	2.47092
1.51134	2.49408
1.51320	2.52164
1.51506	2.47822
1.51692	2.51140
1.51878	2.51293
1.52064	2.51757
1.52250	2.46427
1.52436	2.43357
1.52622	2.48770
1.52808	2.47971
1.52994	2.57159
1.53180	2.50360
1.53366	2.51627
1.53552	2.54442
1.53738	2.49147
1.53924	2.61986
1.54110	2.52354
1.54296	2.52768
1.54482	2.53976
1.54668	2.49887
1.54854	2.53364
1.55040	2.48867
1.55226	2.53549
1.55412	2.52625
1.55598	2.46913
1.55784	2.51543
1.55970	2.49633
1.56156	2.53063
1.56342	2.57604
1.56528	2.47561
1.56714	2.50143
1.56900	2.47318
1.57086	2.56864
1.57272	2.54114
1.57458	2.52389
1.57644	2.55095
1.57830	2.53866
1.58016	2.63790
1.58202	2.48068
1.58388	2.55886
1.58574	2.67049
1.58760	2.62906
1.58946	2.51252
1.59132	2.61960
1.59318	2.68817
1.59504	2.67015
1.59690	2.72310
1.59876	2.70529
1.60062	2.66817
1.60248	2.64306
1.60434	2.74683
1.60620	2.82090
1.60806	2.74926
1.60992	2.75111
1.61178	2.72698
1.61364	2.80964
1.61550	2.74689
1.61736	2.74927
1.61922	2.74229
1.62108	2.80476
1.62294	2.77724
1.62480	2.78306
1.62666	2.72329
1.62852	2.70323
1.63038	2.75424
1.63224	2.74494
1.63410	2.71139
1.63596	2.70912
1.63782	2.66772
1.63968	2.69127
1.64154	2.66251
1.64340	2.59698
1.64526	2.61812
1.64712	2.57008
1.64898	2.59251
1.65084	2.52736
1.65270	2.52635
1.65456	2.53093
1.65642	2.52492
1.65828	2.53963
1.66014	2.58715
1.66200	2.58389
1.66386	2.59833
1.66572	2.63274
1.66758	2.56372
1.66944	2.72016
1.67130	2.63205
1.67316	2.69023
1.67502	2.74289
1.67688	2.77867
1.67874	2.83426
1.68060	2.85481
1.68246	2.89525
1.68432	2.89708
1.68618	2.87975
1.68804	2.85607
1.68990	2.87186
1.69176	2.88811
1.69362	2.90240
1.69548	2.85651
1.69734	2.91702
1.69920	2.93816
1.70106	2.91968
1.70292	2.95151
1.70478	2.90891
1.70664	2.97193
1.70850	2.92204
1.71036	2.84262
1.71222	2.92458
1.71408	2.95185
1.71594	2.91603
1.71780	2.90102
1.71966	2.92312
1.72152	2.86744
1.72338	2.86312
1.72524	2.87135
1.72710	2.92254
1.72896	2.99136
1.73082	2.95499
1.73268	2.97859
1.73454	3.01168
1.73640	3.05673
1.73826	3.02810
1.74012	2.98531
1.74198	2.93222
1.74384	3.08985
1.74570	3.04876
1.74756	2.98647
1.74942	2.87994
1.75128	3.08780
1.75314	2.96458
1.75500	2.98592
1.75686	3.02910
1.75872	3.00044
1.76058	2.95741
1.76244	2.99759
1.76430	3.00058
1.76616	2.99425
1.76802	2.96642
1.76988	3.01011
1.77174	2.90968
1.77360	2.94575
1.77546	3.00732
1.77732	3.03178
1.77918	2.98510
1.78104	2.95192
1.78290	2.92706
1.78476	2.97873
1.78662	3.00914
1.78848	2.93482
1.79034	2.94054
1.79220	3.00028
1.79406	2.97241
1.79592	3.01187
1.79778	2.97821
1.79964	3.18637
1.98006	2.47532
1.98192	2.39509
1.98378	2.39665
1.98564	2.39758
1.98750	2.48058
1.98936	2.49925
1.99122	2.29535
1.99308	2.35294
1.99494	2.34373
1.99680	2.31794
1.99866	2.37241
2.00052	2.39381
2.00238	2.32713
2.00424	1.87317
2.00610	2.23732
2.00796	2.31857
2.00982	2.31399
2.01168	2.53861
2.01354	2.33369
2.01540	2.15855
2.01726	2.33472
2.01912	2.55347
2.02098	2.44442
2.02284	2.31729
2.02470	2.31433
2.02656	2.32964
2.02842	2.39769
2.03028	2.26340
2.03214	2.23565
2.03400	2.36177
2.03586	2.24686
2.03772	2.25621
2.03958	2.25740
2.04144	2.30768
2.04330	2.37017
2.04516	2.26172
2.04702	2.37030
2.04888	2.41294
2.05074	2.45079
2.05260	2.30394
2.05446	2.26526
2.05632	2.53419
2.05818	2.24696
2.06004	2.37245
2.06190	2.37242
2.06376	2.40038
2.06562	2.26410
2.06748	2.33824
2.06934	2.47159
2.07120	2.26471
2.07306	2.29950
2.07492	2.33452
2.07678	2.30096
2.07864	2.37477
2.08050	2.43035
2.08236	2.37455
2.08422	2.29531
2.08608	2.30835
2.08794	2.28170
2.08980	2.54613
2.09166	2.43784
2.09352	2.56396
2.09538	2.56288
2.09724	2.60261
2.09910	2.60949
2.10096	2.29780
2.10282	2.51900
2.10468	2.55231
2.10654	2.62448
2.10840	2.59568
2.11026	2.46197
2.11212	2.64817
2.11398	2.61991
2.11584	2.72672
2.11770	2.39062
2.11956	2.54055
2.12142	2.80118
2.12328	2.74934
2.12514	2.75221
2.12700	2.80348
2.12886	2.69415
2.13072	2.75156
2.13258	2.89500
2.13444	2.73399
2.13630	2.89177
2.13816	2.79590
2.14002	2.97586
2.14188	2.77922
2.14374	2.82896
2.14560	2.90737
2.14746	3.00609
2.14932	2.90322
2.15118	2.87196
2.15304	3.05820
2.15490	2.68596
2.15676	2.89979
2.15862	2.89276
2.16048	2.84387
2.16234	2.97657
2.16420	2.86877
2.16606	2.71005
2.16792	3.09147
2.16978	2.98197
2.17164	2.68745
2.17350	2.74602
2.17536	2.99646
2.17722	2.98631
2.17908	2.99080
2.18094	3.08301
2.18280	2.96802
2.18466	3.06278
2.18652	2.87340
2.18838	2.92800
2.19024	3.00068
2.19210	3.05596
2.19396	2.76180
2.19582	3.05010
2.19768	2.78199
2.19954	2.80567
2.20140	3.02110
2.20326	3.07254
2.20512	2.97962
2.20698	2.70623
2.20884	2.75216
2.21070	2.81051
2.21256	2.74545
2.21442	3.03213
2.21628	3.16321
2.21814	2.85692
2.22000	2.90755
2.22186	2.84037
2.22372	2.88194
2.22558	2.99506
2.22744	2.72042
2.22930	2.50258
2.23116	2.90304
2.23302	2.75377
2.23488	2.88160
2.23674	2.73576
2.23860	3.05607
2.24046	2.74155
2.24232	2.90465
2.24418	2.92894
2.24604	3.08505
2.24790	2.82448
2.24976	2.96743
2.25162	2.45892
2.25348	3.20396
2.25534	2.90449
2.25720	2.56768
2.25906	2.85987
2.26092	2.92631
2.26278	2.75981
2.26464	2.87956
2.26650	2.81771
2.26836	2.89962
2.27022	2.89943
2.27208	4.42285
2.27394	2.60445
2.27580	2.91033
2.27766	2.66045
2.27952	3.04468
2.28138	2.47207
2.28324	2.45522
2.28510	2.65593
2.28696	2.85173
2.28882	2.95417
2.29068	2.61860
2.29254	2.94605
2.29440	2.43248
2.29626	3.16796
2.29812	3.17031
2.29998	2.90587
2.30184	2.38791
2.30370	2.73571
2.30556	2.44768
2.30742	2.54059
2.30928	2.91614
2.31114	2.20531
2.31300	2.40611
2.31486	2.52862
2.31672	2.64581
2.31858	2.78096
2.32044	2.62812
2.32230	2.32277
2.32416	2.13949
2.32602	2.76010
2.32788	2.73036
2.32974	2.42574
2.33160	2.51605
2.33346	2.45877
2.33532	2.90664
2.33718	1.99573
2.33904	3.31325
2.34090	2.31707
2.34276	2.36383
2.34462	2.89610
2.34648	2.43479
2.34834	2.97619
2.35020	2.69461
2.35206	2.49720
2.35392	2.60626
2.35578	2.65989
2.35764	2.32273
2.35950	2.11498
2.36136	2.14811
2.36322	2.24587
2.36508	2.50125
2.36694	2.31650
2.36880	2.22016
2.37066	0.713360
2.37252	2.41304
2.37438	2.81126
2.37624	2.89579
2.37810	2.45090
2.37996	2.46033
2.38182	1.69834
2.38368	2.40185
2.38554	3.14797
2.38740	2.84909
2.38926	2.20057
2.39112	2.25875
2.39298	2.82493
2.39484	2.02480
2.39670	3.55169
2.39856	2.35272
