0.300040	 2.79158
0.300660	-0.24332
0.301280	-1.20076
0.301900	 1.18724
0.302520	-0.97937
0.303140	 2.68426
0.303760	-0.62205
0.304380	-0.23478
0.305000	-0.82843
0.305620	0.169227
0.306240	0.754909
0.306860	0.591175
0.307480	0.721996
0.308100	0.676966
0.308720	0.331843
0.309340	0.182602
0.309960	-0.02248
0.310580	0.483670
0.311200	0.424922
0.311820	0.330395
0.312440	0.422140
0.313060	0.265121
0.313680	0.357468
0.314300	0.366292
0.314920	0.332882
0.315540	0.405047
0.316160	0.390800
0.316780	0.336987
0.317400	0.476309
0.318020	0.326755
0.318640	0.445422
0.319260	0.357144
0.319880	0.412843
0.320500	0.284872
0.321120	0.363215
0.321740	0.340797
0.322360	0.428362
0.322980	0.452256
0.323600	0.444276
0.324220	0.387148
0.324840	0.308793
0.325460	0.361089
0.326080	0.353179
0.326700	0.400972
0.327320	0.396000
0.327940	0.493926
0.328560	0.446841
0.329180	0.451441
0.329800	0.435079
0.330420	0.349210
0.331040	0.434094
0.331660	0.364622
0.332280	0.422907
0.332900	0.411325
0.333520	0.396932
0.334140	0.455020
0.334760	0.435298
0.335380	0.432755
0.336000	0.414943
0.336620	0.379207
0.337240	0.388923
0.337860	0.464873
0.338480	0.407139
0.339100	0.467598
0.339720	0.396925
0.340340	0.449952
0.340960	0.426626
0.341580	0.436853
0.342200	0.450157
0.342820	0.393980
0.343440	0.405075
0.344060	0.421654
0.344680	0.380245
0.345300	0.477113
0.345920	0.457659
0.346540	0.404785
0.347160	0.429259
0.347780	0.411267
0.348400	0.388802
0.349020	0.364662
0.349640	0.393584
0.350260	0.445340
0.350880	0.420934
0.351500	0.426364
0.352120	0.442958
0.352740	0.430544
0.353360	0.460809
0.353980	0.456523
0.354600	0.440315
0.355220	0.460706
0.355840	0.454514
0.356460	0.424518
0.357080	0.403730
0.357700	0.430658
0.358320	0.380618
0.358940	0.417707
0.359560	0.479117
0.360180	0.470143
0.360800	0.446374
0.361420	0.477159
0.362040	0.401423
0.362660	0.484361
0.363280	0.447805
0.363900	0.457735
0.364520	0.446242
0.365140	0.491316
0.365760	0.513898
0.366380	0.496309
0.367000	0.480571
0.367620	0.504535
0.368240	0.476508
0.368860	0.489884
0.369480	0.515795
0.370100	0.508959
0.370720	0.481648
0.371340	0.511898
0.371960	0.447481
0.372580	0.462490
0.373200	0.455813
0.373820	0.416499
0.374440	0.453754
0.375060	0.452495
0.375680	0.468247
0.376300	0.461287
0.376920	0.497756
0.377540	0.504991
0.378160	0.490670
0.378780	0.450187
0.379400	0.464158
0.380020	0.459864
0.380640	0.459597
0.381260	0.430380
0.381880	0.391151
0.382500	0.379850
0.383120	0.421495
0.383740	0.389151
0.384360	0.390164
0.384980	0.400692
0.385600	0.387636
0.386220	0.386042
0.386840	0.376889
0.387460	0.411521
0.388080	0.388620
0.388700	0.483229
0.389320	0.497379
0.389940	0.495268
0.390560	0.468638
0.391180	0.493105
0.391800	0.496178
0.392420	0.480567
0.393040	0.484123
0.393660	0.496902
0.394280	0.449476
0.394900	0.478090
0.395520	0.502720
0.396140	0.492596
0.396760	0.546823
0.397380	0.488536
0.398000	0.522570
0.398620	0.520920
0.399240	0.531700
0.399860	0.514817
0.400480	0.530854
0.401100	0.530709
0.401720	0.544488
0.402340	0.543449
0.402960	0.528361
0.403580	0.524745
0.404200	0.547180
0.404820	0.518440
0.405440	0.539406
0.406060	0.524402
0.406680	0.535836
0.407300	0.527904
0.407920	0.550110
0.408540	0.567657
0.409160	0.584801
0.409780	0.571330
0.410400	0.585176
0.411020	0.566879
0.411640	0.569555
0.412260	0.577716
0.412880	0.553313
0.413500	0.541090
0.414120	0.562214
0.414740	0.547940
0.415360	0.549877
0.415980	0.559493
0.416600	0.560400
0.417220	0.551788
0.417840	0.546147
0.418460	0.535167
0.419080	0.541464
0.419700	0.538892
0.420320	0.548535
0.420940	0.570095
0.421560	0.560534
0.422180	0.573740
0.422800	0.547821
0.423420	0.570307
0.424040	0.572968
0.424660	0.596209
0.425280	0.560888
0.425900	0.561567
0.426520	0.570942
0.427140	0.538079
0.427760	0.568588
0.428380	0.561123
0.429000	0.555687
0.429620	0.561754
0.430240	0.514844
0.430860	0.488808
0.431480	0.565129
0.432100	0.607997
0.432720	0.572209
0.433340	0.630337
0.433960	0.646580
0.434580	0.621938
0.435200	0.602361
0.435820	0.597397
0.436440	0.606249
0.437060	0.602777
0.437680	0.593805
0.438300	0.575055
0.438920	0.583971
0.439540	0.604332
0.440160	0.608009
0.440780	0.600501
0.441400	0.622789
0.442020	0.624125
0.442640	0.632480
0.443260	0.628298
0.443880	0.627356
0.444500	0.631627
0.445120	0.637672
0.445740	0.624811
0.446360	0.627655
0.446980	0.641139
0.447600	0.649946
0.448220	0.651399
0.448840	0.654943
0.449460	0.637904
0.450080	0.660761
0.450700	0.667390
0.451320	0.666732
0.451940	0.660082
0.452560	0.650258
0.453180	0.649183
0.453800	0.656424
0.454420	0.658406
0.455040	0.671402
0.455660	0.678048
0.456280	0.671218
0.456900	0.664470
0.457520	0.670398
0.458140	0.667496
0.458760	0.662319
0.459380	0.667850
0.460000	0.662190
0.460620	0.676341
0.461240	0.679581
0.461860	0.678846
0.462480	0.678690
0.463100	0.680083
0.463720	0.677365
0.464340	0.671463
0.464960	0.667154
0.465580	0.675532
0.466200	0.679023
0.466820	0.665532
0.467440	0.677091
0.468060	0.672190
0.468680	0.668644
0.469300	0.679001
0.469920	0.687314
0.470540	0.679287
0.471160	0.684021
0.471780	0.692468
0.472400	0.696262
0.473020	0.680888
0.473640	0.690185
0.474260	0.702466
0.474880	0.709821
0.475500	0.695111
0.476120	0.701838
0.476740	0.692621
0.477360	0.715578
0.477980	0.723448
0.478600	0.710219
0.479220	0.711410
0.479840	0.717030
0.480460	0.722027
0.481080	0.713747
0.481700	0.722968
0.482320	0.719266
0.482940	0.719554
0.483560	0.717624
0.484180	0.716605
0.484800	0.729628
0.485420	0.745097
0.486040	0.766489
0.486660	0.734131
0.487280	0.724138
0.487900	0.746787
0.488520	0.734803
0.489140	0.722246
0.489760	0.739488
0.490380	0.732944
0.491000	0.725522
0.491620	0.726025
0.492240	0.714749
0.492860	0.731625
0.493480	0.742533
0.494100	0.740206
0.494720	0.746962
0.495340	0.748798
0.495960	0.738356
0.496580	0.744243
0.497200	0.744997
0.497820	0.746438
0.498440	0.728008
0.499060	0.747617
0.499680	0.747332
0.500300	0.727115
0.500920	0.736055
0.501540	0.737240
0.502160	0.741239
0.502780	0.745420
0.503400	0.753493
0.504020	0.752077
0.504640	0.752739
0.505260	0.754301
0.505880	0.756901
0.506500	0.764217
0.507120	0.759807
0.507740	0.741552
0.508360	0.743805
0.508980	0.768592
0.509600	0.760425
0.510220	0.767046
0.510840	0.762734
0.511460	0.770424
0.512080	0.771475
0.512700	0.761620
0.513320	0.767162
0.513940	0.762865
0.514560	0.760006
0.515180	0.756766
0.515800	0.769180
0.516420	0.750557
0.517040	0.713098
0.517660	0.752001
0.518280	0.744020
0.518900	0.760403
0.519520	0.766153
0.520140	0.793015
0.520760	0.778466
0.521380	0.784606
0.522000	0.785744
0.522620	0.776899
0.523240	0.777481
0.523860	0.798393
0.524480	0.805568
0.525100	0.798295
0.525720	0.804860
0.526340	0.778099
0.526960	0.764617
0.527580	0.806760
0.528200	0.799047
0.528820	0.817071
0.529440	0.821102
0.530060	0.809954
0.530680	0.824339
0.531300	0.821637
0.531920	0.814191
0.532540	0.798916
0.533160	0.818083
0.533780	0.829805
0.534400	0.822221
0.535020	0.826960
0.535640	0.834285
0.536260	0.834455
0.536880	0.818592
0.537500	0.832805
0.538120	0.841814
0.538740	0.839145
0.539360	0.818153
0.539980	0.820522
0.540600	0.811201
0.541220	0.827383
0.541840	0.845392
0.542460	0.845705
0.543080	0.846303
0.543700	0.836811
0.544320	0.852667
0.544940	0.854647
0.545560	0.854145
0.546180	0.851895
0.546800	0.844755
0.547420	0.839964
0.548040	0.851977
0.548660	0.858622
0.549280	0.845573
0.549900	0.851603
0.550520	0.856604
0.551140	0.849104
0.551760	0.852217
0.552380	0.858327
0.553000	0.851209
0.553620	0.870763
0.554240	0.855831
0.554860	0.866628
0.555480	0.868765
0.556100	0.871001
0.556720	0.863127
0.557340	0.870464
0.557960	0.859704
0.558580	0.861481
0.559200	0.861460
0.559820	0.887466
0.560440	0.890544
0.561060	0.883337
0.561680	0.885381
0.562300	0.867379
0.562920	0.900881
0.563540	0.902481
0.564160	0.863813
0.564780	0.889568
0.565400	0.892644
0.566020	0.881864
0.566640	0.963678
0.567260	0.812730
0.567880	 1.02450
0.568500	 1.05286
0.569120	0.876959
0.569740	0.888158
0.570100	0.933071
0.570720	0.914413
0.571340	0.921734
0.571960	0.927157
0.572580	0.913416
0.573200	0.915751
0.573820	0.913991
0.574440	0.924016
0.575060	0.927656
0.575680	0.921702
0.576300	0.912503
0.576920	0.954583
0.577540	0.941843
0.578160	0.935827
0.578780	0.933366
0.579400	0.947111
0.580020	0.946953
0.580640	0.949569
0.581260	0.945851
0.581880	0.957726
0.582500	0.968091
0.583120	0.962495
0.583740	0.962218
0.584360	0.970978
0.584980	0.965521
0.585600	0.973045
0.586220	0.957128
0.586840	0.963580
0.587460	0.969872
0.588080	0.966722
0.588700	0.973012
0.589320	0.962413
0.589940	0.965873
0.590560	0.969219
0.591180	0.969311
0.591800	0.975458
0.592420	0.983735
0.593040	0.976228
0.593660	0.990387
0.594280	 1.00088
0.594900	0.975176
0.595520	0.982770
0.596140	0.988159
0.596760	 1.00470
0.597380	0.990925
0.598000	 1.00009
0.598620	 1.00057
0.599240	 1.00169
0.599860	 1.00785
0.600480	 1.00905
0.601100	0.996940
0.601720	 1.00001
0.602340	0.995289
0.602960	 1.00402
0.603580	 1.01906
0.604200	 1.01128
0.604820	 1.02180
0.605440	 1.01221
0.606060	 1.01919
0.606680	 1.02303
0.607300	 1.02460
0.607920	 1.02090
0.608540	 1.01203
0.609160	 1.00580
0.609780	 1.02785
0.610400	 1.01987
0.611020	 1.02623
0.611640	 1.03487
0.612260	 1.03285
0.612880	 1.03902
0.613500	 1.03256
0.614120	 1.02562
0.614740	 1.03216
0.615360	 1.03466
0.615980	 1.03149
0.616600	 1.03343
0.617220	 1.03436
0.617840	 1.05185
0.618460	 1.04546
0.619080	 1.05497
0.619700	 1.05768
0.620320	 1.05726
0.620940	 1.06569
0.621560	 1.04786
0.622180	 1.05084
0.622800	 1.05900
0.623420	 1.06221
0.624040	 1.05637
0.624660	 1.04023
0.625280	 1.03594
0.625900	 1.05468
0.626520	 1.07238
0.627140	 1.07279
0.627760	 1.08782
0.628380	 1.09156
0.629000	 1.09218
0.629620	 1.08332
0.630240	 1.07281
0.630860	 1.08441
0.631480	 1.07362
0.632100	 1.07906
0.632720	 1.08929
0.633340	 1.07906
0.633960	 1.09048
0.634580	 1.09350
0.635200	 1.09368
0.635820	 1.09191
0.636440	 1.08746
0.637060	 1.11137
0.637680	 1.10864
0.638300	 1.10126
0.638920	 1.10050
0.639540	 1.09839
0.640160	 1.10488
0.640780	 1.09842
0.641400	 1.10820
0.642020	 1.11812
0.642640	 1.13035
0.643260	 1.12822
0.643880	 1.10942
0.644500	 1.13304
0.645120	 1.12733
0.645740	 1.12780
0.646360	 1.12391
0.646980	 1.13493
0.647600	 1.14328
0.648220	 1.13694
0.648840	 1.14164
0.649460	 1.11344
0.650080	 1.13686
0.650700	 1.13657
0.651320	 1.15033
0.651940	 1.14853
0.652560	 1.15165
0.653180	 1.15244
0.653800	 1.16499
0.654420	 1.15514
0.655040	 1.17098
0.655660	 1.17761
0.656280	 1.17531
0.656900	 1.19721
0.657520	 1.17175
0.658140	 1.16757
0.658760	 1.16344
0.659380	 1.15629
0.660000	 1.16116
0.660620	 1.16737
0.661240	 1.17146
0.661860	 1.17656
0.662480	 1.16742
0.663100	 1.16737
0.663720	 1.16353
0.664340	 1.17339
0.664960	 1.17038
0.665580	 1.17381
0.666200	 1.16331
0.666820	 1.17608
0.667440	 1.19035
0.668060	 1.18370
0.668680	 1.19324
0.669300	 1.17686
0.669920	 1.18603
0.670540	 1.18689
0.671160	 1.18609
0.671780	 1.18207
0.672400	 1.19018
0.673020	 1.19312
0.673640	 1.19286
0.674260	 1.19457
0.674880	 1.19376
0.675500	 1.19864
0.676120	 1.20276
0.676740	 1.19262
0.677360	 1.19647
0.677980	 1.20442
0.678600	 1.20383
0.679220	 1.21406
0.679840	 1.20405
0.680460	 1.20340
0.681080	 1.21970
0.681700	 1.21870
0.682320	 1.21992
0.682940	 1.21858
0.683560	 1.23012
0.684180	 1.20532
0.684800	 1.22548
0.685420	 1.22657
0.686040	 1.23176
0.686660	 1.27422
0.687280	 1.22854
0.687900	 1.21582
0.688520	 1.24178
0.689140	 1.24038
0.689760	 1.21017
0.690380	 1.21486
0.691000	 1.23504
0.691620	 1.22749
0.692240	 1.24300
0.692860	 1.24446
0.693480	 1.24773
0.694100	 1.25357
0.694720	 1.24252
0.695340	 1.25647
0.695960	 1.25039
0.696580	 1.25564
0.697200	 1.26000
0.697820	 1.24555
0.698440	 1.26055
0.699060	 1.26804
0.699680	 1.26244
0.700300	 1.26289
0.700920	 1.26158
0.701540	 1.27125
0.702160	 1.26853
0.702780	 1.26764
0.703400	 1.27515
0.704020	 1.27501
0.704640	 1.28128
0.705260	 1.26987
0.705880	 1.27530
0.706500	 1.28190
0.707120	 1.27192
0.707740	 1.29150
0.708360	 1.27611
0.708980	 1.27626
0.709600	 1.27479
0.710220	 1.28669
0.710840	 1.28612
0.711460	 1.28779
0.712080	 1.27956
0.712700	 1.29329
0.713320	 1.28976
0.713940	 1.30001
0.714560	 1.30042
0.715180	 1.29624
0.715800	 1.30796
0.716420	 1.31059
0.717040	 1.31920
0.717660	 1.31209
0.718280	 1.32083
0.718900	 1.32218
0.719520	 1.31314
0.720140	 1.32380
0.720760	 1.29533
0.721380	 1.30620
0.722000	 1.30508
0.722620	 1.32969
0.723240	 1.33785
0.723860	 1.32293
0.724480	 1.32460
0.725100	 1.32940
0.725720	 1.31680
0.726340	 1.34378
0.726960	 1.32512
0.727580	 1.32465
0.728200	 1.32809
0.728820	 1.32109
0.729440	 1.32104
0.730060	 1.35039
0.730680	 1.33898
0.731300	 1.33671
0.731920	 1.34874
0.732540	 1.35441
0.733160	 1.35453
0.733780	 1.36292
0.734400	 1.36102
0.735020	 1.35838
0.735640	 1.36758
0.736260	 1.36958
0.736880	 1.36981
0.737500	 1.36057
0.738120	 1.36981
0.738740	 1.34424
0.739360	 1.37765
0.739980	 1.36744
0.740600	 1.38541
0.741220	 1.36129
0.741840	 1.36897
0.742460	 1.39111
0.743080	 1.38402
0.743700	 1.38656
0.744320	 1.37996
0.744940	 1.38532
0.745560	 1.39320
0.746180	 1.38473
0.746800	 1.39611
0.747420	 1.38950
0.748040	 1.39687
0.748660	 1.39694
0.749280	 1.39257
0.749900	 1.40842
0.750520	 1.39437
0.751140	 1.39838
0.751760	 1.41186
0.752380	 1.40805
0.753000	 1.40416
0.753620	 1.41171
0.754240	 1.41235
0.754860	 1.40751
0.755480	 1.41402
0.756100	 1.42706
0.756720	 1.42127
0.757340	 1.43307
0.757960	 1.43681
0.758580	 1.41516
0.759200	 1.45240
0.759820	 1.54191
0.760440	 1.50144
0.761060	 1.48084
0.761680	 1.38297
0.762300	 1.49047
0.762920	 1.37558
0.763540	 1.25827
0.764160	 1.34021
0.764780	 1.36447
0.765400	 1.37150
0.766020	 1.38156
0.766640	 1.49452
0.767260	 1.46944
0.767880	 1.46623
0.768500	 1.46837
0.769120	 1.45277
0.769740	 1.46233
0.770360	 1.47273
0.770980	 1.46212
0.771600	 1.46295
0.772220	 1.46537
0.772840	 1.46331
0.773460	 1.46242
0.774080	 1.46952
0.774700	 1.45970
0.775320	 1.47796
0.775940	 1.47859
0.776560	 1.47594
0.777180	 1.48084
0.777800	 1.47625
0.778420	 1.47595
0.779040	 1.49090
0.779660	 1.48532
0.780280	 1.48981
0.780900	 1.48429
0.781520	 1.49403
0.782140	 1.49941
0.782760	 1.48458
0.783380	 1.48768
0.784000	 1.49727
0.784620	 1.49520
0.785240	 1.48683
0.785860	 1.48916
0.786480	 1.50700
0.787100	 1.50168
0.787720	 1.50453
0.788340	 1.49543
0.788960	 1.51672
0.789580	 1.51902
0.790200	 1.51499
0.790820	 1.52373
0.791440	 1.49523
0.792060	 1.51038
0.792680	 1.50814
0.793300	 1.52250
0.793920	 1.50453
0.794540	 1.50076
0.795160	 1.51961
0.795780	 1.51772
0.796400	 1.51872
0.797020	 1.51572
0.797640	 1.52506
0.798260	 1.53416
0.798880	 1.52491
0.799500	 1.51713
0.800120	 1.53423
0.800740	 1.54274
0.801360	 1.54313
0.801980	 1.54003
0.802600	 1.54117
0.803220	 1.55364
0.803840	 1.54916
0.804460	 1.54818
0.805080	 1.54936
0.805700	 1.55022
0.806320	 1.55153
0.806940	 1.54228
0.807560	 1.55307
0.808180	 1.54539
0.808800	 1.54859
0.809420	 1.54554
0.810040	 1.54135
0.810660	 1.55253
0.811280	 1.57022
0.811900	 1.56039
0.812520	 1.57063
0.813140	 1.58793
0.813760	 1.57193
0.814380	 1.57321
0.815000	 1.58909
0.815620	 1.58577
0.816240	 1.59316
0.816860	 1.58360
0.817480	 1.58110
0.818100	 1.55255
0.818720	 1.58188
0.819340	 1.55094
0.819960	 1.57669
0.820580	 1.58235
0.821200	 1.58149
0.821820	 1.59341
0.822440	 1.62078
0.823060	 1.60194
0.823680	 1.59633
0.824300	 1.59837
0.824920	 1.60390
0.825540	 1.60712
0.826160	 1.60836
0.826780	 1.60775
0.827400	 1.61963
0.828020	 1.62737
0.828640	 1.61969
0.829260	 1.60596
0.829880	 1.60395
0.830500	 1.61532
0.831120	 1.62813
0.831740	 1.62415
0.832360	 1.60933
0.832980	 1.60075
0.833600	 1.62204
0.834220	 1.64170
0.834840	 1.61851
0.835460	 1.63582
0.836080	 1.62333
0.836700	 1.62637
0.837320	 1.63775
0.837940	 1.62687
0.838560	 1.61873
0.839180	 1.61971
0.839800	 1.63314
0.840420	 1.64555
0.841040	 1.63423
0.841660	 1.63855
0.842280	 1.64858
0.842900	 1.63476
0.843520	 1.65556
0.844140	 1.65481
0.844760	 1.65379
0.845380	 1.66215
0.846000	 1.65334
0.846620	 1.65100
0.847240	 1.65103
0.847860	 1.65567
0.848480	 1.65138
0.849100	 1.66911
0.849720	 1.59560
0.850340	 1.65333
0.850960	 1.66844
0.851580	 1.65633
0.852200	 1.66620
0.852820	 1.66168
0.853440	 1.66641
0.854060	 1.54873
0.854680	 1.74971
0.855300	 1.67774
0.855920	 1.66357
0.856540	 1.67807
0.857160	 1.68595
0.857780	 1.69053
0.858400	 1.68378
0.859020	 1.68859
0.859640	 1.68517
0.860260	 1.69064
0.860880	 1.67929
0.861500	 1.67637
0.862120	 1.68790
0.862740	 1.70245
0.863360	 1.69756
0.863980	 1.70146
0.864600	 1.68040
0.865220	 1.68706
0.865840	 1.65787
0.866460	 1.69682
0.867080	 1.70537
0.867700	 1.69225
0.868320	 1.69239
0.868940	 1.68361
0.869560	 1.70480
0.870180	 1.69907
0.870800	 1.70641
0.871420	 1.71450
0.872040	 1.72148
0.872660	 1.71063
0.873280	 1.72216
0.873900	 1.69432
0.874520	 1.71967
0.875140	 1.74247
0.875760	 1.72017
0.876380	 1.71594
0.877000	 1.71266
0.877620	 1.71118
0.878240	 1.71843
0.878860	 1.72892
0.879480	 1.72724
0.880100	 1.72937
0.880720	 1.67902
0.881340	 1.72904
0.881960	 1.72838
0.882580	 1.69748
0.883200	 1.74325
0.883820	 1.73953
0.884440	 1.74760
0.885060	 1.75778
0.885680	 1.74642
0.886300	 1.75969
0.886920	 1.75308
0.887540	 1.74095
0.888160	 1.73773
0.888780	 1.73159
0.889400	 1.72930
0.890020	 1.74508
0.890640	 1.73185
0.891260	 1.75933
0.891880	 1.74290
0.892500	 1.73699
0.893120	 1.76441
0.893740	 1.75555
0.894360	 1.74028
0.894980	 1.75849
0.895600	 1.76048
0.896220	 1.77832
0.896840	 1.75947
0.897460	 1.75914
0.898080	 1.77047
0.898700	 1.78009
0.899320	 1.76119
0.899940	 1.76304
0.900560	 1.76373
0.901180	 1.74685
0.901800	 1.79568
0.902420	 1.79212
0.903040	 1.77414
0.903660	 1.78337
0.904280	 1.81204
0.904900	 1.78794
0.905520	 1.80485
0.906140	 1.78733
0.906760	 1.80189
0.907380	 1.80229
0.908000	 1.79460
0.908620	 1.77839
0.909240	 1.83285
0.909860	 1.81799
0.910480	 1.79291
0.911100	 1.79679
0.911720	 1.84421
0.912340	 1.81455
0.912960	 1.84613
0.913580	 1.85525
0.914200	 1.81478
0.914820	 1.79928
0.915440	 1.80779
0.916060	 1.80431
0.916680	 1.82439
0.917300	 1.82130
0.917920	 1.80414
0.918540	 1.81774
0.919160	 1.80279
0.919780	 1.82075
0.920400	 1.83574
0.921020	 1.81660
0.921640	 1.82441
0.922260	 1.86548
0.922880	 1.85259
0.923500	 1.86408
0.924120	 1.84931
0.924740	 1.84144
0.925360	 1.82932
0.925980	 1.83156
0.926600	 1.84327
0.927220	 1.85072
0.927840	 1.87016
0.928460	 1.85101
0.929080	 1.84831
0.929700	 1.86893
0.930320	 1.87505
0.930940	 1.89687
0.931560	 1.91822
0.932180	 1.95274
0.932800	 1.91429
0.933420	 1.94499
0.934040	 1.87092
0.934660	 1.77967
0.935280	 1.85997
0.935900	 1.71959
0.936520	 1.90509
0.937140	 1.97836
0.937760	 1.96462
0.938380	 1.83236
0.939000	 1.83930
0.939620	 1.88284
0.940240	 1.90181
0.940860	 1.92423
0.941480	 1.81294
0.942100	 1.86526
0.942720	 1.91260
0.943340	 1.84976
0.943960	 1.88554
0.944580	 1.81915
0.945200	 1.88886
0.945820	 1.83858
0.946440	 1.83163
0.947060	 1.92765
0.947680	 1.93109
0.948300	 1.98373
0.948920	 1.91969
0.949540	 1.95138
0.950160	 1.88582
0.950780	 1.91169
0.951400	 1.92240
0.952020	 1.86412
0.952640	 1.89903
0.953260	 1.90341
0.953880	 1.93145
0.954500	 1.93319
0.955120	 1.94148
0.955740	 1.88746
0.956360	 1.99162
0.956980	 1.90064
0.957600	 1.94361
0.958220	 1.96265
0.958840	 1.97734
0.959460	 1.92180
0.960080	 1.90849
0.960700	 1.92710
0.961320	 1.94992
0.961940	 1.93132
0.962560	 1.89111
0.963180	 1.91770
0.963800	 1.94651
0.964420	 1.92860
0.965040	 1.90733
0.965660	 1.89924
0.966280	 1.97439
0.966900	 1.93073
0.967520	 1.90335
0.968140	 1.95373
0.968760	 1.92710
0.969380	 1.93514
0.970000	 1.95049
0.970620	 1.91704
0.971240	 1.95769
0.971860	 1.92447
0.972480	 1.95148
0.973100	 1.92207
0.973720	 1.90711
0.974340	 1.95037
0.974960	 1.99445
0.975580	 1.97572
0.976200	 1.93708
0.976820	 1.94071
0.977440	 1.95080
0.978060	 1.97633
0.978680	 1.95379
0.979300	 1.92854
0.979920	 1.96095
0.980540	 1.94806
0.981160	 1.98597
0.981780	 2.00959
0.982400	 1.95825
0.983020	 1.97197
0.983640	 1.93945
0.984260	 1.97507
0.984880	 1.97285
0.985500	 1.97377
0.986120	 1.96595
0.986740	 1.95347
0.987360	 1.94562
0.987980	 1.95044
0.988600	 1.97994
0.989220	 1.95498
0.989840	 1.99366
0.990460	 1.97765
0.991080	 1.99421
0.991700	 1.96038
0.992320	 1.96293
0.992940	 1.96305
0.993560	 1.99223
0.994180	 1.99905
0.994800	 1.95602
0.995420	 1.99170
0.996040	 1.96864
0.996660	 1.96056
0.997280	 1.94651
0.997900	 1.98100
0.998520	 1.96815
0.999140	 1.98357
0.999760	 2.00220
 1.00038	 2.01303
 1.00100	 1.98230
 1.00162	 1.93439
 1.00224	 2.01947
 1.00286	 2.00629
 1.00348	 1.97840
 1.00410	 2.03807
 1.00472	 2.01799
 1.00534	 2.08576
 1.00596	 1.95988
 1.00658	 1.96027
 1.00720	 2.00542
 1.00782	 2.02985
 1.00844	 2.06894
 1.00906	 1.98904
 1.00968	 2.05586
 1.01030	 2.08439
 1.01092	 2.03374
 1.01154	 2.03728
 1.01216	 2.01078
 1.01278	 2.07209
 1.01340	 1.95092
 1.01402	 2.05765
 1.01464	 2.02507
 1.01526	 2.06179
 1.01588	 2.03861
 1.01650	 2.03959
 1.01712	 1.98707
 1.01774	 1.99288
 1.01836	 2.02107
 1.01898	 1.97243
 1.01960	 2.09349
 1.02030	 2.05522
 1.02216	 2.07809
 1.02402	 2.06648
 1.02588	 2.08612
 1.02774	 2.06467
 1.02960	 2.09036
 1.03146	 2.08269
 1.03332	 2.09978
 1.03518	 2.09759
 1.03704	 2.13744
 1.03890	 2.12277
 1.04076	 2.12681
 1.04262	 2.13547
 1.04448	 2.13031
 1.04634	 2.12835
 1.04820	 2.13998
 1.05006	 2.12574
 1.05192	 2.15778
 1.05378	 2.14009
 1.05564	 2.14218
 1.05750	 2.15169
 1.05936	 2.15272
 1.06122	 2.16994
 1.06308	 2.16924
 1.06494	 2.17409
 1.06680	 2.17873
 1.06866	 2.18023
 1.07052	 2.22258
 1.07238	 2.14974
 1.07424	 2.17807
 1.07610	 2.18738
 1.07796	 2.18820
 1.07982	 2.21662
 1.08168	 2.20221
 1.08354	 2.18086
 1.08540	 2.20000
 1.08726	 2.20227
 1.08912	 2.20570
 1.09098	 2.22742
 1.09284	 2.21390
 1.09470	 2.28988
 1.09656	 2.23383
 1.09842	 2.23853
 1.10028	 2.22381
 1.10214	 2.25137
 1.10400	 2.25364
 1.10586	 2.25447
 1.10772	 2.22296
 1.10958	 2.24423
 1.11144	 2.28221
 1.11330	 2.27796
 1.11516	 2.27523
 1.11702	 2.27206
 1.11888	 2.33883
 1.12074	 2.29492
 1.12260	 2.30678
 1.12446	 2.26072
 1.12632	 2.29800
 1.12818	 2.31580
 1.13004	 2.27908
 1.13190	 2.27380
 1.13376	 2.33920
 1.13562	 2.28949
 1.13748	 2.30396
 1.13934	 2.26228
 1.14120	 2.27564
 1.14306	 2.32461
 1.14492	 2.37412
 1.14678	 2.35026
 1.14864	 2.36118
 1.15050	 2.33904
 1.15236	 2.32702
 1.15422	 2.38308
 1.15608	 2.34828
 1.15794	 2.32052
 1.15980	 2.33676
 1.16166	 2.29060
 1.16352	 2.26272
 1.16538	 2.27774
 1.16724	 2.33142
 1.16910	 2.31999
 1.17096	 2.33172
 1.17282	 2.35371
 1.17468	 2.36624
 1.17654	 2.41246
 1.17840	 2.41422
 1.18026	 2.37046
 1.18212	 2.36979
 1.18398	 2.42162
 1.18584	 2.37719
 1.18770	 2.35939
 1.18956	 2.31390
 1.19142	 2.38652
 1.19328	 2.38887
 1.19514	 2.39844
 1.19700	 2.42148
 1.19886	 2.40028
 1.20072	 2.43091
 1.20258	 2.42806
 1.20444	 2.40622
 1.20630	 2.42196
 1.20816	 2.43318
 1.21002	 2.37860
 1.21188	 2.42661
 1.21374	 2.46026
 1.21560	 2.45239
 1.21746	 2.44663
 1.21932	 2.48240
 1.22118	 2.46671
 1.22304	 2.49639
 1.22490	 2.44326
 1.22676	 2.46633
 1.22862	 2.44414
 1.23048	 2.48884
 1.23234	 2.47102
 1.23420	 2.48545
 1.23606	 2.48074
 1.23792	 2.49278
 1.23978	 2.49681
 1.24164	 2.46320
 1.24350	 2.48011
 1.24536	 2.48075
 1.24722	 2.48264
 1.24908	 2.51142
 1.25094	 2.50126
 1.25280	 2.50345
 1.25466	 2.52967
 1.25652	 2.53780
 1.25838	 2.53621
 1.26024	 2.55340
 1.26210	 2.53118
 1.26396	 2.50986
 1.26582	 2.51898
 1.26768	 2.61614
 1.26954	 2.58330
 1.27140	 2.54940
 1.27326	 2.54058
 1.27512	 2.51164
 1.27698	 2.53794
 1.27884	 2.56501
 1.28070	 2.54393
 1.28256	 2.60037
 1.28442	 2.60828
 1.28628	 2.54618
 1.28814	 2.53633
 1.29000	 2.54939
 1.29186	 2.54558
 1.29372	 2.56725
 1.29558	 2.58366
 1.29744	 2.55528
 1.29930	 2.60344
 1.30116	 2.57112
 1.30302	 2.60735
 1.30488	 2.59241
 1.30674	 2.58371
 1.30860	 2.61832
 1.31046	 2.62694
 1.31232	 2.61421
 1.31418	 2.59787
 1.31604	 2.59274
 1.31790	 2.58937
 1.31976	 2.60936
 1.32162	 2.62360
 1.32348	 2.61897
 1.32534	 2.61570
 1.32720	 2.62745
 1.32906	 2.60295
 1.33092	 2.64988
 1.33278	 2.57832
 1.33464	 2.53788
 1.33650	 2.59306
 1.33836	 2.61877
 1.34022	 2.64732
 1.34208	 2.62350
 1.34394	 2.70051
 1.34580	 2.69365
 1.34766	 2.76780
 1.34952	 2.78744
 1.45182	 2.79440
 1.45368	 2.70625
 1.45554	 2.68659
 1.45740	 2.67770
 1.45926	 2.71864
 1.46112	 2.71584
 1.46298	 2.72269
 1.46484	 2.66611
 1.46670	 2.70339
 1.46856	 2.73496
 1.47042	 2.79307
 1.47228	 2.70412
 1.47414	 2.67769
 1.47600	 2.69928
 1.47786	 2.64155
 1.47972	 2.58648
 1.48158	 2.54373
 1.48344	 2.53676
 1.48530	 2.55772
 1.48716	 2.47091
 1.48902	 2.51330
 1.49088	 2.48708
 1.49274	 2.50888
 1.49460	 2.50391
 1.49646	 2.45755
 1.49832	 2.46095
 1.50018	 2.43693
 1.50204	 2.43602
 1.50390	 2.38067
 1.50576	 2.40892
 1.50762	 2.44882
 1.50948	 2.45619
 1.51134	 2.45481
 1.51320	 2.45729
 1.51506	 2.44913
 1.51692	 2.47387
 1.51878	 2.47386
 1.52064	 2.48957
 1.52250	 2.46713
 1.52436	 2.46901
 1.52622	 2.49306
 1.52808	 2.47616
 1.52994	 2.50267
 1.53180	 2.49613
 1.53366	 2.50171
 1.53552	 2.52519
 1.53738	 2.51236
 1.53924	 2.49505
 1.54110	 2.51382
 1.54296	 2.50212
 1.54482	 2.53319
 1.54668	 2.52340
 1.54854	 2.54037
 1.55040	 2.50314
 1.55226	 2.53462
 1.55412	 2.51905
 1.55598	 2.51281
 1.55784	 2.52079
 1.55970	 2.48621
 1.56156	 2.51363
 1.56342	 2.53351
 1.56528	 2.52624
 1.56714	 2.50606
 1.56900	 2.50238
 1.57086	 2.55777
 1.57272	 2.53532
 1.57458	 2.52377
 1.57644	 2.43277
 1.57830	 2.52630
 1.58016	 2.59292
 1.58202	 2.53519
 1.58388	 2.58998
 1.58574	 2.59722
 1.58760	 2.61124
 1.58946	 2.54915
 1.59132	 2.63441
 1.59318	 2.66587
 1.59504	 2.64569
 1.59690	 2.63898
 1.59876	 2.67601
 1.60062	 2.69467
 1.60248	 2.71409
 1.60434	 2.71755
 1.60620	 2.77860
 1.60806	 2.77272
 1.60992	 2.70660
 1.61178	 2.76192
 1.61364	 2.77866
 1.61550	 2.71223
 1.61736	 2.73205
 1.61922	 2.70904
 1.62108	 2.76084
 1.62294	 2.76408
 1.62480	 2.77010
 1.62666	 2.74476
 1.62852	 2.74901
 1.63038	 2.76449
 1.63224	 2.70375
 1.63410	 2.72082
 1.63596	 2.68105
 1.63782	 2.67594
 1.63968	 2.67568
 1.64154	 2.68027
 1.64340	 2.60774
 1.64526	 2.63319
 1.64712	 2.56972
 1.64898	 2.56889
 1.65084	 2.52416
 1.65270	 2.51336
 1.65456	 2.52901
 1.65642	 2.51839
 1.65828	 2.53778
 1.66014	 2.56113
 1.66200	 2.57200
 1.66386	 2.58212
 1.66572	 2.61086
 1.66758	 2.59578
 1.66944	 2.71156
 1.67130	 2.63843
 1.67316	 2.71966
 1.67502	 2.75114
 1.67688	 2.79752
 1.67874	 2.82745
 1.68060	 2.87719
 1.68246	 2.87572
 1.68432	 2.89536
 1.68618	 2.86307
 1.68804	 2.83725
 1.68990	 2.85540
 1.69176	 2.87842
 1.69362	 2.88200
 1.69548	 2.87965
 1.69734	 2.90914
 1.69920	 2.92278
 1.70106	 2.90487
 1.70292	 2.90633
 1.70478	 2.92425
 1.70664	 2.93114
 1.70850	 2.92937
 1.71036	 2.85632
 1.71222	 2.90504
 1.71408	 2.93028
 1.71594	 2.90011
 1.71780	 2.88827
 1.71966	 2.84645
 1.72152	 2.86403
 1.72338	 2.88171
 1.72524	 2.88906
 1.72710	 2.89062
 1.72896	 2.93043
 1.73082	 2.96243
 1.73268	 2.91439
 1.73454	 2.95234
 1.73640	 3.05050
 1.73826	 3.04950
 1.74012	 2.98837
 1.74198	 3.00881
 1.74384	 3.06738
 1.74570	 3.05646
 1.74756	 2.97288
 1.74942	 2.92670
 1.75128	 3.01263
 1.75314	 2.99058
 1.75500	 2.96886
 1.75686	 3.06317
 1.75872	 2.97909
 1.76058	 2.96823
 1.76244	 2.97177
 1.76430	 3.01892
 1.76616	 2.98295
 1.76802	 2.97969
 1.76988	 2.97234
 1.77174	 2.94746
 1.77360	 2.97742
 1.77546	 2.97737
 1.77732	 2.98399
 1.77918	 2.95313
 1.78104	 2.95492
 1.78290	 2.98040
 1.78476	 2.95840
 1.78662	 2.98785
 1.78848	 2.92426
 1.79034	 2.99416
 1.79220	 2.98561
 1.79406	 2.89954
 1.79592	 2.95841
 1.79778	 2.96868
 1.79964	 3.24990
 1.98006	 2.43141
 1.98192	 2.39780
 1.98378	 2.37583
 1.98564	 2.36361
 1.98750	 2.35755
 1.98936	 2.43327
 1.99122	 2.26923
 1.99308	 2.27821
 1.99494	 2.29855
 1.99680	 2.25889
 1.99866	 2.50212
 2.00052	 2.45216
 2.00238	 2.55833
 2.00424	 2.30649
 2.00610	 2.30991
 2.00796	 2.43676
 2.00982	 2.29443
 2.01168	 2.37997
 2.01354	 2.55596
 2.01540	 2.45607
 2.01726	 2.50809
 2.01912	 2.41871
 2.02098	 2.29441
 2.02284	 2.28035
 2.02470	 2.37214
 2.02656	 2.27773
 2.02842	 2.29617
 2.03028	 2.25875
 2.03214	 2.25696
 2.03400	 2.27363
 2.03586	 2.22638
 2.03772	 2.26553
 2.03958	 2.32896
 2.04144	 2.28629
 2.04330	 2.31684
 2.04516	 2.20617
 2.04702	 2.29192
 2.04888	 2.41586
 2.05074	 2.36620
 2.05260	 2.42003
 2.05446	 2.32822
 2.05632	 2.41296
 2.05818	 2.25977
 2.06004	 2.38290
 2.06190	 2.35040
 2.06376	 2.29848
 2.06562	 2.23034
 2.06748	 2.46853
 2.06934	 2.37996
 2.07120	 2.44039
 2.07306	 2.23432
 2.07492	 2.32176
 2.07678	 2.30465
 2.07864	 2.27584
 2.08050	 2.25272
 2.08236	 2.37616
 2.08422	 2.35480
 2.08608	 2.26795
 2.08794	 2.29862
 2.08980	 2.49062
 2.09166	 2.33229
 2.09352	 2.42711
 2.09538	 2.47023
 2.09724	 2.48858
 2.09910	 2.51861
 2.10096	 2.45585
 2.10282	 2.53116
 2.10468	 2.36667
 2.10654	 2.49250
 2.10840	 2.59431
 2.11026	 2.58817
 2.11212	 2.51005
 2.11398	 2.48909
 2.11584	 2.60407
 2.11770	 2.47215
 2.11956	 2.60046
 2.12142	 2.66054
 2.12328	 2.65432
 2.12514	 2.69654
 2.12700	 2.72737
 2.12886	 2.71622
 2.13072	 2.69394
 2.13258	 2.76722
 2.13444	 2.66370
 2.13630	 2.79932
 2.13816	 2.64993
 2.14002	 2.81193
 2.14188	 2.73714
 2.14374	 2.75709
 2.14560	 2.70627
 2.14746	 2.95485
 2.14932	 2.66189
 2.15118	 2.76185
 2.15304	 2.87286
 2.15490	 2.85521
 2.15676	 2.84844
 2.15862	 2.85935
 2.16048	 2.92281
 2.16234	 2.96673
 2.16420	 2.78179
 2.16606	 2.85132
 2.16792	 2.95927
 2.16978	 2.84840
 2.17164	 2.81612
 2.17350	 2.90375
 2.17536	 2.88225
 2.17722	 3.03278
 2.17908	 2.98904
 2.18094	 2.89356
 2.18280	 2.87367
 2.18466	 2.86030
 2.18652	 2.88312
 2.18838	 2.80977
 2.19024	 2.95414
 2.19210	 2.85651
 2.19396	 2.88592
 2.19582	 2.96057
 2.19768	 2.92528
 2.19954	 2.85733
 2.20140	 2.84464
 2.20326	 2.96402
 2.20512	 2.73563
 2.20698	 2.80948
 2.20884	 2.73826
 2.21070	 2.84896
 2.21256	 2.82474
 2.21442	 3.03707
 2.21628	 2.97362
 2.21814	 2.91478
 2.22000	 2.65348
 2.22186	 2.86960
 2.22372	 2.81979
 2.22558	 2.84493
 2.22744	 3.06712
 2.22930	 2.72641
 2.23116	 2.85691
 2.23302	 3.09415
 2.23488	 2.77593
 2.23674	 2.76725
 2.23860	 2.73177
 2.24046	 2.66386
 2.24232	 2.90738
 2.24418	 2.86483
 2.24604	 2.99235
 2.24790	 2.76135
 2.24976	 2.87856
 2.25162	 2.58708
 2.25348	 2.87892
 2.25534	 2.81694
 2.25720	 2.75140
 2.25906	 2.83441
 2.26092	 2.64285
 2.26278	 2.98486
 2.26464	 2.81727
 2.26650	 2.92967
 2.26836	 2.70095
 2.27022	 2.95769
 2.27208	 4.37102
 2.27394	 2.45834
 2.27580	 2.54566
 2.27766	 2.54252
 2.27952	 2.65646
 2.28138	 2.40403
 2.28324	 2.45727
 2.28510	 2.63630
 2.28696	 2.28267
 2.28882	 2.64992
 2.29068	 2.38479
 2.29254	 2.14376
 2.29440	 2.30848
 2.29626	 2.46938
 2.29812	 2.46345
 2.29998	 2.60846
 2.30184	 2.42954
 2.30370	 2.51178
 2.30556	 2.20765
 2.30742	 2.25137
 2.30928	 2.34306
 2.31114	 2.12999
 2.31300	 2.21115
 2.31486	 2.23443
 2.31672	 1.92921
 2.31858	 2.36141
 2.32044	 2.50941
 2.32230	 2.02106
 2.32416	 2.35706
 2.32602	 2.27658
 2.32788	 2.17290
 2.32974	 1.90104
 2.33160	 2.59452
 2.33346	 2.29492
 2.33532	 2.29970
 2.33718	 2.07122
 2.33904	 2.35966
 2.34090	 2.12930
 2.34276	 2.12235
 2.34462	 1.95784
 2.34648	 2.52101
 2.34834	 2.19162
 2.35020	 2.05384
 2.35206	 1.86344
 2.35392	 2.02442
 2.35578	 1.86194
 2.35764	 1.98751
 2.35950	 2.03631
 2.36136	 2.03467
 2.36322	 1.94622
 2.36508	 2.19241
 2.36694	 2.27888
 2.36880	 2.18121
 2.37066	 1.83452
 2.37252	 2.52390
 2.37438	 2.63145
 2.37624	 2.15172
 2.37810	 1.81257
 2.37996	 2.40733
 2.38182	 1.05658
 2.38368	 1.38299
 2.38554	 2.01449
 2.38740	 2.15444
 2.38926	 2.11456
 2.39112	 2.07074
 2.39298	 2.32758
 2.39484	 2.12010
 2.39670	 2.18143
 2.39856	 2.30790
