# DATE = 2025-03-12
# PIPE_VER = 1.17.1
# PMAP = jwst_1322.pmap
# STANDARD_STAR = SNAP-2
# 
# Wavelength (microns), arbitrary reflectance, uncertainty
0.702500 1.066793 0.013359
0.707500 1.028938 0.007234
0.712500 1.009366 0.014888
0.717500 1.011550 0.013069
0.722500 1.028358 0.008615
0.727500 0.999855 0.014643
0.732500 1.011354 0.020270
0.737500 1.031875 0.016566
0.742500 1.010081 0.013062
0.747500 0.995026 0.007847
0.752500 1.003504 0.007862
0.757500 1.011021 0.013501
0.762500 1.018885 0.007126
0.767500 1.021831 0.014713
0.772500 1.038536 0.010561
0.777500 1.028131 0.021310
0.782500 1.018369 0.009182
0.787500 0.999731 0.011887
0.792500 0.983819 0.018296
0.797500 0.979755 0.006776
0.802500 0.995908 0.005400
0.807500 0.985827 0.006462
0.812500 1.003063 0.021295
0.817500 1.050913 0.014382
0.822500 1.075210 0.008534
0.827500 1.054077 0.008477
0.832500 1.054332 0.005368
0.837500 1.048968 0.005714
0.842500 1.023560 0.012089
0.847500 1.008288 0.008761
0.852500 1.018099 0.008755
0.857500 1.025665 0.013202
0.862500 1.017008 0.017962
0.867500 1.021783 0.012561
0.872500 1.020376 0.008259
0.877500 1.027535 0.012510
0.882500 1.031077 0.016066
0.887500 1.033518 0.013593
0.892500 1.044171 0.010701
0.897500 1.040055 0.005548
0.902500 1.043403 0.010297
0.907500 1.041819 0.007711
0.912500 1.039416 0.005824
0.917500 1.031953 0.007014
0.922500 1.034350 0.007921
0.927500 1.027848 0.006413
0.932500 1.033744 0.010258
0.937500 1.045895 0.006006
0.942500 1.046156 0.007838
0.947500 1.042308 0.007472
0.952500 1.033819 0.007168
0.957500 1.047337 0.008071
0.962500 1.049564 0.007394
0.967500 1.054002 0.010992
0.972500 1.063885 0.010690
0.977500 1.067506 0.016000
0.982500 1.075078 0.016817
0.987500 1.075842 0.020734
0.992500 1.073779 0.018873
0.997500 1.066990 0.019973
1.002500 1.075262 0.013411
1.007500 1.079236 0.010833
1.012500 1.074077 0.015286
1.017500 1.078655 0.011218
1.022500 1.073788 0.009436
1.027500 1.077126 0.006905
1.032500 1.079430 0.011690
1.037500 1.083492 0.014285
1.042500 1.065274 0.014110
1.047500 1.055562 0.011087
1.052500 1.060376 0.008844
1.057500 1.058899 0.004462
1.062500 1.067779 0.007401
1.067500 1.063655 0.014196
1.072500 1.057809 0.010670
1.077500 1.045356 0.011433
1.082500 1.054193 0.011662
1.087500 1.053540 0.012748
1.092500 1.072978 0.009304
1.097500 1.077257 0.006401
1.102500 1.077784 0.004939
1.107500 1.085056 0.006914
1.112500 1.080875 0.009306
1.117500 1.089194 0.015672
1.122500 1.087782 0.010955
1.127500 1.087104 0.008068
1.132500 1.091627 0.006885
1.137500 1.092318 0.007712
1.142500 1.091297 0.005613
1.147500 1.091736 0.005768
1.152500 1.093655 0.004797
1.157500 1.091997 0.005614
1.162500 1.097331 0.007350
1.167500 1.099594 0.010106
1.172500 1.106835 0.012798
1.177500 1.109569 0.010715
1.182500 1.118847 0.015059
1.187500 1.102484 0.009865
1.192500 1.088028 0.010323
1.197500 1.088370 0.011873
1.202500 1.094809 0.010305
1.207500 1.105861 0.006218
1.212500 1.110377 0.007057
1.217500 1.114324 0.008916
1.222500 1.106149 0.008491
1.227500 1.104283 0.006300
1.232500 1.111106 0.008891
1.237500 1.117550 0.015015
1.242500 1.103895 0.014969
1.247500 1.100849 0.011389
1.252500 1.086204 0.004781
1.257500 1.088833 0.007990
1.262500 1.096541 0.011551
1.267500 1.095510 0.011564
1.272500 1.097885 0.010702
1.277500 1.096873 0.008599
1.282500 1.092928 0.025472
1.287500 1.094921 0.021428
1.292500 1.092647 0.024701
1.297500 1.088118 0.023505
1.302500 1.076626 0.033023
1.307500 1.081959 0.032942
1.312500 1.079408 0.030677
1.317500 1.091649 0.026753
1.322500 1.091763 0.024748
1.327500 1.086687 0.011866
1.332500 1.080518 0.010200
1.337500 1.093924 0.009049
1.342500 1.091493 0.008775
1.347500 1.089069 0.005769
1.352500 1.096548 0.005349
1.357500 1.103634 0.006089
1.362500 1.103452 0.008588
1.367500 1.102732 0.013119
1.372500 1.108761 0.013549
1.377500 1.092344 0.018684
1.382500 1.092178 0.018406
1.387500 1.096492 0.011563
1.392500 1.103746 0.009593
1.397500 1.098342 0.006312
1.402500 1.097327 0.007846
1.407500 1.097692 0.008378
1.412500 1.099179 0.005713
1.417500 1.094585 0.007058
1.422500 1.099061 0.005523
1.427500 1.097622 0.005056
1.432500 1.094484 0.009841
1.437500 1.101682 0.014120
1.442500 1.097092 0.013569
1.447500 1.092539 0.021482
1.452500 1.080661 0.021083
1.457500 1.061213 0.014897
1.462500 1.062299 0.014486
1.467500 1.062178 0.006613
1.472500 1.067263 0.005725
1.477500 1.065150 0.005572
1.482500 1.062646 0.004722
1.487500 1.059486 0.007003
1.492500 1.045834 0.012781
1.497500 1.036284 0.009683
1.502500 1.039523 0.012506
1.507500 1.030912 0.012149
1.512500 1.028289 0.008006
1.517500 1.020548 0.013170
1.522500 1.011151 0.012284
1.527500 1.017864 0.008410
1.532500 1.022832 0.009350
1.537500 1.028101 0.010644
1.542500 1.029088 0.008314
1.547500 1.032680 0.005722
1.552500 1.028502 0.005734
1.557500 1.028856 0.009594
1.562500 1.028161 0.010001
1.567500 1.035035 0.009913
1.572500 1.038929 0.015474
1.577500 1.042949 0.014729
1.582500 1.044789 0.012330
1.587500 1.028993 0.007641
1.592500 1.038129 0.012035
1.597500 1.047688 0.011574
1.602500 1.047769 0.011451
1.607500 1.051362 0.011847
1.612500 1.043806 0.005374
1.617500 1.048834 0.008572
1.622500 1.050780 0.009013
1.627500 1.050884 0.008199
1.632500 1.056827 0.004824
1.637500 1.055478 0.006252
1.642500 1.054593 0.006548
1.647500 1.058755 0.005420
1.652500 1.062709 0.008822
1.657500 1.068226 0.012674
1.662500 1.078249 0.013610
1.667500 1.081102 0.014510
1.672500 1.085669 0.019247
1.677500 1.094429 0.013271
1.682500 1.090070 0.019386
1.687500 1.078172 0.016085
1.692500 1.105490 0.009301
1.697500 1.107825 0.007743
1.702500 1.111393 0.014986
1.707500 1.121007 0.007023
1.712500 1.108960 0.013035
1.717500 1.123960 0.013418
1.722500 1.129413 0.016898
1.727500 1.131362 0.025952
1.732500 1.111291 0.008731
1.737500 1.113632 0.010099
1.742500 1.111552 0.009072
1.747500 1.117479 0.005724
1.752500 1.104401 0.007053
1.757500 1.101134 0.007187
1.762500 1.098649 0.005967
1.767500 1.097227 0.010104
1.772500 1.097562 0.011896
1.777500 1.098162 0.011995
1.782500 1.094175 0.016115
1.787500 1.099524 0.016024
1.792500 1.101244 0.017942
1.797500 1.100786 0.018153
1.802500 1.111988 0.009884
1.807500 1.109590 0.010559
1.812500 1.110149 0.004737
1.817500 1.113796 0.005870
1.822500 1.104501 0.020118
1.827500 1.090951 0.026242
1.832500 1.092268 0.025602
1.837500 1.095895 0.019238
1.842500 1.115584 0.012540
1.847500 1.121218 0.013807
1.852500 1.121603 0.012372
1.857500 1.117408 0.006921
1.862500 1.116168 0.008156
1.867500 1.098824 0.009896
1.872500 1.103916 0.010292
1.877500 1.105943 0.005425
1.882500 1.103499 0.007497
1.887500 1.118081 0.007500
1.892500 1.123012 0.010600
1.897500 1.107426 0.008989
1.902500 1.092781 0.008375
1.907500 1.080306 0.008735
1.912500 1.079265 0.008096
1.917500 1.068925 0.006196
1.922500 1.054034 0.013987
1.927500 1.050109 0.019297
1.932500 1.044213 0.007856
1.937500 1.046116 0.005802
1.942500 1.021518 0.016268
1.947500 1.018562 0.011928
1.952500 1.025506 0.011640
1.957500 1.021594 0.016634
1.962500 1.020796 0.019480
1.967500 1.018431 0.018923
1.972500 1.004025 0.018998
1.977500 0.973916 0.014068
1.982500 0.951783 0.005835
1.987500 0.960277 0.009308
1.992500 0.958789 0.006591
1.997500 0.970163 0.006834
2.002500 0.967799 0.006351
2.007500 0.968301 0.008725
2.012500 0.965399 0.008095
2.017500 0.952862 0.010128
2.022500 0.955248 0.012344
2.027500 0.949646 0.011189
2.032500 0.945618 0.009927
2.037500 0.941456 0.011468
2.042500 0.949225 0.016607
2.047500 0.938761 0.008673
2.052500 0.940962 0.014169
2.057500 0.952180 0.017447
2.062500 0.941498 0.012230
2.067500 0.946073 0.010952
2.072500 0.956227 0.012270
2.077500 0.961164 0.006359
2.082500 0.989245 0.008261
2.087500 1.003259 0.005696
2.092500 1.012373 0.004560
2.097500 1.021910 0.007741
2.102500 1.024401 0.006649
2.107500 1.032879 0.008304
2.112500 1.037697 0.009619
2.117500 1.039894 0.006715
2.122500 1.038917 0.014490
2.127500 1.043529 0.016639
2.132500 1.040252 0.008937
2.137500 1.057015 0.004161
2.142500 1.063477 0.005566
2.147500 1.068130 0.008603
2.152500 1.071993 0.008611
2.157500 1.071575 0.012622
2.162500 1.091040 0.018556
2.167500 1.096571 0.013102
2.172500 1.101863 0.011093
2.177500 1.094820 0.009343
2.182500 1.098035 0.012745
2.187500 1.121390 0.022851
2.192500 1.118805 0.016764
2.197500 1.126441 0.020671
2.202500 1.126988 0.019202
2.207500 1.130979 0.019582
2.212500 1.128039 0.016822
2.217500 1.126804 0.016459
2.222500 1.121953 0.009403
2.227500 1.106459 0.017026
2.232500 1.115583 0.013106
2.237500 1.131893 0.017401
2.242500 1.121003 0.026843
2.247500 1.118056 0.024243
2.252500 1.118520 0.019254
2.257500 1.117741 0.020750
2.262500 1.113566 0.025080
2.267500 1.119370 0.021516
2.272500 1.099252 0.008914
2.277500 1.108486 0.010300
2.282500 1.110604 0.007764
2.287500 1.102134 0.004182
2.292500 1.095791 0.003046
2.297500 1.099576 0.005736
2.302500 1.110011 0.008383
2.307500 1.113677 0.009642
2.312500 1.116937 0.020453
2.317500 1.126599 0.022005
2.322500 1.098854 0.009635
2.327500 1.084033 0.002614
2.332500 1.091602 0.006918
2.337500 1.082341 0.003483
2.342500 1.076388 0.009956
2.347500 1.061454 0.003792
2.352500 1.088286 0.004753
2.357500 1.081657 0.004941
2.362500 1.082140 0.017488
2.367500 1.081425 0.016827
2.372500 1.080641 0.026362
2.377500 1.087622 0.023463
2.382500 1.096311 0.022506
2.387500 1.079813 0.021168
2.392500 1.068031 0.029607
2.397500 1.076556 0.026756
2.402500 1.055772 0.010808
2.407500 1.061514 0.016248
2.412500 1.055601 0.019550
2.417500 1.061748 0.017240
2.422500 1.054400 0.004905
2.427500 1.049767 0.004510
2.432500 1.056808 0.009101
2.437500 1.077288 0.015542
2.442500 1.087021 0.014949
2.447500 1.085209 0.011891
2.452500 1.063798 0.019322
2.457500 1.050252 0.021347
2.462500 1.055807 0.016299
2.467500 1.044806 0.004835
2.472500 1.036069 0.010441
2.477500 1.031446 0.013098
2.482500 1.025415 0.009363
2.487500 1.039318 0.017936
2.492500 1.048304 0.021969
2.497500 1.035886 0.021212
2.502500 1.023742 0.027362
2.507500 0.997762 0.012469
2.512500 1.014121 0.017039
2.517500 1.049318 0.014686
2.522500 1.039261 0.023399
2.527500 1.040212 0.009877
2.532500 1.018084 0.021385
2.537500 1.016042 0.025382
2.542500 0.995025 0.022944
2.547500 1.004520 0.019542
2.552500 1.016717 0.027739
2.557500 1.012010 0.025016
2.562500 0.999848 0.008905
2.567500 1.013279 0.006630
2.572500 1.006606 0.005413
2.577500 1.000000 0.005614
2.582500 1.018225 0.013235
2.587500 1.026286 0.014328
2.592500 1.034978 0.017728
2.597500 1.044510 0.011494
2.602500 1.035360 0.008371
2.607500 0.987366 0.012815
2.612500 0.980087 0.032665
2.617500 0.974630 0.029472
2.622500 0.968424 0.025779
2.627500 0.975394 0.014072
2.632500 0.980190 0.019318
2.637500 0.978497 0.018841
2.642500 0.962151 0.016080
2.647500 0.976533 0.013198
2.652500 0.959096 0.011604
2.657500 0.966886 0.025263
2.662500 0.942989 0.006828
2.667500 0.948326 0.002255
2.672500 0.951153 0.005555
2.677500 0.935803 0.007246
2.682500 0.940533 0.005496
2.687500 0.945213 0.005186
2.692500 0.933139 0.006950
2.697500 0.919004 0.012693
2.702500 0.905445 0.014422
2.707500 0.908702 0.006123
2.712500 0.900279 0.013964
2.717500 0.887513 0.013404
2.722500 0.841090 0.019199
2.727500 0.808121 0.007281
2.732500 0.797307 0.006894
2.737500 0.789604 0.010759
2.742500 0.794472 0.012683
2.747500 0.770517 0.007061
2.752500 0.722883 0.009246
2.757500 0.703883 0.009233
2.762500 0.675185 0.013587
2.767500 0.644143 0.005718
2.772500 0.627270 0.009668
2.777500 0.604721 0.004311
2.782500 0.582183 0.005841
2.787500 0.576259 0.005426
2.792500 0.536610 0.014598
2.797500 0.499185 0.018414
2.802500 0.515328 0.010329
2.807500 0.540062 0.004156
2.812500 0.485603 0.035179
2.817500 0.453592 0.018319
2.822500 0.411638 0.008229
2.827500 0.406367 0.008978
2.832500 0.425491 0.009513
2.837500 0.410127 0.012454
2.842500 0.393656 0.013142
2.847500 0.361295 0.014276
2.852500 0.336658 0.001146
2.857500 0.332917 0.014351
2.862500 0.331027 0.019478
2.867500 0.301220 0.024130
2.872500 0.291493 0.023769
2.877500 0.268839 0.011770
2.882500 0.265487 0.015826
2.887500 0.247580 0.012998
2.892500 0.247930 0.014040
2.897500 0.272737 0.027637
2.902500 0.286818 0.013487
2.907500 0.274517 0.011062
2.912500 0.255839 0.002516
2.917500 0.247657 0.007836
2.922500 0.254158 0.001567
2.927500 0.245697 0.007603
2.932500 0.243558 0.002657
2.937500 0.239178 0.008692
2.942500 0.229534 0.006656
2.947500 0.203179 0.013308
2.952500 0.203235 0.014560
2.957500 0.219652 0.008131
2.962500 0.213352 0.017424
2.967500 0.214766 0.015701
2.972500 0.185576 0.012825
2.977500 0.197338 0.005170
2.982500 0.212080 0.006080
2.987500 0.239177 0.005906
2.992500 0.229986 0.008552
2.997500 0.237268 0.010071
3.002500 0.231202 0.011372
3.007500 0.249210 0.001823
3.012500 0.250520 0.005490
3.017500 0.238646 0.012248
3.022500 0.215488 0.004645
3.027500 0.220263 0.005167
3.032500 0.227837 0.007462
3.037500 0.211681 0.006453
3.042500 0.231000 0.012323
3.047500 0.240923 0.009831
3.052500 0.262384 0.012418
3.057500 0.266920 0.012231
3.062500 0.292945 0.009866
3.067500 0.295833 0.013430
3.072500 0.320103 0.021836
3.077500 0.358022 0.007203
3.082500 0.371055 0.008038
3.087500 0.397775 0.008290
3.092500 0.396078 0.006899
3.097500 0.425052 0.017997
3.102500 0.461336 0.017610
3.107500 0.489101 0.007885
3.112500 0.465842 0.025046
3.117500 0.442007 0.046388
3.122500 0.436157 0.039674
3.127500 0.433377 0.039557
3.132500 0.381361 0.006537
3.137500 0.342117 0.015636
3.142500 0.324732 0.004858
3.147500 0.325992 0.010002
3.152500 0.320388 0.005242
3.157500 0.324989 0.010921
3.162500 0.332181 0.007975
3.167500 0.352858 0.005343
3.172500 0.334295 0.009531
3.177500 0.292965 0.011725
3.182500 0.278059 0.006694
3.187500 0.313394 0.029120
3.192500 0.357809 0.011968
3.197500 0.350775 0.011529
3.202500 0.356883 0.016357
3.207500 0.377481 0.011893
3.212500 0.388350 0.005761
3.217500 0.377173 0.003011
3.222500 0.380264 0.013916
3.227500 0.388613 0.018076
3.232500 0.380098 0.012273
3.237500 0.379163 0.001326
3.242500 0.409302 0.001558
3.247500 0.443501 0.003857
3.252500 0.463253 0.040342
3.257500 0.464712 0.041601
3.262500 0.469698 0.045922
3.267500 0.506324 0.020211
3.272500 0.557207 0.005585
3.277500 0.587557 0.021769
3.282500 0.618384 0.007191
3.287500 0.665540 0.017389
3.292500 0.696842 0.021686
3.297500 0.694304 0.034536
3.302500 0.709604 0.008739
3.307500 0.699686 0.025663
3.312500 0.717469 0.015747
3.317500 0.769172 0.016374
3.322500 0.807978 0.016608
3.327500 0.812579 0.036212
3.332500 0.812119 0.030096
3.337500 0.865808 0.015612
3.342500 0.866952 0.041070
3.347500 0.914742 0.035513
3.352500 0.914976 0.031590
3.357500 0.937440 0.019235
3.362500 0.926205 0.032156
3.367500 0.927957 0.030497
3.372500 0.978119 0.007772
3.377500 0.996270 0.003367
3.382500 1.059860 0.013485
3.387500 1.037595 0.042662
3.392500 1.095440 0.034890
3.397500 1.141904 0.034193
3.402500 1.118922 0.028837
3.407500 1.047556 0.026961
3.412500 1.013520 0.020605
3.417500 1.036050 0.004245
3.422500 1.047655 0.013287
3.427500 1.050713 0.020718
3.432500 1.080508 0.018635
3.437500 1.072101 0.017662
3.442500 1.077309 0.015370
3.447500 1.048503 0.051257
3.452500 1.071468 0.050406
3.457500 1.071453 0.040120
3.462500 1.069205 0.022813
3.467500 1.096752 0.042092
3.472500 1.098679 0.035359
3.477500 1.012279 0.024203
3.482500 1.033800 0.063521
3.487500 1.136480 0.033700
3.492500 1.178992 0.006452
3.497500 1.162132 0.017764
3.502500 1.146463 0.014677
3.507500 1.147824 0.023582
3.512500 1.118272 0.008226
3.517500 1.117547 0.013778
3.522500 1.135755 0.011971
3.527500 1.161208 0.018453
3.532500 1.125511 0.039141
3.537500 1.103515 0.030701
3.542500 1.187114 0.033324
3.547500 1.169947 0.062932
3.552500 1.175743 0.054149
3.557500 1.201469 0.006155
3.562500 1.212030 0.029930
3.567500 1.146589 0.046569
3.572500 1.135633 0.050213
3.577500 1.133779 0.043829
3.582500 1.100423 0.014169
3.587500 1.109261 0.004340
3.592500 1.103640 0.020919
3.597500 1.103159 0.003763
3.602500 1.128664 0.029760
3.607500 1.127855 0.027148
3.612500 1.110871 0.016472
3.617500 1.109777 0.030466
3.622500 1.120658 0.026500
3.627500 1.133540 0.016263
3.632500 1.120771 0.024070
3.637500 1.123653 0.019978
3.642500 1.081361 0.031654
3.647500 1.044218 0.025169
3.652500 1.048959 0.027865
3.657500 1.079319 0.042216
3.662500 1.069579 0.042642
3.667500 1.005596 0.034717
3.672500 1.042257 0.041109
3.677500 1.101889 0.012712
3.682500 1.055858 0.014118
3.687500 1.017704 0.035755
3.692500 1.040594 0.050741
3.697500 1.074799 0.003149
3.702500 1.049975 0.015027
3.707500 1.038915 0.015169
3.712500 1.009922 0.029809
3.717500 0.985669 0.044166
3.722500 0.930286 0.019880
3.727500 0.950831 0.022915
3.732500 0.954688 0.004960
3.737500 0.966220 0.014041
3.742500 0.934283 0.029660
3.747500 0.919874 0.004995
3.752500 0.948918 0.013872
3.757500 0.958764 0.019852
3.762500 0.873250 0.020183
3.767500 0.859783 0.014576
3.772500 0.921381 0.049449
3.777500 0.929478 0.050229
3.782500 0.910567 0.030790
3.787500 0.944758 0.028159
3.792500 0.943202 0.033160
3.797500 0.906918 0.020631
3.802500 0.901025 0.012459
3.807500 0.859160 0.004406
3.812500 0.873215 0.038244
3.817500 0.890055 0.052825
3.822500 0.867750 0.044116
3.827500 0.945307 0.018041
3.832500 0.971868 0.025494
3.837500 0.922895 0.055444
3.842500 0.852990 0.039893
3.847500 0.833151 0.038090
3.852500 0.880750 0.024727
3.857500 0.868347 0.025463
3.862500 0.847277 0.022147
3.867500 0.786419 0.034974
3.872500 0.785494 0.005088
3.877500 0.859447 0.009473
3.882500 0.885491 0.012720
3.887500 0.823037 0.034892
3.892500 0.809751 0.028873
3.897500 0.799727 0.017045
3.902500 0.764767 0.059749
3.907500 0.756759 0.076775
3.912500 0.727082 0.024921
3.917500 0.755522 0.009760
3.922500 0.753289 0.018251
3.927500 0.836882 0.045009
3.932500 0.850617 0.020245
3.937500 0.818287 0.042179
3.942500 0.818179 0.029480
3.947500 0.820629 0.005868
3.952500 0.775943 0.017782
3.957500 0.797264 0.029606
3.962500 0.809345 0.017907
3.967500 0.836493 0.005767
3.972500 0.789397 0.013218
3.977500 0.695156 0.021942
3.982500 0.735534 0.026954
3.987500 0.782302 0.043762
3.992500 0.796172 0.039401
3.997500 0.796614 0.020263
4.002500 0.755421 0.039644
4.007500 0.718395 0.047693
4.012500 0.727082 0.031861
4.017500 0.747524 0.028819
4.022500 0.741616 0.007028
4.027500 0.670504 0.010329
4.032500 0.615785 0.012033
4.037500 0.690487 0.046027
4.042500 0.717135 0.021491
4.047500 0.693743 0.017906
4.052500 0.703069 0.025266
4.057500 0.717070 0.027230
4.062500 0.708788 0.033312
4.067500 0.704617 0.034619
4.072500 0.681014 0.031635
4.077500 0.658186 0.033665
4.082500 0.617324 0.044613
4.087500 0.605354 0.068749
4.092500 0.631994 0.044070
4.097500 0.685011 0.024352
4.102500 0.692421 0.036613
4.107500 0.653891 0.050469
4.112500 0.605910 0.027722
4.117500 0.544186 0.050541
4.122500 0.549646 0.037357
4.127500 0.610031 0.027353
4.132500 0.687347 0.019965
4.137500 0.661221 0.025138
4.142500 0.630155 0.020322
4.147500 0.612344 0.004716
4.152500 0.643259 0.048469
4.157500 0.670329 0.044824
4.162500 0.659561 0.040290
4.167500 0.620131 0.037872
4.172500 0.701331 0.029250
4.177500 0.672601 0.033529
4.182500 0.648554 0.072897
4.187500 0.695729 0.084450
4.192500 0.712468 0.078873
4.197500 0.610739 0.021494
4.202500 0.600641 0.012030
4.207500 0.587706 0.065409
4.212500 0.501884 0.014785
4.217500 0.554283 0.047038
4.222500 0.504162 0.014049
4.227500 0.505494 0.023351
4.232500 0.509406 0.025819
4.237500 0.470487 0.031819
4.242500 0.493466 0.043142
4.247500 0.522501 0.028372
4.252500 0.499583 0.011034
4.257500 0.460167 0.004886
4.262500 0.461613 0.011908
4.267500 0.518706 0.009106
4.272500 0.500252 0.059367
4.277500 0.472124 0.096999
4.282500 0.539554 0.041567
4.287500 0.548996 0.050281
4.292500 0.617062 0.017996
4.297500 0.627002 0.040820
4.302500 0.581266 0.051167
4.307500 0.636779 0.014834
4.312500 0.683658 0.041000
4.317500 0.711801 0.030647
4.322500 0.622614 0.055278
4.327500 0.652206 0.037844
4.332500 0.595772 0.045830
4.337500 0.621554 0.063239
4.342500 0.618811 0.042747
4.347500 0.583866 0.033061
4.352500 0.635549 0.074816
4.357500 0.621554 0.036979
4.362500 0.658731 0.086240
4.367500 0.557418 0.027960
4.372500 0.597117 0.028243
4.377500 0.576720 0.024704
4.382500 0.655449 0.011568
4.387500 0.659259 0.027441
4.392500 0.587625 0.063457
4.397500 0.536012 0.037588
4.402500 0.537964 0.020551
4.407500 0.617837 0.045394
4.412500 0.591241 0.022137
4.417500 0.510855 0.076743
4.422500 0.517615 0.024004
4.427500 0.543805 0.020512
4.432500 0.556873 0.046496
4.437500 0.502060 0.017616
4.442500 0.562071 0.020041
4.447500 0.455118 0.041430
4.452500 0.420904 0.033236
4.457500 0.528209 0.028842
4.462500 0.504916 0.025083
4.467500 0.502436 0.042033
4.472500 0.532477 0.027823
4.477500 0.544114 0.062179
4.482500 0.462038 0.043666
4.487500 0.472709 0.033208
4.492500 0.386690 0.066693
4.497500 0.395704 0.051005
4.502500 0.411581 0.035535
4.507500 0.446592 0.049541
4.512500 0.476858 0.034290
4.517500 0.450666 0.040646
4.522500 0.500344 0.050292
4.527500 0.558989 0.052388
4.532500 0.458857 0.007978
4.537500 0.485082 0.063910
4.542500 0.499582 0.019701
4.547500 0.477531 0.025252
4.552500 0.490052 0.012321
4.557500 0.476190 0.037414
4.562500 0.497721 0.018691
4.567500 0.512402 0.032585
4.572500 0.524775 0.055177
4.577500 0.507604 0.018652
4.582500 0.453011 0.055672
4.587500 0.426490 0.041749
4.592500 0.395013 0.014346
4.597500 0.481882 0.037655
4.602500 0.493488 0.016949
4.607500 0.454851 0.071488
4.612500 0.457497 0.035201
4.617500 0.432801 0.018943
4.622500 0.497693 0.028246
4.627500 0.537326 0.015041
4.632500 0.527988 0.019522
4.637500 0.576226 0.017870
4.642500 0.546342 0.031512
4.647500 0.506710 0.069821
4.652500 0.590684 0.103379
4.657500 0.779820 0.053140
4.662500 0.753247 0.049065
4.667500 0.728628 0.025760
4.672500 0.602412 0.062545
4.677500 0.698148 0.029343
4.682500 0.631599 0.085191
4.687500 0.654651 0.116223
4.692500 0.619127 0.101557
4.697500 0.606476 0.041384
4.702500 0.703279 0.033719
4.707500 0.705643 0.028480
4.712500 0.700370 0.024659
4.717500 0.687360 0.079943
4.722500 0.648714 0.073123
4.727500 0.685200 0.042967
4.732500 0.778560 0.114571
4.737500 0.805313 0.080872
4.742500 0.840138 0.056617
4.747500 0.727680 0.066816
4.752500 0.693359 0.056576
4.757500 0.611275 0.040542
4.762500 0.761971 0.029948
4.767500 0.901210 0.056092
4.772500 0.937655 0.077430
4.777500 0.758833 0.030265
4.782500 0.780924 0.093335
4.787500 0.864489 0.058941
4.792500 0.817096 0.037448
4.797500 0.863440 0.081567
4.802500 0.738196 0.171534
4.807500 0.728763 0.127335
4.812500 0.727019 0.050255
4.817500 0.801922 0.015339
4.822500 0.769521 0.028707
4.827500 0.827820 0.045934
4.832500 0.746901 0.088344
4.837500 0.656093 0.076038
4.842500 0.670506 0.040074
4.847500 0.766238 0.027939
4.852500 0.849480 0.156489
4.857500 0.943214 0.095172
4.862500 0.902751 0.038673
4.867500 0.841838 0.050271
4.872500 0.659102 0.060859
4.877500 0.651968 0.052139
4.882500 0.741134 0.107320
4.887500 0.875136 0.066106
4.892500 0.931788 0.047389
4.897500 0.683837 0.060140
4.902500 0.709551 0.119696
4.907500 0.925681 0.208728
4.912500 0.869972 0.192877
4.917500 0.879342 0.193193
4.922500 0.622408 0.078325
4.927500 0.588747 0.057437
4.932500 0.663276 0.075086
4.937500 0.798412 0.119102
4.942500 0.793298 0.025039
4.947500 0.810494 0.106418
4.952500 0.731993 0.103750
4.957500 0.767686 0.151902
4.962500 0.847682 0.094795
4.967500 0.846231 0.078342
4.972500 0.802239 0.093089
4.977500 0.910939 0.036949
4.982500 0.843124 0.039902
4.987500 0.800595 0.002680
4.992500 0.713438 0.046550
4.997500 0.828401 0.102448
5.002500 0.854974 0.123051
5.007500 0.657473 0.049592
5.012500 0.697173 0.037473
5.017500 1.017205 0.087620
5.022500 0.990258 0.061003
5.027500 1.066726 0.012090
5.032500 0.853508 0.062707
5.037500 0.937025 0.083121
5.042500 0.976018 0.048002
5.047500 0.850852 0.074913
5.052500 0.651226 0.037966
5.057500 0.798448 0.103808
5.062500 0.692763 0.091878
5.067500 0.675911 0.010168
5.072500 0.868412 0.156132
5.077500 0.793033 0.099853
5.082500 0.871518 0.030182
5.087500 0.841335 0.240226
5.092500 0.835148 0.024350
5.097500 0.612016 0.020796
