# DATE = 2025-03-12
# PIPE_VER = 1.17.1
# PMAP = jwst_1322.pmap
# STANDARD_STAR = SNAP-2
# 
# Wavelength (microns), arbitrary reflectance, uncertainty
0.702500 0.668085 0.008458
0.707500 0.667981 0.012018
0.712500 0.652528 0.013974
0.717500 0.651418 0.006370
0.722500 0.696021 0.007126
0.727500 0.686126 0.007555
0.732500 0.681303 0.009319
0.737500 0.689463 0.009385
0.742500 0.671358 0.005732
0.747500 0.681406 0.004909
0.752500 0.687823 0.004067
0.757500 0.679228 0.005866
0.762500 0.691473 0.009738
0.767500 0.712708 0.004187
0.772500 0.705594 0.005380
0.777500 0.712933 0.008225
0.782500 0.712132 0.009905
0.787500 0.678080 0.008984
0.792500 0.668828 0.011890
0.797500 0.695837 0.005604
0.802500 0.711933 0.004089
0.807500 0.707581 0.010293
0.812500 0.704151 0.005040
0.817500 0.694606 0.005350
0.822500 0.704856 0.006081
0.827500 0.698778 0.004821
0.832500 0.702279 0.004978
0.837500 0.723522 0.003831
0.842500 0.726196 0.004301
0.847500 0.720191 0.003973
0.852500 0.718275 0.007381
0.857500 0.715096 0.005668
0.862500 0.721157 0.004719
0.867500 0.722349 0.005942
0.872500 0.722768 0.006945
0.877500 0.725941 0.008829
0.882500 0.731411 0.005722
0.887500 0.731844 0.006080
0.892500 0.728362 0.005898
0.897500 0.732227 0.005285
0.902500 0.737690 0.009571
0.907500 0.736483 0.009312
0.912500 0.737292 0.008130
0.917500 0.732990 0.005151
0.922500 0.741410 0.005221
0.927500 0.742127 0.007391
0.932500 0.742253 0.011672
0.937500 0.735692 0.007613
0.942500 0.735319 0.003908
0.947500 0.747756 0.004167
0.952500 0.749313 0.005181
0.957500 0.753365 0.005231
0.962500 0.757377 0.006906
0.967500 0.761715 0.007250
0.972500 0.758196 0.010627
0.977500 0.766414 0.012883
0.982500 0.770879 0.015430
0.987500 0.775178 0.012941
0.992500 0.772853 0.012976
0.997500 0.772448 0.010471
1.002500 0.784057 0.008125
1.007500 0.784698 0.008110
1.012500 0.772586 0.014227
1.017500 0.774894 0.009509
1.022500 0.778098 0.006389
1.027500 0.785696 0.005833
1.032500 0.799827 0.003644
1.037500 0.801420 0.005339
1.042500 0.788056 0.013137
1.047500 0.783711 0.010106
1.052500 0.784082 0.010160
1.057500 0.785606 0.009386
1.062500 0.783749 0.008384
1.067500 0.787521 0.014787
1.072500 0.787994 0.012288
1.077500 0.792462 0.012909
1.082500 0.802612 0.012719
1.087500 0.803239 0.011448
1.092500 0.800325 0.013430
1.097500 0.797068 0.009473
1.102500 0.798486 0.009521
1.107500 0.800960 0.007618
1.112500 0.816523 0.011488
1.117500 0.821196 0.012304
1.122500 0.818963 0.013920
1.127500 0.820517 0.014741
1.132500 0.815873 0.015774
1.137500 0.816644 0.010160
1.142500 0.821930 0.009461
1.147500 0.817014 0.009293
1.152500 0.819379 0.012704
1.157500 0.815580 0.010784
1.162500 0.817112 0.008481
1.167500 0.820035 0.010939
1.172500 0.821958 0.009398
1.177500 0.822175 0.014302
1.182500 0.833584 0.014502
1.187500 0.834990 0.015898
1.192500 0.833109 0.014984
1.197500 0.831863 0.009651
1.202500 0.826686 0.012505
1.207500 0.825232 0.012718
1.212500 0.830447 0.011731
1.217500 0.839263 0.007333
1.222500 0.833908 0.008553
1.227500 0.831516 0.005900
1.232500 0.837212 0.009641
1.237500 0.839379 0.010174
1.242500 0.829100 0.012792
1.247500 0.839485 0.017348
1.252500 0.845546 0.012234
1.257500 0.844812 0.013413
1.262500 0.845854 0.018393
1.267500 0.849675 0.013472
1.272500 0.836670 0.012829
1.277500 0.845671 0.021021
1.282500 0.845874 0.017420
1.287500 0.840609 0.016140
1.292500 0.844897 0.014953
1.297500 0.842681 0.016346
1.302500 0.847067 0.021296
1.307500 0.857302 0.016375
1.312500 0.859750 0.015677
1.317500 0.861737 0.012416
1.322500 0.868354 0.011334
1.327500 0.861100 0.018973
1.332500 0.861526 0.017805
1.337500 0.863351 0.020021
1.342500 0.857928 0.019498
1.347500 0.862672 0.017585
1.352500 0.856031 0.017425
1.357500 0.864071 0.017902
1.362500 0.866221 0.014692
1.367500 0.868919 0.012670
1.372500 0.872725 0.015595
1.377500 0.870646 0.012774
1.382500 0.873977 0.012425
1.387500 0.878459 0.013472
1.392500 0.879188 0.013003
1.397500 0.877733 0.017036
1.402500 0.874620 0.017112
1.407500 0.871164 0.016681
1.412500 0.874349 0.016516
1.417500 0.878379 0.015121
1.422500 0.877867 0.015251
1.427500 0.869853 0.009451
1.432500 0.870206 0.015012
1.437500 0.876133 0.020290
1.442500 0.870367 0.017776
1.447500 0.874925 0.019146
1.452500 0.877771 0.013797
1.457500 0.878602 0.012892
1.462500 0.880801 0.011695
1.467500 0.879146 0.011770
1.472500 0.881130 0.009140
1.477500 0.881290 0.012121
1.482500 0.873311 0.010554
1.487500 0.876293 0.014311
1.492500 0.867621 0.013904
1.497500 0.871768 0.012028
1.502500 0.872889 0.014882
1.507500 0.871781 0.018453
1.512500 0.865959 0.019527
1.517500 0.869269 0.021678
1.522500 0.869690 0.017280
1.527500 0.869669 0.015352
1.532500 0.869537 0.016182
1.537500 0.867200 0.013875
1.542500 0.865738 0.010520
1.547500 0.874486 0.009788
1.552500 0.878004 0.015318
1.557500 0.879243 0.017744
1.562500 0.877111 0.022105
1.567500 0.872621 0.024920
1.572500 0.863676 0.028778
1.577500 0.870766 0.021404
1.582500 0.871202 0.018477
1.587500 0.868628 0.013281
1.592500 0.869728 0.016021
1.597500 0.875645 0.016842
1.602500 0.882254 0.015270
1.607500 0.887110 0.015085
1.612500 0.894507 0.006899
1.617500 0.889564 0.007678
1.622500 0.895290 0.005136
1.627500 0.885209 0.016358
1.632500 0.891967 0.019812
1.637500 0.895570 0.025591
1.642500 0.899097 0.020774
1.647500 0.902192 0.014525
1.652500 0.903076 0.015458
1.657500 0.903166 0.014252
1.662500 0.907274 0.017639
1.667500 0.924989 0.009717
1.672500 0.916341 0.008094
1.677500 0.904981 0.012649
1.682500 0.904017 0.004421
1.687500 0.918015 0.013899
1.692500 0.914965 0.010237
1.697500 0.918946 0.008565
1.702500 0.929047 0.008697
1.707500 0.936192 0.008765
1.712500 0.939012 0.009071
1.717500 0.937107 0.010189
1.722500 0.913429 0.010502
1.727500 0.923640 0.014855
1.732500 0.924755 0.015294
1.737500 0.930502 0.014132
1.742500 0.928940 0.010415
1.747500 0.937981 0.004671
1.752500 0.926937 0.011234
1.757500 0.923136 0.010079
1.762500 0.918006 0.011567
1.767500 0.929365 0.016287
1.772500 0.932163 0.018292
1.777500 0.926133 0.016361
1.782500 0.931559 0.012956
1.787500 0.938823 0.012012
1.792500 0.937245 0.014809
1.797500 0.927120 0.017950
1.802500 0.920715 0.017663
1.807500 0.932368 0.011755
1.812500 0.934742 0.007950
1.817500 0.927108 0.010169
1.822500 0.929475 0.010520
1.827500 0.928648 0.009017
1.832500 0.931970 0.007744
1.837500 0.931968 0.011985
1.842500 0.930923 0.013483
1.847500 0.930094 0.008085
1.852500 0.933509 0.010574
1.857500 0.943028 0.008273
1.862500 0.959549 0.008782
1.867500 0.961950 0.010092
1.872500 0.952842 0.013580
1.877500 0.939354 0.017974
1.882500 0.941876 0.020376
1.887500 0.952405 0.017012
1.892500 0.957292 0.016274
1.897500 0.960654 0.011372
1.902500 0.947760 0.014495
1.907500 0.928474 0.017172
1.912500 0.916338 0.007525
1.917500 0.925619 0.008425
1.922500 0.931951 0.010687
1.927500 0.935733 0.014886
1.932500 0.939863 0.015891
1.937500 0.939014 0.017692
1.942500 0.928567 0.012824
1.947500 0.941869 0.014613
1.952500 0.934481 0.005851
1.957500 0.932997 0.009450
1.962500 0.944659 0.005942
1.967500 0.941762 0.012622
1.972500 0.950903 0.009421
1.977500 0.945303 0.010800
1.982500 0.933390 0.005066
1.987500 0.935752 0.010791
1.992500 0.931049 0.015554
1.997500 0.929987 0.018391
2.002500 0.929989 0.014365
2.007500 0.924789 0.010079
2.012500 0.919687 0.018190
2.017500 0.912986 0.019278
2.022500 0.908982 0.007177
2.027500 0.921584 0.008815
2.032500 0.934985 0.006005
2.037500 0.937017 0.010465
2.042500 0.928159 0.014469
2.047500 0.931214 0.012597
2.052500 0.933236 0.016127
2.057500 0.937081 0.015378
2.062500 0.935079 0.013740
2.067500 0.947163 0.011708
2.072500 0.950121 0.010378
2.077500 0.945955 0.010900
2.082500 0.957884 0.011146
2.087500 0.960368 0.010964
2.092500 0.956310 0.011847
2.097500 0.958269 0.011785
2.102500 0.965770 0.010294
2.107500 0.974640 0.009484
2.112500 0.979238 0.011195
2.117500 0.976884 0.013055
2.122500 0.962248 0.008741
2.127500 0.966709 0.007302
2.132500 0.962162 0.009726
2.137500 0.965464 0.017986
2.142500 0.985380 0.011432
2.147500 0.979522 0.016540
2.152500 0.981526 0.013369
2.157500 0.981830 0.008582
2.162500 0.974430 0.011504
2.167500 0.985113 0.013893
2.172500 0.989064 0.013059
2.177500 0.994393 0.012190
2.182500 0.988899 0.015075
2.187500 0.983607 0.013778
2.192500 0.983428 0.011608
2.197500 0.997039 0.009390
2.202500 1.014690 0.008427
2.207500 1.015727 0.011054
2.212500 1.003872 0.011723
2.217500 1.001893 0.012414
2.222500 1.009730 0.014987
2.227500 0.997749 0.018368
2.232500 1.008010 0.012759
2.237500 0.999309 0.018273
2.242500 1.003850 0.015064
2.247500 1.007911 0.016447
2.252500 1.012997 0.017688
2.257500 1.010969 0.018554
2.262500 1.005508 0.011812
2.267500 0.998951 0.011802
2.272500 0.992047 0.009928
2.277500 0.982892 0.012298
2.282500 0.985692 0.012168
2.287500 0.998847 0.007972
2.292500 1.008081 0.007501
2.297500 1.015150 0.010528
2.302500 1.035612 0.011661
2.307500 1.034346 0.018711
2.312500 1.036580 0.009709
2.317500 1.038703 0.004567
2.322500 1.023328 0.009371
2.327500 1.024237 0.013606
2.332500 1.011979 0.009060
2.337500 1.009629 0.013956
2.342500 1.011595 0.006777
2.347500 1.013491 0.008481
2.352500 1.009563 0.026358
2.357500 1.010130 0.025558
2.362500 1.007269 0.023325
2.367500 1.008004 0.019355
2.372500 1.007108 0.010419
2.377500 1.007105 0.008369
2.382500 1.002915 0.006074
2.387500 1.007172 0.007364
2.392500 1.008605 0.006580
2.397500 1.018240 0.008345
2.402500 1.032249 0.005909
2.407500 1.031728 0.008701
2.412500 1.022705 0.007880
2.417500 0.993909 0.011993
2.422500 0.986648 0.007562
2.427500 0.995196 0.004999
2.432500 1.007578 0.007429
2.437500 1.019832 0.002003
2.442500 1.015659 0.002206
2.447500 1.016796 0.013154
2.452500 1.015572 0.007838
2.457500 1.018961 0.013395
2.462500 1.016280 0.010462
2.467500 1.018734 0.009515
2.472500 1.015837 0.013412
2.477500 0.993540 0.004450
2.482500 0.998357 0.004223
2.487500 1.002720 0.005749
2.492500 0.993393 0.010494
2.497500 0.997800 0.016143
2.502500 0.991014 0.011296
2.507500 0.986083 0.005220
2.512500 0.992375 0.004982
2.517500 0.992196 0.008002
2.522500 0.994391 0.010650
2.527500 0.977423 0.002402
2.532500 0.988596 0.004927
2.537500 0.996199 0.013476
2.542500 0.997689 0.011940
2.547500 0.994631 0.020813
2.552500 0.999091 0.014188
2.557500 0.974169 0.022692
2.562500 0.994590 0.019898
2.567500 1.000108 0.019647
2.572500 0.996749 0.011500
2.577500 1.012789 0.002719
2.582500 0.997494 0.011659
2.587500 0.999771 0.018742
2.592500 0.990542 0.011259
2.597500 1.000734 0.013385
2.602500 1.020369 0.009209
2.607500 1.016196 0.005315
2.612500 1.016615 0.002566
2.617500 0.993570 0.019852
2.622500 1.000000 0.012533
2.627500 0.994193 0.009555
2.632500 1.004634 0.010136
2.637500 1.003801 0.006420
2.642500 0.999864 0.005630
2.647500 0.982151 0.006901
2.652500 0.977131 0.007555
2.657500 0.970013 0.008061
2.662500 0.972368 0.005735
2.667500 0.965326 0.007161
2.672500 0.973934 0.007581
2.677500 0.971869 0.012484
2.682500 0.986974 0.021227
2.687500 0.953005 0.027662
2.692500 0.968376 0.019659
2.697500 0.978587 0.020494
2.702500 0.973735 0.016879
2.707500 0.947146 0.012986
2.712500 0.941673 0.012269
2.717500 0.946439 0.017182
2.722500 0.961910 0.004622
2.727500 0.963314 0.006689
2.732500 0.944358 0.010177
2.737500 0.934898 0.002704
2.742500 0.909599 0.016243
2.747500 0.895276 0.020277
2.752500 0.878910 0.012387
2.757500 0.863519 0.008130
2.762500 0.843824 0.014362
2.767500 0.822244 0.005373
2.772500 0.816337 0.013235
2.777500 0.792955 0.002685
2.782500 0.783463 0.004685
2.787500 0.772235 0.004666
2.792500 0.748639 0.010707
2.797500 0.728595 0.011956
2.802500 0.725779 0.010321
2.807500 0.697221 0.011147
2.812500 0.685646 0.018683
2.817500 0.669259 0.014728
2.822500 0.669602 0.009406
2.827500 0.651071 0.005996
2.832500 0.639836 0.009749
2.837500 0.623022 0.003411
2.842500 0.600651 0.008865
2.847500 0.570784 0.004553
2.852500 0.553199 0.002024
2.857500 0.536419 0.007069
2.862500 0.522206 0.013022
2.867500 0.521857 0.008920
2.872500 0.514490 0.008276
2.877500 0.497167 0.010661
2.882500 0.478419 0.004754
2.887500 0.451220 0.004736
2.892500 0.459062 0.001956
2.897500 0.457596 0.003234
2.902500 0.454851 0.016243
2.907500 0.456172 0.013867
2.912500 0.467919 0.008040
2.917500 0.462135 0.002801
2.922500 0.444877 0.013269
2.927500 0.442166 0.017513
2.932500 0.421921 0.007733
2.937500 0.419290 0.009138
2.942500 0.410876 0.001252
2.947500 0.408098 0.007365
2.952500 0.380515 0.001579
2.957500 0.385002 0.011168
2.962500 0.385819 0.019159
2.967500 0.394473 0.015517
2.972500 0.380046 0.012891
2.977500 0.364846 0.015011
2.982500 0.370437 0.004507
2.987500 0.365456 0.012808
2.992500 0.364003 0.005107
2.997500 0.365832 0.005955
3.002500 0.360125 0.005355
3.007500 0.369394 0.002712
3.012500 0.365472 0.001955
3.017500 0.353861 0.002811
3.022500 0.355795 0.002643
3.027500 0.370016 0.006524
3.032500 0.381556 0.007812
3.037500 0.400817 0.002796
3.042500 0.400806 0.002375
3.047500 0.387462 0.010657
3.052500 0.390076 0.009779
3.057500 0.388142 0.012841
3.062500 0.404908 0.003157
3.067500 0.396171 0.006540
3.072500 0.420977 0.005177
3.077500 0.437258 0.001042
3.082500 0.450801 0.008054
3.087500 0.454420 0.012653
3.092500 0.453288 0.008385
3.097500 0.469811 0.012569
3.102500 0.493204 0.023217
3.107500 0.488861 0.018920
3.112500 0.479151 0.005918
3.117500 0.461636 0.007521
3.122500 0.464421 0.006977
3.127500 0.457725 0.008418
3.132500 0.448251 0.008489
3.137500 0.424670 0.007015
3.142500 0.406712 0.006734
3.147500 0.392765 0.005609
3.152500 0.401341 0.008015
3.157500 0.409373 0.007631
3.162500 0.410725 0.008353
3.167500 0.400558 0.019029
3.172500 0.398608 0.011911
3.177500 0.399955 0.024799
3.182500 0.393128 0.018501
3.187500 0.403753 0.018871
3.192500 0.405855 0.018126
3.197500 0.404165 0.018180
3.202500 0.407605 0.009933
3.207500 0.409370 0.009897
3.212500 0.425180 0.014884
3.217500 0.447918 0.010496
3.222500 0.472978 0.005648
3.227500 0.475637 0.007256
3.232500 0.477075 0.011988
3.237500 0.472950 0.013823
3.242500 0.461409 0.012006
3.247500 0.472159 0.010597
3.252500 0.525800 0.008715
3.257500 0.537513 0.016071
3.262500 0.563417 0.016839
3.267500 0.577315 0.018138
3.272500 0.601845 0.015295
3.277500 0.633309 0.005650
3.282500 0.632661 0.006382
3.287500 0.635540 0.007149
3.292500 0.640371 0.004230
3.297500 0.649283 0.006091
3.302500 0.662309 0.002189
3.307500 0.666687 0.012255
3.312500 0.689299 0.018414
3.317500 0.708392 0.012620
3.322500 0.737123 0.010160
3.327500 0.727641 0.012561
3.332500 0.738785 0.013339
3.337500 0.773375 0.032334
3.342500 0.785903 0.020060
3.347500 0.782271 0.002012
3.352500 0.799235 0.013797
3.357500 0.800743 0.021379
3.362500 0.823666 0.022166
3.367500 0.823333 0.010093
3.372500 0.826375 0.015251
3.377500 0.830782 0.009376
3.382500 0.852675 0.003247
3.387500 0.865393 0.010266
3.392500 0.876295 0.012355
3.397500 0.866722 0.010759
3.402500 0.855707 0.024992
3.407500 0.891530 0.012503
3.412500 0.878794 0.013077
3.417500 0.866629 0.010055
3.422500 0.871555 0.014173
3.427500 0.900254 0.005592
3.432500 0.886340 0.010361
3.437500 0.876731 0.009319
3.442500 0.892767 0.015927
3.447500 0.911300 0.022774
3.452500 0.918548 0.019628
3.457500 0.921042 0.020672
3.462500 0.919915 0.026005
3.467500 0.933313 0.032650
3.472500 0.950125 0.035379
3.477500 0.956055 0.011087
3.482500 0.971071 0.006815
3.487500 0.929551 0.009706
3.492500 0.930276 0.002152
3.497500 0.916860 0.011832
3.502500 0.925531 0.004326
3.507500 0.944650 0.009355
3.512500 0.961964 0.014887
3.517500 0.950553 0.007194
3.522500 0.924751 0.007506
3.527500 0.913814 0.004439
3.532500 0.964039 0.017265
3.537500 0.944004 0.031484
3.542500 0.979262 0.004568
3.547500 0.949901 0.020433
3.552500 0.945990 0.009093
3.557500 0.933196 0.022942
3.562500 0.938894 0.026938
3.567500 0.943575 0.016631
3.572500 0.937219 0.017513
3.577500 0.876399 0.005546
3.582500 0.884471 0.003076
3.587500 0.938574 0.014716
3.592500 0.959595 0.009231
3.597500 0.979762 0.018192
3.602500 0.961959 0.021572
3.607500 0.945652 0.008359
3.612500 0.934612 0.016986
3.617500 0.960106 0.002264
3.622500 0.961708 0.007443
3.627500 0.952322 0.021114
3.632500 0.930429 0.013562
3.637500 0.929642 0.006770
3.642500 0.919732 0.013519
3.647500 0.923241 0.010038
3.652500 0.973013 0.040034
3.657500 0.983917 0.038175
3.662500 0.950891 0.014208
3.667500 0.958926 0.017529
3.672500 0.977345 0.016014
3.677500 0.977006 0.014309
3.682500 0.975472 0.021736
3.687500 0.977845 0.007293
3.692500 0.952353 0.005777
3.697500 0.941480 0.013676
3.702500 0.918424 0.006326
3.707500 0.921603 0.024444
3.712500 0.905989 0.008628
3.717500 0.961591 0.021959
3.722500 0.963093 0.017521
3.727500 0.927579 0.012846
3.732500 0.906237 0.010925
3.737500 0.923714 0.020244
3.742500 0.904788 0.026544
3.747500 0.924144 0.015422
3.752500 0.892919 0.012950
3.757500 0.880511 0.006316
3.762500 0.861352 0.025029
3.767500 0.909215 0.002491
3.772500 0.912773 0.026894
3.777500 0.900153 0.028953
3.782500 0.953470 0.015522
3.787500 0.882645 0.019221
3.792500 0.900633 0.031822
3.797500 0.879154 0.011502
3.802500 0.908013 0.018157
3.807500 0.911952 0.007456
3.812500 0.872597 0.011987
3.817500 0.872255 0.007611
3.822500 0.871372 0.028847
3.827500 0.899686 0.043231
3.832500 0.901123 0.027805
3.837500 0.927511 0.006741
3.842500 0.882199 0.020545
3.847500 0.867103 0.007501
3.852500 0.848063 0.020160
3.857500 0.850118 0.029473
3.862500 0.874262 0.039836
3.867500 0.866391 0.025074
3.872500 0.874679 0.024472
3.877500 0.903845 0.031049
3.882500 0.848850 0.007666
3.887500 0.852093 0.036886
3.892500 0.852772 0.025999
3.897500 0.852089 0.028379
3.902500 0.805154 0.029742
3.907500 0.819454 0.024666
3.912500 0.837508 0.009092
3.917500 0.833146 0.011779
3.922500 0.876338 0.027320
3.927500 0.886019 0.030523
3.932500 0.837797 0.088893
3.937500 0.827884 0.085629
3.942500 0.849080 0.073622
3.947500 0.803433 0.051385
3.952500 0.802769 0.024456
3.957500 0.831911 0.038004
3.962500 0.874813 0.022204
3.967500 0.917248 0.009378
3.972500 0.843610 0.018694
3.977500 0.810961 0.043985
3.982500 0.817349 0.037056
3.987500 0.824276 0.027527
3.992500 0.816404 0.008558
3.997500 0.799834 0.024569
4.002500 0.782636 0.045744
4.007500 0.823871 0.038260
4.012500 0.859665 0.033636
4.017500 0.820331 0.010934
4.022500 0.826081 0.013664
4.027500 0.815467 0.016120
4.032500 0.819885 0.041481
4.037500 0.820747 0.034758
4.042500 0.807009 0.021687
4.047500 0.830922 0.019949
4.052500 0.859377 0.056162
4.057500 0.847004 0.037889
4.062500 0.795397 0.014347
4.067500 0.818610 0.010770
4.072500 0.829134 0.018965
4.077500 0.790215 0.032982
4.082500 0.802579 0.045829
4.087500 0.812958 0.019139
4.092500 0.808992 0.032354
4.097500 0.832429 0.033681
4.102500 0.841309 0.050122
4.107500 0.806922 0.037833
4.112500 0.777162 0.017055
4.117500 0.786976 0.029904
4.122500 0.870483 0.041004
4.127500 0.890324 0.013654
4.132500 0.792201 0.021889
4.137500 0.784522 0.031506
4.142500 0.795140 0.019566
4.147500 0.802687 0.022962
4.152500 0.806138 0.036996
4.157500 0.780195 0.004688
4.162500 0.716549 0.001465
4.167500 0.737498 0.018094
4.172500 0.763646 0.017050
4.177500 0.736593 0.006862
4.182500 0.743362 0.028394
4.187500 0.741436 0.032742
4.192500 0.740835 0.050120
4.197500 0.758875 0.007574
4.202500 0.828725 0.022157
4.207500 0.807435 0.024021
4.212500 0.761968 0.041681
4.217500 0.688888 0.030818
4.222500 0.681860 0.010368
4.227500 0.611782 0.025702
4.232500 0.631398 0.030499
4.237500 0.619774 0.050729
4.242500 0.618204 0.063533
4.247500 0.597863 0.026858
4.252500 0.593602 0.026480
4.257500 0.547698 0.031913
4.262500 0.555451 0.023641
4.267500 0.522929 0.032366
4.272500 0.510254 0.026727
4.277500 0.546926 0.029421
4.282500 0.558871 0.033830
4.287500 0.621749 0.015210
4.292500 0.723443 0.041036
4.297500 0.715948 0.017886
4.302500 0.660603 0.005699
4.307500 0.758799 0.047613
4.312500 0.754085 0.032060
4.317500 0.755027 0.049980
4.322500 0.771804 0.045972
4.327500 0.784957 0.017066
4.332500 0.778143 0.009058
4.337500 0.785153 0.029948
4.342500 0.823940 0.025453
4.347500 0.808331 0.026607
4.352500 0.775681 0.039887
4.357500 0.746773 0.025985
4.362500 0.773378 0.021068
4.367500 0.786716 0.019988
4.372500 0.789327 0.026194
4.377500 0.764453 0.016681
4.382500 0.777806 0.004882
4.387500 0.726328 0.028015
4.392500 0.705630 0.033962
4.397500 0.719226 0.011698
4.402500 0.703438 0.030240
4.407500 0.727455 0.037336
4.412500 0.675680 0.040146
4.417500 0.695322 0.062046
4.422500 0.640538 0.003006
4.427500 0.695871 0.025180
4.432500 0.707477 0.015797
4.437500 0.669402 0.073767
4.442500 0.683426 0.020915
4.447500 0.672972 0.038033
4.452500 0.682395 0.049293
4.457500 0.691974 0.005499
4.462500 0.727715 0.032090
4.467500 0.744244 0.003503
4.472500 0.722125 0.042728
4.477500 0.664817 0.007823
4.482500 0.675466 0.027785
4.487500 0.707960 0.036114
4.492500 0.686749 0.029551
4.497500 0.755201 0.052657
4.502500 0.720560 0.093204
4.507500 0.718402 0.089484
4.512500 0.691066 0.058802
4.517500 0.720958 0.048787
4.522500 0.731214 0.010376
4.527500 0.746282 0.037449
4.532500 0.743754 0.036804
4.537500 0.713248 0.029102
4.542500 0.707823 0.030968
4.547500 0.735970 0.041259
4.552500 0.683880 0.051275
4.557500 0.645927 0.018563
4.562500 0.678754 0.015433
4.567500 0.779182 0.004639
4.572500 0.773094 0.038001
4.577500 0.701255 0.053024
4.582500 0.807672 0.058973
4.587500 0.772063 0.032160
4.592500 0.740088 0.049787
4.597500 0.723487 0.064823
4.602500 0.687437 0.048366
4.607500 0.784702 0.033621
4.612500 0.745841 0.030583
4.617500 0.790355 0.009090
4.622500 0.852872 0.021233
4.627500 0.701902 0.085039
4.632500 0.678732 0.052601
4.637500 0.690082 0.012420
4.642500 0.689152 0.024501
4.647500 0.674020 0.010081
4.652500 0.723327 0.042182
4.657500 0.747873 0.020834
4.662500 0.746391 0.049736
4.667500 0.760356 0.095635
4.672500 0.690888 0.079993
4.677500 0.781134 0.057128
4.682500 0.802898 0.029319
4.687500 0.766770 0.031824
4.692500 0.807137 0.039429
4.697500 0.801835 0.019943
4.702500 0.841985 0.063471
4.707500 0.834182 0.033402
4.712500 0.839381 0.034561
4.717500 0.809641 0.066724
4.722500 0.717044 0.031365
4.727500 0.685622 0.049332
4.732500 0.753816 0.019133
4.737500 0.743558 0.030088
4.742500 0.709835 0.059160
4.747500 0.754252 0.068189
4.752500 0.861754 0.010121
4.757500 0.880017 0.061433
4.762500 0.833338 0.106584
4.767500 0.870297 0.037898
4.772500 0.866531 0.023419
4.777500 0.803020 0.026668
4.782500 0.870811 0.023334
4.787500 0.812220 0.010837
4.792500 0.882247 0.071100
4.797500 0.895212 0.025983
4.802500 0.929847 0.037453
4.807500 0.897074 0.059894
4.812500 0.880141 0.038349
4.817500 0.798959 0.015619
4.822500 0.892268 0.043724
4.827500 0.916356 0.052087
4.832500 0.838923 0.017751
4.837500 0.841832 0.020925
4.842500 0.927834 0.030593
4.847500 0.881439 0.016745
4.852500 0.857838 0.024956
4.857500 0.801937 0.007093
4.862500 0.880234 0.048244
4.867500 0.896986 0.073143
4.872500 0.940262 0.072849
4.877500 0.906827 0.081781
4.882500 0.868226 0.111404
4.887500 0.991692 0.062948
4.892500 1.057348 0.059653
4.897500 1.033747 0.058944
4.902500 0.953930 0.041770
4.907500 0.910328 0.097120
4.912500 0.984146 0.031355
4.917500 1.097494 0.124390
4.922500 1.069216 0.087094
4.927500 0.967731 0.083813
4.932500 0.921968 0.149419
4.937500 0.932582 0.167747
4.942500 0.943461 0.092775
4.947500 1.051942 0.114325
4.952500 1.020061 0.115808
4.957500 0.966992 0.135050
4.962500 0.843641 0.072205
4.967500 1.004339 0.091818
4.972500 1.126060 0.168515
4.977500 1.227112 0.198461
4.982500 0.992755 0.103662
4.987500 0.963358 0.090647
4.992500 0.946535 0.105239
4.997500 0.878418 0.134085
5.002500 0.852191 0.105576
5.007500 0.962559 0.109565
5.012500 0.946664 0.148909
5.017500 1.024423 0.114643
5.022500 0.915598 0.103758
5.027500 0.825396 0.071739
5.032500 0.795188 0.120199
5.037500 0.893008 0.110825
5.042500 0.905036 0.074495
5.047500 0.855056 0.109087
5.052500 0.916458 0.072294
5.057500 0.885199 0.054858
5.062500 0.848273 0.128834
5.067500 0.892556 0.059923
5.072500 0.876183 0.058913
5.077500 0.903226 0.100764
5.082500 0.743707 0.071742
5.087500 0.759437 0.042206
5.092500 0.787110 0.073419
5.097500 0.837433 0.046392
