# DATE = 2025-03-12
# PIPE_VER = 1.17.1
# PMAP = jwst_1322.pmap
# STANDARD_STAR = SNAP-2
# 
# Wavelength (microns), arbitrary reflectance, uncertainty
0.702500 0.700892 0.005551
0.707500 0.688942 0.012747
0.712500 0.693929 0.004353
0.717500 0.698501 0.008056
0.722500 0.701468 0.004240
0.727500 0.689701 0.006053
0.732500 0.701058 0.009986
0.737500 0.720878 0.015752
0.742500 0.723990 0.013803
0.747500 0.727744 0.006916
0.752500 0.736189 0.006866
0.757500 0.744875 0.012597
0.762500 0.749682 0.009961
0.767500 0.755514 0.006941
0.772500 0.767645 0.006320
0.777500 0.776630 0.007408
0.782500 0.770537 0.007406
0.787500 0.755029 0.009827
0.792500 0.750449 0.005851
0.797500 0.785334 0.016301
0.802500 0.805596 0.020274
0.807500 0.815131 0.015572
0.812500 0.825784 0.014859
0.817500 0.814799 0.012716
0.822500 0.821621 0.014198
0.827500 0.822242 0.016822
0.832500 0.824235 0.007986
0.837500 0.826934 0.005951
0.842500 0.845234 0.005257
0.847500 0.840130 0.009757
0.852500 0.854850 0.011081
0.857500 0.862203 0.013390
0.862500 0.863893 0.011197
0.867500 0.859737 0.009766
0.872500 0.875820 0.005143
0.877500 0.885637 0.009392
0.882500 0.888487 0.005724
0.887500 0.896586 0.010092
0.892500 0.898554 0.008344
0.897500 0.900408 0.014681
0.902500 0.912101 0.009280
0.907500 0.911375 0.007456
0.912500 0.918995 0.010716
0.917500 0.912159 0.012879
0.922500 0.925591 0.015887
0.927500 0.929199 0.008187
0.932500 0.933112 0.007192
0.937500 0.932438 0.010029
0.942500 0.938095 0.012855
0.947500 0.940922 0.011056
0.952500 0.952068 0.004365
0.957500 0.957073 0.009178
0.962500 0.971486 0.006402
0.967500 0.977213 0.006380
0.972500 0.989642 0.008692
0.977500 0.983297 0.017345
0.982500 0.987001 0.017150
0.987500 0.989102 0.015152
0.992500 0.994642 0.012441
0.997500 0.996080 0.010578
1.002500 0.999840 0.012034
1.007500 1.004159 0.010772
1.012500 1.005824 0.010972
1.017500 1.006226 0.012561
1.022500 1.011687 0.013592
1.027500 1.014014 0.018095
1.032500 1.019614 0.018975
1.037500 1.024684 0.016132
1.042500 1.023272 0.012887
1.047500 1.025839 0.012692
1.052500 1.025231 0.013088
1.057500 1.031887 0.017943
1.062500 1.033402 0.013707
1.067500 1.037072 0.012906
1.072500 1.036622 0.012113
1.077500 1.034939 0.013162
1.082500 1.043624 0.012853
1.087500 1.043938 0.011423
1.092500 1.051641 0.011898
1.097500 1.055342 0.010200
1.102500 1.058764 0.009714
1.107500 1.064674 0.015438
1.112500 1.065898 0.014040
1.117500 1.071429 0.013287
1.122500 1.073881 0.017624
1.127500 1.079266 0.018885
1.132500 1.079896 0.018966
1.137500 1.078273 0.020319
1.142500 1.082902 0.020715
1.147500 1.086033 0.017592
1.152500 1.089262 0.017621
1.157500 1.091196 0.020652
1.162500 1.092492 0.019964
1.167500 1.090834 0.022148
1.172500 1.093794 0.020812
1.177500 1.098659 0.024105
1.182500 1.106780 0.025308
1.187500 1.103253 0.025544
1.192500 1.102973 0.030951
1.197500 1.109997 0.018321
1.202500 1.105444 0.017713
1.207500 1.106765 0.019717
1.212500 1.107292 0.019541
1.217500 1.105760 0.015819
1.222500 1.101220 0.013497
1.227500 1.088058 0.008264
1.232500 1.089345 0.011046
1.237500 1.082691 0.013866
1.242500 1.079946 0.013930
1.247500 1.083561 0.013668
1.252500 1.084524 0.013157
1.257500 1.087962 0.015245
1.262500 1.103387 0.018945
1.267500 1.109288 0.020631
1.272500 1.102472 0.023632
1.277500 1.114917 0.023005
1.282500 1.114147 0.021432
1.287500 1.112037 0.023030
1.292500 1.122535 0.018171
1.297500 1.114464 0.012406
1.302500 1.119854 0.013034
1.307500 1.125616 0.014346
1.312500 1.124807 0.015052
1.317500 1.126346 0.021931
1.322500 1.130637 0.021255
1.327500 1.124484 0.026488
1.332500 1.123565 0.026766
1.337500 1.129324 0.026481
1.342500 1.122582 0.027562
1.347500 1.120311 0.026923
1.352500 1.124623 0.029209
1.357500 1.132064 0.030991
1.362500 1.134503 0.031882
1.367500 1.138498 0.029159
1.372500 1.141794 0.030430
1.377500 1.127098 0.028867
1.382500 1.125882 0.023076
1.387500 1.123713 0.024093
1.392500 1.129516 0.027055
1.397500 1.130348 0.026096
1.402500 1.132185 0.029466
1.407500 1.137514 0.024305
1.412500 1.135880 0.025123
1.417500 1.134715 0.024883
1.422500 1.132127 0.029067
1.427500 1.126862 0.033804
1.432500 1.131181 0.032077
1.437500 1.128607 0.033165
1.442500 1.130872 0.028959
1.447500 1.135561 0.026481
1.452500 1.135371 0.027870
1.457500 1.136913 0.027908
1.462500 1.141717 0.023461
1.467500 1.146725 0.020338
1.472500 1.143049 0.019557
1.477500 1.143074 0.018659
1.482500 1.135704 0.030890
1.487500 1.126746 0.033814
1.492500 1.121965 0.030651
1.497500 1.131731 0.034023
1.502500 1.126891 0.035755
1.507500 1.125239 0.033569
1.512500 1.119545 0.029811
1.517500 1.116338 0.027761
1.522500 1.116411 0.031983
1.527500 1.122986 0.028955
1.532500 1.120277 0.028781
1.537500 1.119625 0.023236
1.542500 1.112077 0.028491
1.547500 1.110118 0.033631
1.552500 1.110501 0.034068
1.557500 1.113582 0.034301
1.562500 1.111756 0.038201
1.567500 1.105662 0.041567
1.572500 1.109294 0.031260
1.577500 1.112010 0.027394
1.582500 1.117937 0.026123
1.587500 1.119833 0.024364
1.592500 1.113176 0.019913
1.597500 1.118049 0.018886
1.602500 1.113624 0.023758
1.607500 1.112616 0.023430
1.612500 1.115357 0.025798
1.617500 1.114993 0.026725
1.622500 1.109861 0.024576
1.627500 1.121080 0.028645
1.632500 1.129259 0.033935
1.637500 1.132837 0.034350
1.642500 1.131781 0.035701
1.647500 1.123938 0.030085
1.652500 1.117300 0.025344
1.657500 1.113757 0.026983
1.662500 1.113187 0.029572
1.667500 1.116904 0.028606
1.672500 1.124612 0.029298
1.677500 1.130497 0.033568
1.682500 1.128091 0.032115
1.687500 1.132034 0.031374
1.692500 1.131073 0.030752
1.697500 1.133472 0.026063
1.702500 1.131473 0.031241
1.707500 1.133579 0.027038
1.712500 1.132754 0.024028
1.717500 1.138760 0.024555
1.722500 1.137818 0.029697
1.727500 1.134942 0.026786
1.732500 1.134033 0.024309
1.737500 1.128540 0.025968
1.742500 1.119427 0.032070
1.747500 1.108062 0.021296
1.752500 1.118074 0.023332
1.757500 1.119229 0.028542
1.762500 1.111800 0.029134
1.767500 1.118206 0.027806
1.772500 1.117116 0.026337
1.777500 1.115450 0.029511
1.782500 1.117907 0.029428
1.787500 1.120275 0.025995
1.792500 1.124549 0.024724
1.797500 1.124721 0.026863
1.802500 1.114053 0.033683
1.807500 1.118052 0.023967
1.812500 1.115736 0.024117
1.817500 1.115837 0.027530
1.822500 1.121033 0.025405
1.827500 1.117412 0.025362
1.832500 1.124405 0.023027
1.837500 1.121116 0.024813
1.842500 1.127762 0.025071
1.847500 1.133008 0.026904
1.852500 1.135768 0.025978
1.857500 1.125280 0.037426
1.862500 1.123568 0.030981
1.867500 1.109814 0.017412
1.872500 1.109462 0.022655
1.877500 1.109420 0.023757
1.882500 1.116406 0.026870
1.887500 1.126721 0.031419
1.892500 1.131372 0.032118
1.897500 1.127475 0.032099
1.902500 1.124534 0.026540
1.907500 1.123633 0.027792
1.912500 1.111492 0.038371
1.917500 1.103476 0.036833
1.922500 1.108660 0.035150
1.927500 1.111578 0.035342
1.932500 1.100465 0.040097
1.937500 1.091398 0.027326
1.942500 1.088928 0.027200
1.947500 1.086487 0.033232
1.952500 1.086543 0.032647
1.957500 1.068734 0.027063
1.962500 1.062139 0.024941
1.967500 1.064921 0.028446
1.972500 1.068045 0.025833
1.977500 1.076950 0.024165
1.982500 1.075473 0.025404
1.987500 1.070263 0.027673
1.992500 1.073792 0.028378
1.997500 1.072264 0.028517
2.002500 1.067492 0.033192
2.007500 1.063425 0.033065
2.012500 1.066067 0.032130
2.017500 1.065478 0.032511
2.022500 1.077714 0.032097
2.027500 1.076651 0.026643
2.032500 1.075062 0.024436
2.037500 1.080415 0.024010
2.042500 1.065400 0.033923
2.047500 1.064597 0.033357
2.052500 1.067260 0.030989
2.057500 1.079089 0.030816
2.062500 1.078921 0.024548
2.067500 1.076593 0.018552
2.072500 1.071388 0.024984
2.077500 1.071492 0.026697
2.082500 1.059513 0.024880
2.087500 1.063156 0.025980
2.092500 1.067747 0.027653
2.097500 1.067940 0.031218
2.102500 1.075186 0.026483
2.107500 1.076271 0.025654
2.112500 1.070625 0.027075
2.117500 1.047904 0.019226
2.122500 1.058109 0.020438
2.127500 1.067260 0.022440
2.132500 1.068892 0.022963
2.137500 1.071660 0.021038
2.142500 1.072816 0.022025
2.147500 1.066041 0.020860
2.152500 1.055031 0.014072
2.157500 1.060566 0.016985
2.162500 1.069687 0.023958
2.167500 1.070442 0.021499
2.172500 1.079068 0.025892
2.177500 1.072683 0.017530
2.182500 1.069445 0.019130
2.187500 1.062301 0.013016
2.192500 1.062399 0.013454
2.197500 1.063181 0.019715
2.202500 1.062472 0.021907
2.207500 1.062414 0.022555
2.212500 1.059780 0.027340
2.217500 1.066797 0.024902
2.222500 1.075961 0.023422
2.227500 1.071464 0.025735
2.232500 1.066012 0.027678
2.237500 1.056011 0.022203
2.242500 1.061795 0.023423
2.247500 1.066149 0.021572
2.252500 1.051295 0.022189
2.257500 1.046745 0.016809
2.262500 1.044388 0.015754
2.267500 1.027911 0.020464
2.272500 1.007957 0.014801
2.277500 1.002107 0.015405
2.282500 1.003752 0.022071
2.287500 1.020172 0.018605
2.292500 1.018030 0.023246
2.297500 1.024841 0.018742
2.302500 1.030006 0.024457
2.307500 1.029506 0.024442
2.312500 1.023451 0.020846
2.317500 1.032806 0.023418
2.322500 1.036373 0.016196
2.327500 1.037537 0.021943
2.332500 1.044883 0.021505
2.337500 1.038192 0.016642
2.342500 1.046838 0.018465
2.347500 1.050221 0.018573
2.352500 1.046644 0.023980
2.357500 1.048618 0.024117
2.362500 1.045111 0.027315
2.367500 1.019079 0.023765
2.372500 1.023444 0.027106
2.377500 1.027425 0.032287
2.382500 1.037720 0.028321
2.387500 1.044939 0.017664
2.392500 1.046071 0.015424
2.397500 1.043426 0.017262
2.402500 1.037684 0.024089
2.407500 1.043994 0.017979
2.412500 1.032068 0.021286
2.417500 1.021538 0.020164
2.422500 1.013122 0.020449
2.427500 1.013689 0.021760
2.432500 1.015004 0.014775
2.437500 1.015140 0.012829
2.442500 1.014071 0.012297
2.447500 1.021550 0.021799
2.452500 1.023230 0.024517
2.457500 1.020419 0.029876
2.462500 1.011605 0.022679
2.467500 1.006706 0.020741
2.472500 1.011186 0.021309
2.477500 1.003899 0.017237
2.482500 1.003267 0.011973
2.487500 0.997368 0.017489
2.492500 0.994072 0.017840
2.497500 0.974356 0.027422
2.502500 0.983487 0.023241
2.507500 0.977425 0.018382
2.512500 0.973360 0.008917
2.517500 0.970651 0.009860
2.522500 0.983417 0.009668
2.527500 1.000321 0.005167
2.532500 1.009542 0.006323
2.537500 1.005866 0.013436
2.542500 0.983816 0.031547
2.547500 0.991403 0.031945
2.552500 0.999710 0.022891
2.557500 0.997823 0.012071
2.562500 0.991633 0.014376
2.567500 0.999115 0.019117
2.572500 1.002643 0.022924
2.577500 1.009795 0.024074
2.582500 1.009589 0.016562
2.587500 1.002000 0.011744
2.592500 1.015766 0.003709
2.597500 1.002141 0.012715
2.602500 0.995258 0.013740
2.607500 0.999058 0.015360
2.612500 0.999177 0.013781
2.617500 0.998114 0.014072
2.622500 1.000000 0.010541
2.627500 0.998739 0.012551
2.632500 0.984208 0.014293
2.637500 0.985506 0.021634
2.642500 0.983186 0.017519
2.647500 0.977964 0.013582
2.652500 0.968158 0.016725
2.657500 0.962736 0.014418
2.662500 0.963914 0.012251
2.667500 0.964961 0.011433
2.672500 0.965542 0.003672
2.677500 0.950071 0.010084
2.682500 0.946292 0.012564
2.687500 0.938119 0.010151
2.692500 0.926493 0.015860
2.697500 0.920977 0.021318
2.702500 0.898882 0.019048
2.707500 0.897718 0.021786
2.712500 0.891358 0.021835
2.717500 0.869734 0.010037
2.722500 0.867754 0.010766
2.727500 0.871737 0.009415
2.732500 0.845146 0.008099
2.737500 0.829131 0.017423
2.742500 0.818986 0.020166
2.747500 0.798586 0.016519
2.752500 0.782036 0.025017
2.757500 0.757956 0.019168
2.762500 0.721820 0.010229
2.767500 0.695672 0.023700
2.772500 0.650850 0.002721
2.777500 0.629487 0.012640
2.782500 0.607193 0.024926
2.787500 0.565095 0.009195
2.792500 0.518562 0.013477
2.797500 0.512423 0.010466
2.802500 0.459029 0.002397
2.807500 0.425541 0.019392
2.812500 0.411850 0.014536
2.817500 0.360192 0.001367
2.822500 0.342103 0.010391
2.827500 0.329859 0.004300
2.832500 0.294953 0.003923
2.837500 0.285775 0.005178
2.842500 0.257150 0.003369
2.847500 0.234397 0.004165
2.852500 0.217460 0.007778
2.857500 0.202433 0.002127
2.862500 0.186304 0.003376
2.867500 0.182377 0.004648
2.872500 0.162747 0.005600
2.877500 0.158117 0.000552
2.882500 0.149799 0.001179
2.887500 0.137768 0.002649
2.892500 0.129798 0.004645
2.897500 0.120110 0.003548
2.902500 0.113230 0.002807
2.907500 0.109683 0.003809
2.912500 0.093678 0.002728
2.917500 0.090739 0.002284
2.922500 0.090978 0.002029
2.927500 0.091069 0.003200
2.932500 0.089154 0.003066
2.937500 0.081602 0.002395
2.942500 0.082865 0.004154
2.947500 0.082282 0.004859
2.952500 0.080886 0.005387
2.957500 0.072117 0.001219
2.962500 0.067600 0.001617
2.967500 0.070322 0.004110
2.972500 0.072145 0.001359
2.977500 0.069352 0.003343
2.982500 0.064154 0.001257
2.987500 0.066201 0.001736
2.992500 0.066339 0.002718
2.997500 0.063546 0.002031
3.002500 0.066634 0.001251
3.007500 0.068252 0.001686
3.012500 0.072294 0.003536
3.017500 0.066760 0.002295
3.022500 0.066193 0.001510
3.027500 0.064634 0.002745
3.032500 0.062803 0.003535
3.037500 0.063407 0.004614
3.042500 0.061519 0.003430
3.047500 0.060924 0.002543
3.052500 0.064259 0.001945
3.057500 0.065528 0.000419
3.062500 0.065610 0.002071
3.067500 0.065804 0.004880
3.072500 0.063078 0.003306
3.077500 0.057554 0.005046
3.082500 0.059815 0.001265
3.087500 0.062089 0.001394
3.092500 0.060688 0.000904
3.097500 0.061302 0.001681
3.102500 0.065838 0.002985
3.107500 0.070179 0.004809
3.112500 0.072950 0.003129
3.117500 0.068971 0.002999
3.122500 0.067073 0.002667
3.127500 0.066310 0.002067
3.132500 0.069672 0.002930
3.137500 0.078561 0.001489
3.142500 0.079063 0.002155
3.147500 0.080475 0.002497
3.152500 0.081467 0.005334
3.157500 0.085645 0.003000
3.162500 0.081840 0.004879
3.167500 0.079573 0.002651
3.172500 0.082050 0.002186
3.177500 0.084937 0.001370
3.182500 0.087961 0.003044
3.187500 0.086771 0.001873
3.192500 0.093699 0.003560
3.197500 0.098284 0.004972
3.202500 0.097163 0.005265
3.207500 0.094016 0.005536
3.212500 0.099423 0.003948
3.217500 0.112106 0.004139
3.222500 0.115250 0.006938
3.227500 0.117267 0.003035
3.232500 0.114599 0.002474
3.237500 0.119033 0.002864
3.242500 0.121986 0.006486
3.247500 0.125491 0.003188
3.252500 0.137323 0.007694
3.257500 0.143469 0.002161
3.262500 0.145606 0.001766
3.267500 0.147922 0.004909
3.272500 0.147970 0.004092
3.277500 0.149687 0.001085
3.282500 0.150390 0.003641
3.287500 0.168706 0.002715
3.292500 0.176664 0.006125
3.297500 0.180671 0.004986
3.302500 0.182978 0.000935
3.307500 0.181931 0.002839
3.312500 0.182550 0.004842
3.317500 0.179884 0.006347
3.322500 0.184255 0.004061
3.327500 0.187941 0.003503
3.332500 0.174197 0.007555
3.337500 0.176385 0.007115
3.342500 0.176014 0.004818
3.347500 0.174979 0.003272
3.352500 0.169945 0.002090
3.357500 0.167423 0.000302
3.362500 0.173555 0.004157
3.367500 0.178618 0.006661
3.372500 0.172533 0.006038
3.377500 0.168848 0.008077
3.382500 0.174667 0.006326
3.387500 0.179039 0.006007
3.392500 0.175552 0.006015
3.397500 0.184946 0.015603
3.402500 0.187013 0.016590
3.407500 0.184186 0.012377
3.412500 0.180437 0.008831
3.417500 0.179271 0.006945
3.422500 0.173620 0.003239
3.427500 0.180665 0.002143
3.432500 0.183140 0.006071
3.437500 0.193538 0.001613
3.442500 0.201276 0.000780
3.447500 0.200032 0.002305
3.452500 0.209438 0.002523
3.457500 0.211516 0.006533
3.462500 0.207454 0.005033
3.467500 0.208537 0.001675
3.472500 0.203383 0.006462
3.477500 0.206480 0.009455
3.482500 0.209978 0.005798
3.487500 0.223162 0.006989
3.492500 0.228088 0.004172
3.497500 0.237115 0.009293
3.502500 0.242904 0.014849
3.507500 0.242746 0.010921
3.512500 0.235913 0.003806
3.517500 0.237898 0.007165
3.522500 0.234837 0.006440
3.527500 0.233924 0.008105
3.532500 0.239566 0.010092
3.537500 0.243400 0.004475
3.542500 0.268369 0.007197
3.547500 0.269650 0.006779
3.552500 0.258513 0.002088
3.557500 0.263718 0.005070
3.562500 0.286247 0.009716
3.567500 0.310197 0.013462
3.572500 0.296064 0.005726
3.577500 0.301499 0.017010
3.582500 0.303767 0.012025
3.587500 0.300906 0.003167
3.592500 0.298027 0.003503
3.597500 0.331513 0.014881
3.602500 0.338546 0.014347
3.607500 0.325612 0.003157
3.612500 0.325576 0.004481
3.617500 0.345779 0.010576
3.622500 0.345550 0.003056
3.627500 0.342240 0.002691
3.632500 0.350861 0.011505
3.637500 0.357563 0.007331
3.642500 0.361796 0.006519
3.647500 0.368921 0.002376
3.652500 0.392541 0.005142
3.657500 0.394834 0.005490
3.662500 0.393352 0.002546
3.667500 0.403352 0.004016
3.672500 0.393671 0.006488
3.677500 0.386593 0.003990
3.682500 0.422388 0.009944
3.687500 0.431841 0.008256
3.692500 0.420378 0.008370
3.697500 0.410254 0.013823
3.702500 0.398778 0.013394
3.707500 0.413665 0.005809
3.712500 0.414630 0.006905
3.717500 0.409169 0.003030
3.722500 0.422898 0.008695
3.727500 0.435451 0.005372
3.732500 0.432596 0.008161
3.737500 0.422488 0.010436
3.742500 0.412908 0.007338
3.747500 0.410295 0.002426
3.752500 0.423297 0.006172
3.757500 0.431739 0.002342
3.762500 0.426713 0.003789
3.767500 0.423775 0.009318
3.772500 0.417001 0.004902
3.777500 0.423120 0.006999
3.782500 0.433360 0.003486
3.787500 0.417021 0.006805
3.792500 0.408285 0.008694
3.797500 0.408592 0.007821
3.802500 0.416320 0.004841
3.807500 0.415041 0.007152
3.812500 0.409065 0.002659
3.817500 0.416906 0.005635
3.822500 0.433660 0.002296
3.827500 0.440018 0.011290
3.832500 0.418087 0.013605
3.837500 0.422002 0.008216
3.842500 0.427413 0.010147
3.847500 0.431854 0.005792
3.852500 0.440204 0.007611
3.857500 0.430797 0.019935
3.862500 0.433708 0.010174
3.867500 0.433944 0.014634
3.872500 0.435235 0.003770
3.877500 0.434347 0.003935
3.882500 0.407450 0.005578
3.887500 0.401321 0.002850
3.892500 0.410130 0.014331
3.897500 0.427719 0.011698
3.902500 0.423562 0.006921
3.907500 0.420934 0.001240
3.912500 0.429296 0.016159
3.917500 0.434079 0.017906
3.922500 0.431079 0.010543
3.927500 0.423109 0.013199
3.932500 0.417228 0.016209
3.937500 0.398809 0.008721
3.942500 0.399519 0.011255
3.947500 0.397379 0.007397
3.952500 0.394914 0.006364
3.957500 0.410995 0.003173
3.962500 0.408324 0.012941
3.967500 0.419707 0.017604
3.972500 0.419220 0.007708
3.977500 0.436730 0.019595
3.982500 0.452329 0.004866
3.987500 0.446374 0.008858
3.992500 0.422299 0.002554
3.997500 0.426220 0.005321
4.002500 0.426935 0.010519
4.007500 0.438768 0.019462
4.012500 0.466335 0.027033
4.017500 0.460666 0.031327
4.022500 0.462757 0.010327
4.027500 0.478049 0.007079
4.032500 0.461635 0.019300
4.037500 0.479508 0.017001
4.042500 0.489556 0.006916
4.047500 0.479905 0.014544
4.052500 0.452440 0.016106
4.057500 0.443001 0.009933
4.062500 0.442123 0.005111
4.067500 0.465773 0.005498
4.072500 0.466712 0.007158
4.077500 0.503010 0.006096
4.082500 0.501587 0.006929
4.087500 0.491150 0.007644
4.092500 0.490214 0.009865
4.097500 0.497153 0.011962
4.102500 0.513555 0.002131
4.107500 0.515329 0.021233
4.112500 0.500740 0.009027
4.117500 0.476906 0.008086
4.122500 0.482503 0.006732
4.127500 0.518448 0.014742
4.132500 0.512424 0.025319
4.137500 0.454238 0.009436
4.142500 0.471643 0.021145
4.147500 0.528659 0.019559
4.152500 0.502505 0.022454
4.157500 0.470347 0.018155
4.162500 0.464501 0.026093
4.167500 0.469527 0.014049
4.172500 0.484232 0.019826
4.177500 0.491540 0.010734
4.182500 0.454391 0.023252
4.187500 0.447379 0.011025
4.192500 0.467117 0.013998
4.197500 0.480977 0.015825
4.202500 0.445621 0.014301
4.207500 0.421607 0.033986
4.212500 0.398515 0.012965
4.217500 0.432596 0.006618
4.222500 0.407950 0.013605
4.227500 0.371553 0.006704
4.232500 0.346841 0.006885
4.237500 0.332511 0.010314
4.242500 0.327885 0.013798
4.247500 0.271699 0.011329
4.252500 0.205935 0.003136
4.257500 0.186159 0.002301
4.262500 0.160744 0.008558
4.267500 0.108820 0.008732
4.272500 0.075008 0.010825
4.277500 0.090943 0.006204
4.282500 0.120355 0.018231
4.287500 0.215512 0.018095
4.292500 0.314181 0.018150
4.297500 0.355089 0.010457
4.302500 0.401721 0.016114
4.307500 0.461419 0.010950
4.312500 0.502110 0.020511
4.317500 0.486276 0.013269
4.322500 0.462774 0.006676
4.327500 0.483212 0.026055
4.332500 0.499769 0.018100
4.337500 0.505640 0.020692
4.342500 0.520825 0.016586
4.347500 0.508643 0.013465
4.352500 0.498908 0.012621
4.357500 0.460245 0.003448
4.362500 0.462379 0.004797
4.367500 0.478864 0.014578
4.372500 0.460904 0.023613
4.377500 0.452907 0.030556
4.382500 0.487027 0.003897
4.387500 0.479986 0.015632
4.392500 0.486974 0.005136
4.397500 0.470720 0.025543
4.402500 0.424434 0.005036
4.407500 0.443885 0.010446
4.412500 0.477268 0.019413
4.417500 0.446904 0.011357
4.422500 0.427581 0.029412
4.427500 0.412922 0.031388
4.432500 0.411260 0.006540
4.437500 0.404562 0.011979
4.442500 0.407850 0.017570
4.447500 0.418450 0.014096
4.452500 0.381160 0.020097
4.457500 0.374041 0.025633
4.462500 0.422574 0.006007
4.467500 0.373946 0.022269
4.472500 0.387213 0.008937
4.477500 0.378093 0.007240
4.482500 0.319026 0.009622
4.487500 0.333139 0.016298
4.492500 0.358414 0.004981
4.497500 0.348113 0.010318
4.502500 0.365310 0.013588
4.507500 0.361544 0.032172
4.512500 0.350005 0.006019
4.517500 0.363148 0.026850
4.522500 0.369026 0.010135
4.527500 0.373480 0.027784
4.532500 0.362649 0.014851
4.537500 0.345553 0.002076
4.542500 0.322081 0.029585
4.547500 0.370118 0.010048
4.552500 0.382070 0.006468
4.557500 0.352742 0.016585
4.562500 0.334457 0.003157
4.567500 0.364467 0.009225
4.572500 0.330784 0.010641
4.577500 0.306771 0.012617
4.582500 0.315217 0.028420
4.587500 0.282779 0.017375
4.592500 0.268487 0.007471
4.597500 0.270348 0.009240
4.602500 0.236321 0.015931
4.607500 0.206396 0.011588
4.612500 0.196535 0.013266
4.617500 0.186087 0.008019
4.622500 0.182102 0.003331
4.627500 0.201265 0.023738
4.632500 0.212825 0.012809
4.637500 0.229379 0.013266
4.642500 0.252318 0.016149
4.647500 0.230253 0.009146
4.652500 0.260866 0.022672
4.657500 0.297145 0.007255
4.662500 0.306907 0.017643
4.667500 0.294948 0.016301
4.672500 0.315930 0.022275
4.677500 0.288398 0.006353
4.682500 0.268169 0.003194
4.687500 0.270761 0.020318
4.692500 0.258357 0.010355
4.697500 0.273436 0.011590
4.702500 0.287302 0.012958
4.707500 0.346420 0.020538
4.712500 0.370526 0.002617
4.717500 0.366379 0.018454
4.722500 0.376136 0.009505
4.727500 0.381980 0.003940
4.732500 0.411164 0.009016
4.737500 0.417869 0.007947
4.742500 0.422721 0.019128
4.747500 0.418457 0.023101
4.752500 0.429363 0.038266
4.757500 0.408864 0.043024
4.762500 0.438523 0.013413
4.767500 0.506611 0.027765
4.772500 0.482294 0.042080
4.777500 0.433856 0.006892
4.782500 0.412139 0.018726
4.787500 0.445952 0.002614
4.792500 0.445525 0.021515
4.797500 0.449305 0.025269
4.802500 0.420818 0.004738
4.807500 0.411441 0.001948
4.812500 0.418973 0.016879
4.817500 0.439837 0.019517
4.822500 0.447570 0.018315
4.827500 0.453492 0.009367
4.832500 0.446502 0.008263
4.837500 0.458513 0.032530
4.842500 0.436840 0.012226
4.847500 0.457879 0.026004
4.852500 0.451620 0.013818
4.857500 0.462254 0.022867
4.862500 0.483515 0.022457
4.867500 0.470238 0.028253
4.872500 0.431553 0.009749
4.877500 0.447988 0.025540
4.882500 0.467853 0.024851
4.887500 0.510259 0.018339
4.892500 0.471329 0.020550
4.897500 0.444337 0.006647
4.902500 0.459615 0.042291
4.907500 0.481252 0.042946
4.912500 0.536645 0.044450
4.917500 0.488886 0.034224
4.922500 0.488763 0.013685
4.927500 0.429477 0.011285
4.932500 0.451787 0.019628
4.937500 0.490341 0.031797
4.942500 0.481458 0.026543
4.947500 0.469757 0.037746
4.952500 0.426113 0.021726
4.957500 0.434043 0.006752
4.962500 0.476743 0.036737
4.967500 0.450504 0.020230
4.972500 0.518871 0.012926
4.977500 0.565179 0.033129
4.982500 0.550112 0.016980
4.987500 0.500550 0.035588
4.992500 0.500525 0.011413
4.997500 0.528421 0.010223
5.002500 0.511739 0.023586
5.007500 0.521183 0.024638
5.012500 0.473753 0.034164
5.017500 0.463533 0.003919
5.022500 0.434590 0.013247
5.027500 0.472125 0.015113
5.032500 0.505730 0.011395
5.037500 0.490678 0.016460
5.042500 0.485433 0.039503
5.047500 0.512938 0.026478
5.052500 0.500681 0.043220
5.057500 0.478232 0.021806
5.062500 0.465363 0.066399
5.067500 0.460905 0.022346
5.072500 0.493000 0.019380
5.077500 0.477130 0.030999
5.082500 0.420769 0.017078
5.087500 0.420142 0.025047
5.092500 0.357274 0.027892
5.097500 0.357897 0.027258
