# DATE = 2025-03-12
# PIPE_VER = 1.17.1
# PMAP = jwst_1322.pmap
# STANDARD_STAR = SNAP-2
# 
# Wavelength (microns), arbitrary reflectance, uncertainty
0.702500 0.772735 0.030375
0.707500 0.778914 0.023671
0.712500 0.751340 0.013557
0.717500 0.772940 0.016541
0.722500 0.779480 0.020240
0.727500 0.777928 0.025111
0.732500 0.753843 0.015867
0.737500 0.758390 0.011331
0.742500 0.772109 0.013291
0.747500 0.781743 0.005408
0.752500 0.779712 0.005809
0.757500 0.788219 0.006657
0.762500 0.792453 0.012382
0.767500 0.803767 0.014943
0.772500 0.825681 0.018911
0.777500 0.838921 0.028957
0.782500 0.831376 0.026761
0.787500 0.832765 0.022503
0.792500 0.815646 0.023078
0.797500 0.829842 0.010838
0.802500 0.826798 0.010181
0.807500 0.807576 0.015718
0.812500 0.811429 0.012656
0.817500 0.826871 0.016726
0.822500 0.888891 0.006394
0.827500 0.885618 0.011395
0.832500 0.884651 0.008773
0.837500 0.884327 0.010037
0.842500 0.871191 0.012531
0.847500 0.867487 0.013290
0.852500 0.873502 0.010412
0.857500 0.882616 0.012672
0.862500 0.877929 0.014048
0.867500 0.875550 0.020062
0.872500 0.894210 0.024042
0.877500 0.911083 0.026390
0.882500 0.910656 0.022465
0.887500 0.925110 0.017216
0.892500 0.933019 0.010882
0.897500 0.913900 0.014778
0.902500 0.913657 0.010373
0.907500 0.919373 0.014551
0.912500 0.922778 0.014883
0.917500 0.921353 0.014593
0.922500 0.924507 0.014305
0.927500 0.931828 0.010666
0.932500 0.953935 0.014133
0.937500 0.950875 0.008014
0.942500 0.953947 0.011188
0.947500 0.961638 0.010976
0.952500 0.962126 0.012597
0.957500 0.960088 0.009674
0.962500 0.949463 0.005637
0.967500 0.964213 0.009546
0.972500 0.972880 0.007599
0.977500 0.975135 0.005974
0.982500 0.984493 0.009115
0.987500 0.988603 0.009595
0.992500 0.985091 0.005592
0.997500 0.983009 0.004791
1.002500 0.981950 0.005955
1.007500 0.987108 0.006840
1.012500 0.991501 0.009969
1.017500 0.992839 0.009641
1.022500 0.996588 0.005991
1.027500 0.989388 0.006937
1.032500 0.995000 0.008209
1.037500 1.005364 0.009402
1.042500 1.012613 0.010312
1.047500 1.009352 0.007628
1.052500 1.007447 0.015453
1.057500 1.005055 0.013951
1.062500 1.012471 0.016773
1.067500 1.013928 0.015586
1.072500 1.020432 0.018369
1.077500 1.025265 0.016273
1.082500 1.026225 0.017332
1.087500 1.015808 0.018882
1.092500 1.024805 0.021078
1.097500 1.026709 0.018371
1.102500 1.041647 0.011533
1.107500 1.036775 0.015157
1.112500 1.044766 0.011953
1.117500 1.049929 0.007634
1.122500 1.058556 0.008819
1.127500 1.065337 0.013860
1.132500 1.070334 0.011810
1.137500 1.067677 0.012744
1.142500 1.065983 0.014438
1.147500 1.058690 0.012601
1.152500 1.053231 0.011299
1.157500 1.056223 0.017626
1.162500 1.053718 0.016543
1.167500 1.061363 0.013609
1.172500 1.073865 0.016578
1.177500 1.077996 0.019464
1.182500 1.102332 0.016087
1.187500 1.092147 0.018961
1.192500 1.088800 0.017204
1.197500 1.087142 0.017250
1.202500 1.076491 0.020174
1.207500 1.071743 0.018091
1.212500 1.073113 0.016690
1.217500 1.071162 0.013025
1.222500 1.061348 0.009142
1.227500 1.067929 0.018043
1.232500 1.078045 0.023870
1.237500 1.089193 0.019483
1.242500 1.089106 0.020033
1.247500 1.089809 0.023307
1.252500 1.085417 0.020855
1.257500 1.084191 0.021401
1.262500 1.078036 0.018020
1.267500 1.081871 0.018731
1.272500 1.078204 0.024750
1.277500 1.059109 0.029307
1.282500 1.078886 0.027058
1.287500 1.068124 0.018862
1.292500 1.071450 0.016690
1.297500 1.075197 0.016661
1.302500 1.088202 0.022934
1.307500 1.092982 0.031848
1.312500 1.097673 0.030235
1.317500 1.103525 0.022905
1.322500 1.103155 0.019327
1.327500 1.107408 0.016386
1.332500 1.111946 0.013317
1.337500 1.115660 0.010652
1.342500 1.108783 0.010560
1.347500 1.098895 0.018924
1.352500 1.094189 0.017830
1.357500 1.091030 0.017498
1.362500 1.083086 0.010589
1.367500 1.090983 0.013357
1.372500 1.097003 0.025951
1.377500 1.094040 0.026113
1.382500 1.088907 0.026222
1.387500 1.096570 0.023903
1.392500 1.092815 0.019867
1.397500 1.095393 0.019205
1.402500 1.100786 0.022582
1.407500 1.091560 0.024149
1.412500 1.088749 0.023258
1.417500 1.099881 0.029646
1.422500 1.101949 0.023849
1.427500 1.115160 0.017580
1.432500 1.117117 0.021528
1.437500 1.094708 0.010065
1.442500 1.081632 0.012232
1.447500 1.077390 0.017015
1.452500 1.074967 0.017423
1.457500 1.079521 0.018842
1.462500 1.082572 0.019496
1.467500 1.085105 0.012658
1.472500 1.090158 0.012332
1.477500 1.094395 0.015597
1.482500 1.104474 0.014810
1.487500 1.108333 0.017482
1.492500 1.101081 0.024210
1.497500 1.093262 0.019148
1.502500 1.088041 0.010366
1.507500 1.090456 0.008300
1.512500 1.087754 0.012324
1.517500 1.086066 0.011935
1.522500 1.082430 0.013249
1.527500 1.076745 0.016569
1.532500 1.078566 0.021214
1.537500 1.080871 0.019663
1.542500 1.077452 0.019310
1.547500 1.082851 0.024245
1.552500 1.089267 0.023829
1.557500 1.093756 0.021950
1.562500 1.090405 0.025352
1.567500 1.080538 0.030184
1.572500 1.081441 0.028923
1.577500 1.072299 0.020796
1.582500 1.071516 0.017947
1.587500 1.057906 0.021863
1.592500 1.068361 0.023502
1.597500 1.070641 0.020394
1.602500 1.070395 0.021687
1.607500 1.075423 0.024604
1.612500 1.077760 0.028472
1.617500 1.070599 0.023785
1.622500 1.061026 0.013431
1.627500 1.058920 0.008048
1.632500 1.065214 0.006006
1.637500 1.069664 0.006602
1.642500 1.074332 0.004595
1.647500 1.083074 0.012172
1.652500 1.088863 0.012275
1.657500 1.093343 0.014483
1.662500 1.094454 0.019560
1.667500 1.107637 0.021269
1.672500 1.113402 0.019122
1.677500 1.106800 0.014392
1.682500 1.105875 0.009422
1.687500 1.097820 0.012675
1.692500 1.099138 0.011133
1.697500 1.087315 0.005934
1.702500 1.088688 0.007278
1.707500 1.102198 0.012536
1.712500 1.099024 0.010708
1.717500 1.098389 0.010545
1.722500 1.068730 0.005762
1.727500 1.070041 0.027717
1.732500 1.082623 0.030157
1.737500 1.075078 0.023008
1.742500 1.084665 0.019265
1.747500 1.084741 0.016322
1.752500 1.088655 0.018915
1.757500 1.086259 0.018214
1.762500 1.092561 0.019771
1.767500 1.105358 0.023132
1.772500 1.100765 0.020197
1.777500 1.111234 0.018387
1.782500 1.097376 0.031123
1.787500 1.107992 0.024822
1.792500 1.107182 0.013774
1.797500 1.076358 0.016551
1.802500 1.072231 0.026187
1.807500 1.079478 0.025057
1.812500 1.073982 0.019903
1.817500 1.067887 0.021635
1.822500 1.067358 0.026236
1.827500 1.065230 0.026041
1.832500 1.065795 0.024629
1.837500 1.053925 0.010562
1.842500 1.068656 0.011682
1.847500 1.074856 0.010939
1.852500 1.073840 0.010655
1.857500 1.089385 0.021218
1.862500 1.096136 0.021757
1.867500 1.106071 0.021380
1.872500 1.097934 0.014615
1.877500 1.083709 0.028153
1.882500 1.083784 0.030769
1.887500 1.088532 0.030616
1.892500 1.081456 0.031461
1.897500 1.083500 0.021862
1.902500 1.086954 0.022939
1.907500 1.085204 0.027146
1.912500 1.087532 0.027250
1.917500 1.091398 0.031036
1.922500 1.095118 0.025351
1.927500 1.074893 0.026057
1.932500 1.051917 0.023635
1.937500 1.060065 0.023604
1.942500 1.055886 0.021670
1.947500 1.031236 0.007591
1.952500 1.028283 0.011943
1.957500 1.034429 0.016251
1.962500 1.040223 0.015910
1.967500 1.059978 0.019788
1.972500 1.075481 0.016238
1.977500 1.068590 0.019792
1.982500 1.068419 0.012502
1.987500 1.048054 0.013100
1.992500 1.044371 0.015574
1.997500 1.056033 0.020821
2.002500 1.040950 0.010988
2.007500 1.047261 0.021820
2.012500 1.055348 0.026999
2.017500 1.043235 0.016961
2.022500 1.040333 0.015737
2.027500 1.059714 0.024148
2.032500 1.065331 0.026759
2.037500 1.068013 0.023773
2.042500 1.061183 0.028765
2.047500 1.065994 0.026858
2.052500 1.057484 0.025107
2.057500 1.040910 0.017621
2.062500 1.041089 0.009964
2.067500 1.049039 0.010087
2.072500 1.062491 0.014413
2.077500 1.061652 0.026242
2.082500 1.061769 0.028916
2.087500 1.060967 0.027001
2.092500 1.051413 0.019969
2.097500 1.056490 0.027517
2.102500 1.061196 0.029868
2.107500 1.054022 0.026174
2.112500 1.032811 0.019319
2.117500 1.036195 0.012938
2.122500 1.045206 0.017740
2.127500 1.047568 0.012824
2.132500 1.059677 0.019354
2.137500 1.062101 0.029433
2.142500 1.048477 0.022431
2.147500 1.028417 0.021797
2.152500 1.036379 0.020006
2.157500 1.030255 0.011635
2.162500 1.023000 0.011766
2.167500 1.028821 0.016411
2.172500 1.039908 0.016478
2.177500 1.044277 0.010737
2.182500 1.052715 0.012853
2.187500 1.048361 0.019575
2.192500 1.052042 0.016114
2.197500 1.052810 0.017721
2.202500 1.050766 0.018851
2.207500 1.043447 0.014595
2.212500 1.031085 0.014637
2.217500 1.023928 0.017097
2.222500 1.029148 0.015897
2.227500 1.024437 0.007706
2.232500 1.038981 0.014199
2.237500 1.029184 0.005471
2.242500 1.022053 0.002707
2.247500 1.039306 0.023069
2.252500 1.010637 0.017529
2.257500 1.015053 0.028457
2.262500 1.025749 0.024763
2.267500 1.011368 0.024223
2.272500 1.012237 0.024533
2.277500 1.023359 0.028357
2.282500 0.998854 0.021904
2.287500 1.019619 0.030436
2.292500 1.028154 0.033397
2.297500 1.015989 0.021493
2.302500 1.015287 0.012272
2.307500 1.022737 0.007253
2.312500 1.023691 0.002282
2.317500 1.026694 0.008138
2.322500 1.039291 0.008993
2.327500 1.032766 0.017041
2.332500 1.036032 0.024465
2.337500 1.026220 0.027750
2.342500 1.035513 0.030166
2.347500 1.030396 0.026618
2.352500 1.028838 0.031013
2.357500 1.035721 0.021401
2.362500 1.024195 0.019146
2.367500 1.026002 0.017062
2.372500 1.015783 0.020068
2.377500 1.028723 0.004959
2.382500 1.007570 0.018730
2.387500 1.001378 0.031072
2.392500 1.010684 0.022490
2.397500 1.026531 0.014516
2.402500 1.025661 0.019193
2.407500 1.026815 0.023195
2.412500 1.029056 0.016773
2.417500 1.035071 0.024208
2.422500 1.027765 0.020283
2.427500 1.001808 0.008361
2.432500 1.012421 0.014601
2.437500 0.998600 0.007565
2.442500 1.004537 0.014800
2.447500 0.989350 0.010123
2.452500 1.007609 0.025039
2.457500 1.003930 0.008412
2.462500 1.008477 0.008140
2.467500 1.015544 0.008807
2.472500 1.002087 0.008766
2.477500 0.983006 0.003733
2.482500 1.002890 0.018189
2.487500 1.010265 0.012806
2.492500 1.022528 0.009450
2.497500 1.020853 0.015251
2.502500 1.007814 0.014024
2.507500 1.003610 0.011474
2.512500 1.003659 0.003613
2.517500 1.002188 0.005300
2.522500 1.017674 0.005772
2.527500 1.013761 0.004967
2.532500 1.014422 0.011468
2.537500 0.996500 0.012260
2.542500 0.998868 0.025961
2.547500 0.983622 0.018235
2.552500 0.972016 0.020232
2.557500 0.976172 0.016293
2.562500 0.974853 0.013243
2.567500 0.989129 0.013378
2.572500 1.005032 0.008344
2.577500 1.010117 0.010559
2.582500 1.021862 0.011153
2.587500 1.000000 0.017616
2.592500 1.005034 0.016698
2.597500 0.999759 0.004096
2.602500 1.003841 0.018625
2.607500 1.007471 0.008339
2.612500 0.974587 0.007011
2.617500 0.970956 0.012499
2.622500 0.990468 0.025107
2.627500 0.980335 0.016527
2.632500 0.994207 0.010930
2.637500 0.977055 0.007257
2.642500 0.983474 0.007433
2.647500 0.977651 0.006491
2.652500 0.985828 0.003737
2.657500 0.988883 0.013336
2.662500 0.987551 0.010784
2.667500 0.976732 0.020612
2.672500 0.945295 0.023454
2.677500 0.939635 0.023443
2.682500 0.924516 0.031092
2.687500 0.868453 0.019874
2.692500 0.859079 0.007770
2.697500 0.838740 0.006628
2.702500 0.830229 0.006764
2.707500 0.823382 0.007751
2.712500 0.832001 0.005758
2.717500 0.823807 0.004188
2.722500 0.838897 0.008239
2.727500 0.830831 0.005995
2.732500 0.830497 0.017256
2.737500 0.825474 0.025776
2.742500 0.809520 0.021720
2.747500 0.783466 0.018312
2.752500 0.764404 0.008198
2.757500 0.719053 0.008534
2.762500 0.701442 0.006862
2.767500 0.697495 0.004215
2.772500 0.663473 0.012654
2.777500 0.643523 0.018001
2.782500 0.594462 0.020024
2.787500 0.558611 0.019423
2.792500 0.530632 0.019399
2.797500 0.516653 0.013081
2.802500 0.491168 0.005372
2.807500 0.444241 0.012925
2.812500 0.413616 0.021454
2.817500 0.370304 0.000766
2.822500 0.369094 0.010211
2.827500 0.329705 0.006194
2.832500 0.305467 0.003272
2.837500 0.286907 0.008651
2.842500 0.267312 0.009249
2.847500 0.259420 0.003588
2.852500 0.229979 0.011859
2.857500 0.215947 0.005045
2.862500 0.204741 0.004553
2.867500 0.178317 0.010074
2.872500 0.150162 0.004947
2.877500 0.136776 0.009589
2.882500 0.131941 0.018342
2.887500 0.136405 0.009041
2.892500 0.130859 0.006726
2.897500 0.105772 0.011520
2.902500 0.082217 0.017840
2.907500 0.076172 0.006868
2.912500 0.074423 0.010275
2.917500 0.071360 0.005685
2.922500 0.077891 0.003864
2.927500 0.065095 0.003720
2.932500 0.076041 0.001198
2.937500 0.068216 0.005353
2.942500 0.061085 0.002188
2.947500 0.056702 0.007154
2.952500 0.055385 0.015354
2.957500 0.062887 0.014391
2.962500 0.073054 0.011308
2.967500 0.072432 0.011841
2.972500 0.063392 0.018671
2.977500 0.057168 0.012274
2.982500 0.056995 0.013435
2.987500 0.037111 0.021931
2.992500 0.030910 0.009101
2.997500 0.036931 0.007680
3.002500 0.069998 0.015598
3.007500 0.064036 0.015929
3.012500 0.050039 0.006098
3.017500 0.062288 0.015382
3.022500 0.073049 0.017394
3.027500 0.066551 0.016751
3.032500 0.068550 0.014914
3.037500 0.053690 0.014823
3.042500 0.062667 0.012478
3.047500 0.072333 0.008641
3.052500 0.077024 0.010095
3.057500 0.067760 0.008989
3.062500 0.049562 0.011869
3.067500 0.058658 0.009872
3.072500 0.056913 0.018183
3.077500 0.064417 0.012922
3.082500 0.055939 0.011881
3.087500 0.061252 0.001283
3.092500 0.053722 0.004935
3.097500 0.055751 0.003904
3.102500 0.059528 0.002545
3.107500 0.062439 0.009701
3.112500 0.063211 0.011413
3.117500 0.064074 0.014227
3.122500 0.068252 0.016748
3.127500 0.060472 0.006498
3.132500 0.061441 0.006671
3.137500 0.066423 0.006960
3.142500 0.076601 0.008528
3.147500 0.066467 0.012540
3.152500 0.080068 0.009972
3.157500 0.065285 0.003226
3.162500 0.071404 0.006325
3.167500 0.069246 0.001084
3.172500 0.099382 0.012350
3.177500 0.104222 0.014367
3.182500 0.106839 0.011319
3.187500 0.097424 0.013549
3.192500 0.074830 0.007538
3.197500 0.084360 0.014928
3.202500 0.077976 0.012130
3.207500 0.085036 0.013918
3.212500 0.106086 0.019302
3.217500 0.119746 0.016778
3.222500 0.123605 0.021141
3.227500 0.123337 0.024143
3.232500 0.141281 0.019233
3.237500 0.133302 0.003498
3.242500 0.117214 0.004965
3.247500 0.124143 0.006879
3.252500 0.128512 0.012645
3.257500 0.143390 0.019051
3.262500 0.141614 0.003036
3.267500 0.125915 0.003907
3.272500 0.151311 0.010496
3.277500 0.172072 0.010474
3.282500 0.184724 0.010215
3.287500 0.170491 0.018764
3.292500 0.166352 0.002777
3.297500 0.169573 0.002054
3.302500 0.175265 0.008764
3.307500 0.177783 0.006797
3.312500 0.175259 0.023167
3.317500 0.192170 0.012994
3.322500 0.214936 0.015707
3.327500 0.203106 0.013745
3.332500 0.204229 0.025542
3.337500 0.180737 0.012411
3.342500 0.204202 0.023491
3.347500 0.209060 0.006283
3.352500 0.224741 0.009085
3.357500 0.204918 0.019292
3.362500 0.193633 0.011978
3.367500 0.206500 0.005026
3.372500 0.207592 0.011706
3.377500 0.188612 0.004640
3.382500 0.198916 0.006310
3.387500 0.197044 0.008981
3.392500 0.206153 0.021701
3.397500 0.238676 0.021689
3.402500 0.234731 0.018537
3.407500 0.209991 0.022568
3.412500 0.184063 0.026189
3.417500 0.193393 0.021720
3.422500 0.216435 0.021088
3.427500 0.187618 0.022262
3.432500 0.178989 0.019763
3.437500 0.200264 0.022754
3.442500 0.238960 0.012876
3.447500 0.244797 0.018736
3.452500 0.252084 0.029261
3.457500 0.244965 0.023125
3.462500 0.231311 0.022467
3.467500 0.208309 0.016104
3.472500 0.243991 0.012671
3.477500 0.257866 0.013752
3.482500 0.260203 0.012544
3.487500 0.196964 0.023543
3.492500 0.170447 0.024004
3.497500 0.195535 0.025234
3.502500 0.205180 0.027453
3.507500 0.227755 0.026232
3.512500 0.260453 0.009684
3.517500 0.245753 0.009752
3.522500 0.237421 0.017361
3.527500 0.198829 0.004480
3.532500 0.222240 0.021676
3.537500 0.238062 0.014262
3.542500 0.250787 0.013998
3.547500 0.244694 0.019190
3.552500 0.288534 0.016248
3.557500 0.307881 0.018184
3.562500 0.314215 0.028524
3.567500 0.303653 0.028901
3.572500 0.331933 0.009779
3.577500 0.315115 0.026647
3.582500 0.357823 0.024536
3.587500 0.369601 0.016792
3.592500 0.338143 0.016352
3.597500 0.343034 0.010936
3.602500 0.358802 0.016481
3.607500 0.371248 0.034976
3.612500 0.365547 0.040791
3.617500 0.374503 0.049136
3.622500 0.348033 0.031379
3.627500 0.343756 0.015571
3.632500 0.358999 0.011796
3.637500 0.387707 0.011413
3.642500 0.395441 0.020700
3.647500 0.425859 0.008699
3.652500 0.436013 0.021082
3.657500 0.458070 0.007454
3.662500 0.446495 0.009459
3.667500 0.461461 0.024917
3.672500 0.442821 0.027191
3.677500 0.456907 0.022097
3.682500 0.447829 0.034092
3.687500 0.429968 0.030240
3.692500 0.446684 0.012849
3.697500 0.447223 0.016632
3.702500 0.453371 0.042723
3.707500 0.462721 0.021019
3.712500 0.492909 0.018647
3.717500 0.511641 0.009651
3.722500 0.518496 0.001331
3.727500 0.478797 0.004240
3.732500 0.478718 0.012151
3.737500 0.474175 0.027885
3.742500 0.450749 0.028261
3.747500 0.413584 0.040024
3.752500 0.423282 0.041053
3.757500 0.431310 0.052939
3.762500 0.433245 0.032801
3.767500 0.450144 0.026741
3.772500 0.443136 0.019504
3.777500 0.428104 0.004866
3.782500 0.454765 0.020991
3.787500 0.495474 0.010030
3.792500 0.469163 0.019524
3.797500 0.468150 0.016372
3.802500 0.458189 0.023626
3.807500 0.443438 0.020746
3.812500 0.426043 0.019194
3.817500 0.446645 0.034608
3.822500 0.464809 0.032672
3.827500 0.454218 0.023869
3.832500 0.441918 0.030496
3.837500 0.371265 0.021532
3.842500 0.392141 0.043217
3.847500 0.422964 0.032892
3.852500 0.420169 0.034998
3.857500 0.472003 0.013660
3.862500 0.479034 0.067297
3.867500 0.382044 0.015269
3.872500 0.377573 0.021793
3.877500 0.402711 0.023293
3.882500 0.445147 0.005519
3.887500 0.442742 0.020976
3.892500 0.409133 0.011163
3.897500 0.443060 0.022652
3.902500 0.474513 0.010305
3.907500 0.435006 0.019769
3.912500 0.434440 0.017815
3.917500 0.455792 0.043364
3.922500 0.437191 0.056989
3.927500 0.428641 0.037688
3.932500 0.400926 0.011345
3.937500 0.408042 0.035420
3.942500 0.433382 0.030372
3.947500 0.474635 0.009645
3.952500 0.475234 0.005303
3.957500 0.428252 0.017703
3.962500 0.393500 0.023385
3.967500 0.479746 0.027389
3.972500 0.473839 0.021016
3.977500 0.539152 0.024967
3.982500 0.521293 0.020481
3.987500 0.459941 0.020094
3.992500 0.465506 0.034568
3.997500 0.472432 0.067279
4.002500 0.442681 0.041278
4.007500 0.437118 0.016742
4.012500 0.445002 0.039628
4.017500 0.438809 0.034961
4.022500 0.415389 0.020824
4.027500 0.439549 0.029679
4.032500 0.451019 0.005548
4.037500 0.437779 0.012929
4.042500 0.445270 0.023919
4.047500 0.459557 0.010912
4.052500 0.421454 0.017716
4.057500 0.435452 0.006923
4.062500 0.437779 0.037635
4.067500 0.399805 0.028777
4.072500 0.420918 0.014375
4.077500 0.420804 0.026714
4.082500 0.461916 0.026043
4.087500 0.445505 0.030461
4.092500 0.433473 0.024168
4.097500 0.457224 0.047241
4.102500 0.413044 0.013607
4.107500 0.423239 0.015832
4.112500 0.455836 0.044977
4.117500 0.399301 0.012537
4.122500 0.410820 0.012109
4.127500 0.440632 0.031941
4.132500 0.394262 0.017093
4.137500 0.433748 0.013697
4.142500 0.466160 0.028718
4.147500 0.437218 0.062182
4.152500 0.457058 0.029590
4.157500 0.536682 0.022245
4.162500 0.472301 0.030037
4.167500 0.460649 0.019804
4.172500 0.503502 0.050404
4.177500 0.432232 0.013254
4.182500 0.511512 0.018814
4.187500 0.487074 0.036027
4.192500 0.425222 0.006675
4.197500 0.504618 0.016479
4.202500 0.476911 0.057729
4.207500 0.426466 0.059230
4.212500 0.363956 0.034018
4.217500 0.239982 0.010656
4.222500 0.147933 0.038065
4.227500 0.167867 0.020306
4.232500 0.218295 0.051369
4.237500 0.217121 0.030660
4.242500 0.248732 0.032231
4.247500 0.207544 0.046535
4.252500 0.174475 0.015609
4.257500 0.170151 0.039791
4.262500 0.167383 0.003381
4.267500 0.188759 0.028778
4.272500 0.206816 0.037091
4.277500 0.194020 0.014845
4.282500 0.164495 0.008816
4.287500 0.196354 0.045325
4.292500 0.314416 0.039044
4.297500 0.352340 0.025715
4.302500 0.478500 0.034799
4.307500 0.531936 0.033893
4.312500 0.676213 0.056657
4.317500 0.708018 0.030017
4.322500 0.659514 0.036986
4.327500 0.653894 0.027027
4.332500 0.666436 0.039313
4.337500 0.612016 0.019234
4.342500 0.662583 0.045797
4.347500 0.649852 0.010619
4.352500 0.693108 0.055384
4.357500 0.718264 0.047309
4.362500 0.690887 0.061422
4.367500 0.685060 0.052343
4.372500 0.620923 0.031771
4.377500 0.541447 0.016616
4.382500 0.553757 0.030125
4.387500 0.559505 0.016732
4.392500 0.477479 0.027251
4.397500 0.476491 0.039895
4.402500 0.458138 0.027378
4.407500 0.510246 0.025715
4.412500 0.573882 0.074665
4.417500 0.462431 0.041224
4.422500 0.472554 0.042724
4.427500 0.516673 0.057680
4.432500 0.501582 0.041377
4.437500 0.468813 0.048363
4.442500 0.454762 0.022583
4.447500 0.500054 0.035049
4.452500 0.471924 0.023541
4.457500 0.427767 0.026426
4.462500 0.475713 0.029854
4.467500 0.517897 0.019217
4.472500 0.499360 0.074849
4.477500 0.448088 0.031192
4.482500 0.404356 0.035307
4.487500 0.400609 0.021992
4.492500 0.344466 0.032184
4.497500 0.374818 0.072278
4.502500 0.385750 0.047867
4.507500 0.361470 0.038640
4.512500 0.333910 0.047499
4.517500 0.320430 0.032730
4.522500 0.306246 0.049562
4.527500 0.244889 0.030227
4.532500 0.289681 0.028802
4.537500 0.310614 0.008992
4.542500 0.374708 0.032925
4.547500 0.371832 0.024983
4.552500 0.363048 0.024622
4.557500 0.314249 0.043861
4.562500 0.311266 0.018888
4.567500 0.283509 0.043739
4.572500 0.358943 0.030358
4.577500 0.301205 0.007471
4.582500 0.304767 0.010953
4.587500 0.308261 0.024985
4.592500 0.318213 0.029119
4.597500 0.284369 0.041553
4.602500 0.319508 0.031485
4.607500 0.261368 0.030334
4.612500 0.256784 0.079049
4.617500 0.279748 0.091775
4.622500 0.333609 0.036622
4.627500 0.285556 0.076957
4.632500 0.257664 0.069418
4.637500 0.245482 0.031177
4.642500 0.244993 0.037082
4.647500 0.245298 0.035593
4.652500 0.260366 0.035826
4.657500 0.295978 0.030084
4.662500 0.286318 0.055642
4.667500 0.281284 0.009482
4.672500 0.253877 0.011160
4.677500 0.208596 0.026469
4.682500 0.200981 0.073760
4.687500 0.243418 0.089903
4.692500 0.253619 0.071053
4.697500 0.310930 0.039691
4.702500 0.371546 0.026377
4.707500 0.366167 0.032491
4.712500 0.348411 0.044383
4.717500 0.368090 0.060664
4.722500 0.443840 0.038686
4.727500 0.355521 0.066060
4.732500 0.426541 0.065621
4.737500 0.422133 0.056750
4.742500 0.391155 0.031497
4.747500 0.353670 0.015779
4.752500 0.420575 0.040914
4.757500 0.380840 0.043300
4.762500 0.417019 0.071134
4.767500 0.360750 0.030015
4.772500 0.436581 0.042388
4.777500 0.388225 0.017545
4.782500 0.388225 0.042479
4.787500 0.409304 0.058212
4.792500 0.442620 0.015609
4.797500 0.379062 0.028236
4.802500 0.344709 0.023649
4.807500 0.306256 0.006767
4.812500 0.363774 0.014724
4.817500 0.388225 0.031727
4.822500 0.381310 0.030090
4.827500 0.382837 0.012984
4.832500 0.375522 0.015269
4.837500 0.362037 0.049966
4.842500 0.409463 0.005695
4.847500 0.467455 0.078862
4.852500 0.359124 0.092034
4.857500 0.340097 0.020273
4.862500 0.421435 0.055248
4.867500 0.278466 0.013821
4.872500 0.297647 0.047283
4.877500 0.452960 0.046644
4.882500 0.397262 0.079308
4.887500 0.364708 0.046284
4.892500 0.430275 0.118918
4.897500 0.417783 0.114208
4.902500 0.422026 0.133210
4.907500 0.570420 0.148342
4.912500 0.583221 0.076879
4.917500 0.427137 0.101966
4.922500 0.468256 0.101045
4.927500 0.354435 0.020965
4.932500 0.410490 0.096424
4.937500 0.447859 0.160905
4.942500 0.483716 0.146105
4.947500 0.655396 0.073134
4.952500 0.755041 0.058745
4.957500 0.708107 0.046190
4.962500 0.498975 0.029682
4.967500 0.599002 0.046696
4.972500 0.694865 0.066738
4.977500 0.591131 0.142747
4.982500 0.649656 0.071293
4.987500 0.759380 0.011784
4.992500 0.576046 0.074072
4.997500 0.555082 0.117119
5.002500 0.730244 0.056272
5.007500 0.744756 0.052920
5.012500 0.659192 0.050204
5.017500 0.508739 0.044998
5.022500 0.460587 0.158209
5.027500 0.377384 0.049321
5.032500 0.526713 0.008177
5.037500 0.499718 0.136199
5.042500 0.605061 0.056403
5.047500 0.559837 0.089239
5.052500 0.656321 0.066885
5.057500 0.654087 0.077261
5.062500 0.511611 0.034185
5.067500 0.543408 0.032824
5.072500 0.362614 0.059086
5.077500 0.424909 0.057323
5.082500 0.440391 0.059189
5.087500 0.512145 0.062792
5.092500 0.551907 0.075780
5.097500 0.345645 0.075825
