# DATE = 2025-03-12
# PIPE_VER = 1.17.1
# PMAP = jwst_1322.pmap
# STANDARD_STAR = SNAP-2
# 
# Wavelength (microns), arbitrary reflectance, uncertainty
0.702500 0.772805 0.007339
0.707500 0.781180 0.005836
0.712500 0.773934 0.007357
0.717500 0.777406 0.005694
0.722500 0.794212 0.011451
0.727500 0.815497 0.013473
0.732500 0.819541 0.011809
0.737500 0.805771 0.010746
0.742500 0.800105 0.014090
0.747500 0.815672 0.006508
0.752500 0.818471 0.009324
0.757500 0.821247 0.017339
0.762500 0.840478 0.016918
0.767500 0.841607 0.008531
0.772500 0.843084 0.006743
0.777500 0.853497 0.005267
0.782500 0.850804 0.010547
0.787500 0.830784 0.012848
0.792500 0.831341 0.013886
0.797500 0.853103 0.005276
0.802500 0.877290 0.006557
0.807500 0.890814 0.008101
0.812500 0.890626 0.006034
0.817500 0.892514 0.005967
0.822500 0.893007 0.006428
0.827500 0.894026 0.009268
0.832500 0.903093 0.010714
0.837500 0.917073 0.004532
0.842500 0.908427 0.004496
0.847500 0.897325 0.011505
0.852500 0.906427 0.010380
0.857500 0.908679 0.011354
0.862500 0.912811 0.007296
0.867500 0.916726 0.004570
0.872500 0.928036 0.011047
0.877500 0.941096 0.007143
0.882500 0.928401 0.008773
0.887500 0.934982 0.008401
0.892500 0.946124 0.007708
0.897500 0.943969 0.006254
0.902500 0.928385 0.008757
0.907500 0.932062 0.004747
0.912500 0.956815 0.006346
0.917500 0.958822 0.004879
0.922500 0.964240 0.006867
0.927500 0.959230 0.007550
0.932500 0.963848 0.009996
0.937500 0.961162 0.009436
0.942500 0.977291 0.014214
0.947500 0.975800 0.009519
0.952500 0.971529 0.004716
0.957500 0.975812 0.008723
0.962500 0.982661 0.012411
0.967500 0.990994 0.009211
0.972500 1.001814 0.004676
0.977500 0.996965 0.008844
0.982500 1.009822 0.005002
0.987500 1.018045 0.009439
0.992500 1.009990 0.009250
0.997500 1.004904 0.008512
1.002500 1.006624 0.009259
1.007500 1.005104 0.006433
1.012500 1.007080 0.005319
1.017500 1.006040 0.005169
1.022500 1.010110 0.005249
1.027500 1.003124 0.006137
1.032500 1.006384 0.005878
1.037500 1.010529 0.007721
1.042500 1.010307 0.006780
1.047500 1.016650 0.007804
1.052500 1.024288 0.006354
1.057500 1.025939 0.008363
1.062500 1.029112 0.012417
1.067500 1.019303 0.006016
1.072500 1.018434 0.010856
1.077500 1.027482 0.015330
1.082500 1.041817 0.013195
1.087500 1.038026 0.012046
1.092500 1.033103 0.008727
1.097500 1.037200 0.007986
1.102500 1.037388 0.006751
1.107500 1.046731 0.010432
1.112500 1.047525 0.010394
1.117500 1.050390 0.007795
1.122500 1.049799 0.005428
1.127500 1.047000 0.005981
1.132500 1.057075 0.008701
1.137500 1.047712 0.005167
1.142500 1.059872 0.011982
1.147500 1.062429 0.009076
1.152500 1.071845 0.005412
1.157500 1.067795 0.007846
1.162500 1.064260 0.009116
1.167500 1.063572 0.007949
1.172500 1.061610 0.008340
1.177500 1.060785 0.007374
1.182500 1.067470 0.007501
1.187500 1.062498 0.007489
1.192500 1.063570 0.006731
1.197500 1.065672 0.007458
1.202500 1.062363 0.008464
1.207500 1.060787 0.009460
1.212500 1.065719 0.009963
1.217500 1.067824 0.007201
1.222500 1.087947 0.010626
1.227500 1.078951 0.005843
1.232500 1.082273 0.005190
1.237500 1.075931 0.007421
1.242500 1.064014 0.006226
1.247500 1.061784 0.008931
1.252500 1.071951 0.009824
1.257500 1.081010 0.009964
1.262500 1.085154 0.009174
1.267500 1.075046 0.007234
1.272500 1.073814 0.008365
1.277500 1.074525 0.008307
1.282500 1.078595 0.010839
1.287500 1.065770 0.010292
1.292500 1.069480 0.007018
1.297500 1.077887 0.011525
1.302500 1.078778 0.007686
1.307500 1.082160 0.009826
1.312500 1.085509 0.006489
1.317500 1.087448 0.006719
1.322500 1.090080 0.008129
1.327500 1.086193 0.005408
1.332500 1.083121 0.009948
1.337500 1.083207 0.011465
1.342500 1.078677 0.007631
1.347500 1.076283 0.006234
1.352500 1.070778 0.008711
1.357500 1.078975 0.012533
1.362500 1.078823 0.008832
1.367500 1.082418 0.013634
1.372500 1.087493 0.009992
1.377500 1.080263 0.008293
1.382500 1.076330 0.006456
1.387500 1.079728 0.007067
1.392500 1.081663 0.008536
1.397500 1.081663 0.007437
1.402500 1.080392 0.006904
1.407500 1.084291 0.010768
1.412500 1.090843 0.012306
1.417500 1.095097 0.011462
1.422500 1.086198 0.014240
1.427500 1.092125 0.010806
1.432500 1.090277 0.007529
1.437500 1.089925 0.007826
1.442500 1.092018 0.008365
1.447500 1.089070 0.009838
1.452500 1.086781 0.009837
1.457500 1.079944 0.006627
1.462500 1.077238 0.007544
1.467500 1.077171 0.006774
1.472500 1.077222 0.006676
1.477500 1.078717 0.005702
1.482500 1.083488 0.006459
1.487500 1.079080 0.005470
1.492500 1.078398 0.009106
1.497500 1.079678 0.006483
1.502500 1.070749 0.009416
1.507500 1.073887 0.009049
1.512500 1.073534 0.011044
1.517500 1.081999 0.004074
1.522500 1.082098 0.011506
1.527500 1.075704 0.014089
1.532500 1.071913 0.020439
1.537500 1.063750 0.011889
1.542500 1.054514 0.005656
1.547500 1.060487 0.007341
1.552500 1.072586 0.008806
1.557500 1.065933 0.007843
1.562500 1.060598 0.006509
1.567500 1.060916 0.006228
1.572500 1.062588 0.006825
1.577500 1.064509 0.005399
1.582500 1.067504 0.008123
1.587500 1.068708 0.005392
1.592500 1.072865 0.007726
1.597500 1.079229 0.008985
1.602500 1.078839 0.007318
1.607500 1.076650 0.005856
1.612500 1.078317 0.005671
1.617500 1.075974 0.006959
1.622500 1.075212 0.006798
1.627500 1.066096 0.004797
1.632500 1.078222 0.009422
1.637500 1.076617 0.012849
1.642500 1.071854 0.013235
1.647500 1.071511 0.011822
1.652500 1.069085 0.008176
1.657500 1.073722 0.005542
1.662500 1.079372 0.007973
1.667500 1.087311 0.013333
1.672500 1.086897 0.011901
1.677500 1.090945 0.010627
1.682500 1.081095 0.010475
1.687500 1.079933 0.007212
1.692500 1.082080 0.011141
1.697500 1.095311 0.016078
1.702500 1.101865 0.019850
1.707500 1.100830 0.029039
1.712500 1.102106 0.027063
1.717500 1.089689 0.013407
1.722500 1.088815 0.007971
1.727500 1.117110 0.022501
1.732500 1.107228 0.013643
1.737500 1.099849 0.009756
1.742500 1.095686 0.009674
1.747500 1.097648 0.010580
1.752500 1.100543 0.011645
1.757500 1.089299 0.005500
1.762500 1.083671 0.004281
1.767500 1.082494 0.012225
1.772500 1.082830 0.014072
1.777500 1.074320 0.006471
1.782500 1.075619 0.005585
1.787500 1.075153 0.012684
1.792500 1.081153 0.007298
1.797500 1.090746 0.009478
1.802500 1.087621 0.014843
1.807500 1.100289 0.017461
1.812500 1.099053 0.013436
1.817500 1.092394 0.006005
1.822500 1.091062 0.008514
1.827500 1.089100 0.010412
1.832500 1.092001 0.006320
1.837500 1.084838 0.007392
1.842500 1.084444 0.008177
1.847500 1.091067 0.010673
1.852500 1.083642 0.009381
1.857500 1.085561 0.009681
1.862500 1.092988 0.010440
1.867500 1.100363 0.011775
1.872500 1.100344 0.008051
1.877500 1.094417 0.004299
1.882500 1.083248 0.007229
1.887500 1.090142 0.006819
1.892500 1.097904 0.011018
1.897500 1.090267 0.014794
1.902500 1.084396 0.016780
1.907500 1.072505 0.009868
1.912500 1.075986 0.007396
1.917500 1.078997 0.011220
1.922500 1.077613 0.016626
1.927500 1.075091 0.009297
1.932500 1.060785 0.006385
1.937500 1.057429 0.005149
1.942500 1.063953 0.005628
1.947500 1.061532 0.006073
1.952500 1.056675 0.004731
1.957500 1.054333 0.008149
1.962500 1.050957 0.005318
1.967500 1.046317 0.004619
1.972500 1.044741 0.009275
1.977500 1.045809 0.012779
1.982500 1.064598 0.011096
1.987500 1.073042 0.006925
1.992500 1.062350 0.014573
1.997500 1.061992 0.012776
2.002500 1.041458 0.006355
2.007500 1.043270 0.010226
2.012500 1.041431 0.006578
2.017500 1.047027 0.007810
2.022500 1.055066 0.011912
2.027500 1.059980 0.013039
2.032500 1.060134 0.012212
2.037500 1.063945 0.007930
2.042500 1.056199 0.005664
2.047500 1.070457 0.007133
2.052500 1.067946 0.006019
2.057500 1.072167 0.006263
2.062500 1.079567 0.011592
2.067500 1.081986 0.011453
2.072500 1.079672 0.004663
2.077500 1.077210 0.006797
2.082500 1.083775 0.012112
2.087500 1.078455 0.014434
2.092500 1.076315 0.015490
2.097500 1.076546 0.010632
2.102500 1.070698 0.009228
2.107500 1.077157 0.008585
2.112500 1.078681 0.007332
2.117500 1.069999 0.003950
2.122500 1.075059 0.007147
2.127500 1.074914 0.005577
2.132500 1.056087 0.006425
2.137500 1.051520 0.008387
2.142500 1.052012 0.009805
2.147500 1.061391 0.012025
2.152500 1.075530 0.012230
2.157500 1.077267 0.004502
2.162500 1.079026 0.015195
2.167500 1.078174 0.015681
2.172500 1.067873 0.010145
2.177500 1.071487 0.005991
2.182500 1.079585 0.009957
2.187500 1.088145 0.018752
2.192500 1.083071 0.009933
2.197500 1.089988 0.011381
2.202500 1.095442 0.007132
2.207500 1.090552 0.004402
2.212500 1.089790 0.005178
2.217500 1.097048 0.004154
2.222500 1.099291 0.005397
2.227500 1.100399 0.008436
2.232500 1.074702 0.015495
2.237500 1.064543 0.006116
2.242500 1.057423 0.010776
2.247500 1.054374 0.009667
2.252500 1.077893 0.003150
2.257500 1.065413 0.007382
2.262500 1.065949 0.002613
2.267500 1.082946 0.007083
2.272500 1.052441 0.006394
2.277500 1.053587 0.004622
2.282500 1.050746 0.006783
2.287500 1.041710 0.003769
2.292500 1.056302 0.003332
2.297500 1.066392 0.003105
2.302500 1.072352 0.005301
2.307500 1.068535 0.007166
2.312500 1.066454 0.008260
2.317500 1.067457 0.007758
2.322500 1.049993 0.010362
2.327500 1.045088 0.013478
2.332500 1.057801 0.012431
2.337500 1.061124 0.007565
2.342500 1.052868 0.002112
2.347500 1.054506 0.002533
2.352500 1.045125 0.005151
2.357500 1.048005 0.006249
2.362500 1.052796 0.003486
2.367500 1.046623 0.003280
2.372500 1.060119 0.012417
2.377500 1.062823 0.006156
2.382500 1.084092 0.009819
2.387500 1.072428 0.009023
2.392500 1.065546 0.007683
2.397500 1.056043 0.005377
2.402500 1.062532 0.005467
2.407500 1.064776 0.006609
2.412500 1.063490 0.010404
2.417500 1.054914 0.010201
2.422500 1.054055 0.008404
2.427500 1.052536 0.007580
2.432500 1.068935 0.016562
2.437500 1.068003 0.003248
2.442500 1.063037 0.016596
2.447500 1.070744 0.007118
2.452500 1.050387 0.011110
2.457500 1.048047 0.009105
2.462500 1.037344 0.002600
2.467500 1.035338 0.002216
2.472500 1.032470 0.003213
2.477500 1.024108 0.017536
2.482500 1.025277 0.013134
2.487500 1.038697 0.017707
2.492500 1.044378 0.009213
2.497500 1.033378 0.013281
2.502500 1.032335 0.014375
2.507500 1.019556 0.010982
2.512500 1.025807 0.014327
2.517500 1.035199 0.011284
2.522500 1.034206 0.006865
2.527500 1.013680 0.006046
2.532500 1.006193 0.012707
2.537500 1.012330 0.013857
2.542500 1.015619 0.005278
2.547500 1.024845 0.008701
2.552500 1.028361 0.011380
2.557500 1.034930 0.008556
2.562500 1.061480 0.003178
2.567500 1.056787 0.005065
2.572500 1.040278 0.009884
2.577500 1.034078 0.009180
2.582500 1.022882 0.013046
2.587500 1.004488 0.004242
2.592500 0.999055 0.007628
2.597500 1.007924 0.011483
2.602500 1.000000 0.006005
2.607500 0.994156 0.013470
2.612500 0.989365 0.010818
2.617500 0.997581 0.002184
2.622500 1.002343 0.005117
2.627500 0.989817 0.014471
2.632500 0.982511 0.016594
2.637500 0.974108 0.021589
2.642500 0.960647 0.014019
2.647500 0.950051 0.002579
2.652500 0.954733 0.002357
2.657500 0.925014 0.007499
2.662500 0.894140 0.004196
2.667500 0.873782 0.018671
2.672500 0.827745 0.016424
2.677500 0.795649 0.001729
2.682500 0.744386 0.001732
2.687500 0.745200 0.003981
2.692500 0.680060 0.008944
2.697500 0.673493 0.007084
2.702500 0.689426 0.022491
2.707500 0.733972 0.025511
2.712500 0.792881 0.020633
2.717500 0.818728 0.021656
2.722500 0.831523 0.013427
2.727500 0.840156 0.003511
2.732500 0.827399 0.004464
2.737500 0.794297 0.017208
2.742500 0.784077 0.014197
2.747500 0.757621 0.016964
2.752500 0.731993 0.004671
2.757500 0.717290 0.004778
2.762500 0.684567 0.017998
2.767500 0.659589 0.006324
2.772500 0.647560 0.008883
2.777500 0.638272 0.010739
2.782500 0.627452 0.004891
2.787500 0.632417 0.006667
2.792500 0.645881 0.012846
2.797500 0.646044 0.011629
2.802500 0.627718 0.010897
2.807500 0.594127 0.010016
2.812500 0.587550 0.001295
2.817500 0.561838 0.005996
2.822500 0.547294 0.001853
2.827500 0.529755 0.004874
2.832500 0.499484 0.019739
2.837500 0.472104 0.008152
2.842500 0.448416 0.016523
2.847500 0.415295 0.016924
2.852500 0.395505 0.004172
2.857500 0.386472 0.001629
2.862500 0.362429 0.003270
2.867500 0.359453 0.001501
2.872500 0.341897 0.008658
2.877500 0.321960 0.002349
2.882500 0.318694 0.002807
2.887500 0.299876 0.006352
2.892500 0.283356 0.002737
2.897500 0.268249 0.006057
2.902500 0.257163 0.008556
2.907500 0.245122 0.005235
2.912500 0.234808 0.001744
2.917500 0.206708 0.008022
2.922500 0.202517 0.005610
2.927500 0.218184 0.009074
2.932500 0.230008 0.007502
2.937500 0.213102 0.008520
2.942500 0.217053 0.004062
2.947500 0.196603 0.010499
2.952500 0.197866 0.013854
2.957500 0.194164 0.007376
2.962500 0.201540 0.009844
2.967500 0.195998 0.008765
2.972500 0.206726 0.002365
2.977500 0.201728 0.004701
2.982500 0.191054 0.008200
2.987500 0.198319 0.012595
2.992500 0.188233 0.013998
2.997500 0.192872 0.016947
3.002500 0.185723 0.012593
3.007500 0.182677 0.015925
3.012500 0.171397 0.003162
3.017500 0.156886 0.010825
3.022500 0.164549 0.006676
3.027500 0.190634 0.003250
3.032500 0.183936 0.009758
3.037500 0.170888 0.012544
3.042500 0.184563 0.005701
3.047500 0.171176 0.010387
3.052500 0.178781 0.013244
3.057500 0.166651 0.009608
3.062500 0.172734 0.012998
3.067500 0.163031 0.008906
3.072500 0.171631 0.008807
3.077500 0.184271 0.002449
3.082500 0.190319 0.007450
3.087500 0.188592 0.010057
3.092500 0.181767 0.008777
3.097500 0.185771 0.006886
3.102500 0.190451 0.011119
3.107500 0.205621 0.003473
3.112500 0.189205 0.009709
3.117500 0.173546 0.006402
3.122500 0.171383 0.006806
3.127500 0.166173 0.001981
3.132500 0.155346 0.004926
3.137500 0.175292 0.011286
3.142500 0.185911 0.010949
3.147500 0.195025 0.006770
3.152500 0.183622 0.004298
3.157500 0.192029 0.007393
3.162500 0.192148 0.006799
3.167500 0.191372 0.003594
3.172500 0.205570 0.008682
3.177500 0.212815 0.002992
3.182500 0.194166 0.007622
3.187500 0.206589 0.003470
3.192500 0.211204 0.011491
3.197500 0.211682 0.008075
3.202500 0.220801 0.005796
3.207500 0.252383 0.006748
3.212500 0.269060 0.007021
3.217500 0.266574 0.011492
3.222500 0.262759 0.004648
3.227500 0.264523 0.006786
3.232500 0.267455 0.008201
3.237500 0.282041 0.010050
3.242500 0.301642 0.004892
3.247500 0.308780 0.008664
3.252500 0.332450 0.007635
3.257500 0.338561 0.007011
3.262500 0.346070 0.011060
3.267500 0.367101 0.014377
3.272500 0.385233 0.008420
3.277500 0.407018 0.008019
3.282500 0.397833 0.007200
3.287500 0.426860 0.008670
3.292500 0.441308 0.015821
3.297500 0.440846 0.007198
3.302500 0.459425 0.004334
3.307500 0.479115 0.003994
3.312500 0.482561 0.005560
3.317500 0.489475 0.005867
3.322500 0.497627 0.004411
3.327500 0.479510 0.012643
3.332500 0.488700 0.018860
3.337500 0.520625 0.020081
3.342500 0.505583 0.006346
3.347500 0.503532 0.005282
3.352500 0.497012 0.007664
3.357500 0.489394 0.011480
3.362500 0.474463 0.007682
3.367500 0.472503 0.020240
3.372500 0.476254 0.027497
3.377500 0.460917 0.011866
3.382500 0.496499 0.009043
3.387500 0.483602 0.006242
3.392500 0.508815 0.007433
3.397500 0.536716 0.003252
3.402500 0.544939 0.023634
3.407500 0.580022 0.039440
3.412500 0.560832 0.040432
3.417500 0.547842 0.015278
3.422500 0.540710 0.007089
3.427500 0.500238 0.014550
3.432500 0.532224 0.007745
3.437500 0.543812 0.006385
3.442500 0.582487 0.020118
3.447500 0.561111 0.017571
3.452500 0.561344 0.018756
3.457500 0.537968 0.011590
3.462500 0.570278 0.016389
3.467500 0.550076 0.005859
3.472500 0.556787 0.011338
3.477500 0.544665 0.007189
3.482500 0.551912 0.009434
3.487500 0.556518 0.008389
3.492500 0.566838 0.013174
3.497500 0.599168 0.021061
3.502500 0.593465 0.027491
3.507500 0.584926 0.013755
3.512500 0.597967 0.006443
3.517500 0.611595 0.003808
3.522500 0.618647 0.010308
3.527500 0.616656 0.016335
3.532500 0.618034 0.007667
3.537500 0.625313 0.015019
3.542500 0.632435 0.022574
3.547500 0.623723 0.022998
3.552500 0.650787 0.018149
3.557500 0.662199 0.014154
3.562500 0.669991 0.013498
3.567500 0.639704 0.026525
3.572500 0.657439 0.034568
3.577500 0.665512 0.020760
3.582500 0.673889 0.018679
3.587500 0.694852 0.016517
3.592500 0.695103 0.019564
3.597500 0.712134 0.011553
3.602500 0.730382 0.007999
3.607500 0.714282 0.023611
3.612500 0.706214 0.015696
3.617500 0.717239 0.011772
3.622500 0.693049 0.004419
3.627500 0.709828 0.022029
3.632500 0.735747 0.015121
3.637500 0.717337 0.032058
3.642500 0.697556 0.013894
3.647500 0.713881 0.017693
3.652500 0.733065 0.009371
3.657500 0.740828 0.002938
3.662500 0.720306 0.008220
3.667500 0.705121 0.005733
3.672500 0.698697 0.016525
3.677500 0.692503 0.016893
3.682500 0.718297 0.009654
3.687500 0.752289 0.014298
3.692500 0.749846 0.006178
3.697500 0.732404 0.008472
3.702500 0.747429 0.020095
3.707500 0.726921 0.013761
3.712500 0.715716 0.021465
3.717500 0.710060 0.022454
3.722500 0.692756 0.038325
3.727500 0.719192 0.018982
3.732500 0.710995 0.016517
3.737500 0.700369 0.006125
3.742500 0.661136 0.023409
3.747500 0.662480 0.002983
3.752500 0.691413 0.008024
3.757500 0.712291 0.015671
3.762500 0.699894 0.008980
3.767500 0.713999 0.008795
3.772500 0.693875 0.014559
3.777500 0.676337 0.014960
3.782500 0.702743 0.025487
3.787500 0.692039 0.023192
3.792500 0.691962 0.021188
3.797500 0.705373 0.005538
3.802500 0.701352 0.018054
3.807500 0.717674 0.035599
3.812500 0.695006 0.016398
3.817500 0.681628 0.017311
3.822500 0.708419 0.009258
3.827500 0.697829 0.008741
3.832500 0.633399 0.028105
3.837500 0.676681 0.025082
3.842500 0.680413 0.012039
3.847500 0.664107 0.014771
3.852500 0.680907 0.026813
3.857500 0.690699 0.037365
3.862500 0.679286 0.026506
3.867500 0.647698 0.035897
3.872500 0.665071 0.021078
3.877500 0.646617 0.025153
3.882500 0.652930 0.029596
3.887500 0.671976 0.008441
3.892500 0.677171 0.017461
3.897500 0.633550 0.027448
3.902500 0.627078 0.037885
3.907500 0.691513 0.019587
3.912500 0.675617 0.032710
3.917500 0.668812 0.036441
3.922500 0.630310 0.011543
3.927500 0.620572 0.028797
3.932500 0.626837 0.023862
3.937500 0.602929 0.024360
3.942500 0.610219 0.022533
3.947500 0.621457 0.031461
3.952500 0.643122 0.036498
3.957500 0.620757 0.024547
3.962500 0.585495 0.032554
3.967500 0.570481 0.003832
3.972500 0.575315 0.012773
3.977500 0.631894 0.032367
3.982500 0.642230 0.022372
3.987500 0.621707 0.024708
3.992500 0.601256 0.018774
3.997500 0.567675 0.005881
4.002500 0.579243 0.010016
4.007500 0.577596 0.006470
4.012500 0.602562 0.032403
4.017500 0.542335 0.048564
4.022500 0.519884 0.023491
4.027500 0.555789 0.046880
4.032500 0.528579 0.004274
4.037500 0.507264 0.034654
4.042500 0.499493 0.019813
4.047500 0.461065 0.029528
4.052500 0.468440 0.049902
4.057500 0.490961 0.036609
4.062500 0.427747 0.037417
4.067500 0.376844 0.004479
4.072500 0.416025 0.024751
4.077500 0.378864 0.008971
4.082500 0.393435 0.011779
4.087500 0.397645 0.004635
4.092500 0.439084 0.021174
4.097500 0.467655 0.022959
4.102500 0.440531 0.010894
4.107500 0.434432 0.010432
4.112500 0.458350 0.022679
4.117500 0.449699 0.014023
4.122500 0.503341 0.025498
4.127500 0.475712 0.029245
4.132500 0.453475 0.031829
4.137500 0.517593 0.029591
4.142500 0.525236 0.024597
4.147500 0.520427 0.015554
4.152500 0.435936 0.017122
4.157500 0.453153 0.018936
4.162500 0.499109 0.036972
4.167500 0.585436 0.039360
4.172500 0.609949 0.086467
4.177500 0.687569 0.047937
4.182500 0.819421 0.018684
4.187500 0.925048 0.046795
4.192500 1.053043 0.016672
4.197500 1.069930 0.013567
4.202500 1.098834 0.044636
4.207500 0.946568 0.035362
4.212500 0.882537 0.040276
4.217500 0.716903 0.043192
4.222500 0.592363 0.011422
4.227500 0.585839 0.030285
4.232500 0.573382 0.035231
4.237500 0.530761 0.055078
4.242500 0.523227 0.040684
4.247500 0.480146 0.031673
4.252500 0.503856 0.004291
4.257500 0.508381 0.018042
4.262500 0.502032 0.013151
4.267500 0.399919 0.019072
4.272500 0.373047 0.039176
4.277500 0.384090 0.033132
4.282500 0.393448 0.038676
4.287500 0.470134 0.014396
4.292500 0.597349 0.019693
4.297500 0.663986 0.023617
4.302500 0.836393 0.046950
4.307500 1.019639 0.046948
4.312500 1.089599 0.025042
4.317500 1.063876 0.029275
4.322500 1.080680 0.014059
4.327500 1.151973 0.026200
4.332500 1.240990 0.027320
4.337500 1.214760 0.065378
4.342500 1.156698 0.051779
4.347500 1.096354 0.054071
4.352500 1.074059 0.016311
4.357500 1.083371 0.020715
4.362500 0.982556 0.004450
4.367500 0.939822 0.002230
4.372500 0.876693 0.029110
4.377500 0.758095 0.027821
4.382500 0.615704 0.013814
4.387500 0.609845 0.009569
4.392500 0.738014 0.041145
4.397500 0.803687 0.018971
4.402500 0.870693 0.011388
4.407500 0.828669 0.020055
4.412500 0.832785 0.023597
4.417500 0.881274 0.007530
4.422500 0.891093 0.017001
4.427500 0.988371 0.053981
4.432500 1.053989 0.046140
4.437500 0.965875 0.030661
4.442500 0.982642 0.023677
4.447500 0.964111 0.054664
4.452500 0.890886 0.013283
4.457500 0.832465 0.010544
4.462500 0.854846 0.030156
4.467500 0.885641 0.029514
4.472500 0.964963 0.020501
4.477500 0.925174 0.037582
4.482500 0.874889 0.039283
4.487500 0.810607 0.015107
4.492500 0.796946 0.054372
4.497500 0.916131 0.053742
4.502500 0.846533 0.053895
4.507500 0.821415 0.047384
4.512500 0.922477 0.025948
4.517500 0.861675 0.026882
4.522500 0.824449 0.022091
4.527500 0.895202 0.017314
4.532500 0.885416 0.066007
4.537500 0.874717 0.015131
4.542500 0.837181 0.026178
4.547500 0.795221 0.040286
4.552500 0.783451 0.065350
4.557500 0.827027 0.068380
4.562500 0.808128 0.037100
4.567500 0.890456 0.043418
4.572500 0.927116 0.059724
4.577500 0.918456 0.054655
4.582500 0.867683 0.043177
4.587500 0.836887 0.058696
4.592500 0.853955 0.085011
4.597500 0.839820 0.027026
4.602500 0.736118 0.015972
4.607500 0.789766 0.016731
4.612500 0.826687 0.042717
4.617500 0.773759 0.020909
4.622500 0.750777 0.025295
4.627500 0.800278 0.009872
4.632500 0.852967 0.016718
4.637500 0.803497 0.032522
4.642500 0.802467 0.028580
4.647500 0.814602 0.058784
4.652500 0.719479 0.029648
4.657500 0.641422 0.054022
4.662500 0.568200 0.019244
4.667500 0.534999 0.004645
4.672500 0.524700 0.063071
4.677500 0.435412 0.033802
4.682500 0.426647 0.017402
4.687500 0.552535 0.055331
4.692500 0.644319 0.062567
4.697500 0.659615 0.009348
4.702500 0.756317 0.028566
4.707500 0.783962 0.039888
4.712500 0.697684 0.044634
4.717500 0.846489 0.048132
4.722500 0.959512 0.069030
4.727500 0.968577 0.021421
4.732500 0.911942 0.026601
4.737500 0.881310 0.052759
4.742500 0.905663 0.092914
4.747500 0.910603 0.035727
4.752500 0.856431 0.055493
4.757500 0.746353 0.064862
4.762500 0.883024 0.031747
4.767500 0.987418 0.009228
4.772500 0.981694 0.004736
4.777500 0.861939 0.025228
4.782500 0.898602 0.057257
4.787500 0.857299 0.084355
4.792500 0.958546 0.046817
4.797500 1.054499 0.046202
4.802500 0.869726 0.008288
4.807500 0.864396 0.021809
4.812500 0.910367 0.053485
4.817500 0.965400 0.033910
4.822500 1.000488 0.051188
4.827500 1.004950 0.054265
4.832500 0.971699 0.060348
4.837500 1.059309 0.068247
4.842500 0.902178 0.067555
4.847500 0.922777 0.075435
4.852500 0.909735 0.083269
4.857500 0.986073 0.108235
4.862500 1.102938 0.052195
4.867500 0.973540 0.026880
4.872500 0.916288 0.033841
4.877500 0.963925 0.015610
4.882500 0.966394 0.061307
4.887500 0.865379 0.080209
4.892500 0.861928 0.073170
4.897500 0.794981 0.029147
4.902500 0.896630 0.010781
4.907500 0.882506 0.081889
4.912500 0.884770 0.050948
4.917500 1.008103 0.055621
4.922500 0.966895 0.107287
4.927500 0.910715 0.073799
4.932500 1.021855 0.100663
4.937500 0.934281 0.064582
4.942500 0.866389 0.090944
4.947500 0.885699 0.085132
4.952500 0.837922 0.040428
4.957500 0.809074 0.022013
4.962500 0.820505 0.050905
4.967500 0.944576 0.132484
4.972500 0.902078 0.084429
4.977500 0.987095 0.058094
4.982500 1.044297 0.017190
4.987500 0.928301 0.078580
4.992500 0.930003 0.051492
4.997500 1.005453 0.032568
5.002500 0.906358 0.109287
5.007500 0.901508 0.085527
5.012500 0.873806 0.087423
5.017500 0.748271 0.066909
5.022500 0.732224 0.031165
5.027500 0.751821 0.043838
5.032500 0.887507 0.047852
5.037500 1.010581 0.059558
5.042500 0.954174 0.051343
5.047500 0.907199 0.071728
5.052500 1.008461 0.099456
5.057500 1.010114 0.071660
5.062500 0.908004 0.088933
5.067500 0.981327 0.017140
5.072500 0.962723 0.057294
5.077500 0.762746 0.002476
5.082500 0.720017 0.050507
5.087500 0.713644 0.027017
5.092500 0.773230 0.109821
5.097500 0.753271 0.094483
