# DATE = 2025-03-12
# PIPE_VER = 1.17.1
# PMAP = jwst_1322.pmap
# STANDARD_STAR = SNAP-2
# 
# Wavelength (microns), arbitrary reflectance, uncertainty
0.702500 0.723042 0.014068
0.707500 0.714008 0.014775
0.712500 0.709205 0.014718
0.717500 0.740794 0.017128
0.722500 0.766344 0.004406
0.727500 0.753646 0.007092
0.732500 0.778996 0.006520
0.737500 0.749627 0.020261
0.742500 0.753019 0.023587
0.747500 0.758338 0.016788
0.752500 0.770877 0.018813
0.757500 0.770489 0.013775
0.762500 0.796201 0.011445
0.767500 0.788094 0.013522
0.772500 0.787933 0.013717
0.777500 0.799687 0.008319
0.782500 0.781906 0.006584
0.787500 0.775824 0.009112
0.792500 0.802483 0.011733
0.797500 0.808108 0.010079
0.802500 0.816951 0.008551
0.807500 0.842080 0.006488
0.812500 0.826623 0.009165
0.817500 0.822106 0.008838
0.822500 0.822465 0.011117
0.827500 0.825342 0.014337
0.832500 0.838989 0.012354
0.837500 0.837473 0.005058
0.842500 0.837456 0.005499
0.847500 0.840356 0.008858
0.852500 0.851729 0.013237
0.857500 0.856766 0.009637
0.862500 0.859441 0.008344
0.867500 0.871339 0.008611
0.872500 0.865611 0.008262
0.877500 0.859488 0.006308
0.882500 0.855220 0.004009
0.887500 0.860555 0.004926
0.892500 0.872358 0.007056
0.897500 0.877484 0.004711
0.902500 0.877002 0.005829
0.907500 0.870394 0.005735
0.912500 0.876555 0.008382
0.917500 0.881184 0.006625
0.922500 0.882934 0.005159
0.927500 0.891796 0.007339
0.932500 0.899395 0.007516
0.937500 0.898577 0.005459
0.942500 0.908137 0.007428
0.947500 0.906992 0.007537
0.952500 0.918109 0.005604
0.957500 0.918823 0.007608
0.962500 0.919609 0.012556
0.967500 0.930563 0.014780
0.972500 0.941914 0.008323
0.977500 0.940399 0.007953
0.982500 0.938023 0.004501
0.987500 0.937288 0.006086
0.992500 0.946575 0.009202
0.997500 0.951185 0.005648
1.002500 0.961653 0.009764
1.007500 0.967608 0.009223
1.012500 0.942435 0.015052
1.017500 0.946990 0.013857
1.022500 0.958005 0.011955
1.027500 0.957818 0.006397
1.032500 0.952998 0.004623
1.037500 0.953476 0.005419
1.042500 0.946160 0.005826
1.047500 0.957422 0.011045
1.052500 0.965838 0.008197
1.057500 0.969678 0.007438
1.062500 0.965072 0.004327
1.067500 0.960065 0.005329
1.072500 0.966257 0.008450
1.077500 0.964802 0.011169
1.082500 0.960071 0.019763
1.087500 0.957668 0.014845
1.092500 0.965750 0.010160
1.097500 0.973451 0.008439
1.102500 0.986747 0.011989
1.107500 0.993658 0.013713
1.112500 1.004549 0.011266
1.117500 1.000409 0.004247
1.122500 0.999328 0.005338
1.127500 0.993984 0.005087
1.132500 0.993905 0.008018
1.137500 0.992554 0.009615
1.142500 0.987690 0.010627
1.147500 0.986751 0.007940
1.152500 0.995435 0.010490
1.157500 0.993442 0.009634
1.162500 0.996763 0.006049
1.167500 0.997694 0.008714
1.172500 1.002944 0.009086
1.177500 1.010368 0.008831
1.182500 1.028790 0.009654
1.187500 1.025499 0.008269
1.192500 1.020525 0.007355
1.197500 1.017622 0.009856
1.202500 1.022290 0.014716
1.207500 1.025094 0.018297
1.212500 1.014683 0.008167
1.217500 1.011375 0.007652
1.222500 1.014551 0.016675
1.227500 1.019238 0.022298
1.232500 1.029772 0.018735
1.237500 1.031995 0.020702
1.242500 1.030915 0.026200
1.247500 1.026617 0.027187
1.252500 1.036109 0.025660
1.257500 1.042883 0.017920
1.262500 1.040536 0.022372
1.267500 1.031038 0.013029
1.272500 1.022796 0.024579
1.277500 1.018667 0.013272
1.282500 1.016287 0.025698
1.287500 1.017448 0.005839
1.292500 1.028622 0.007465
1.297500 1.033872 0.004271
1.302500 1.044026 0.008422
1.307500 1.038173 0.010794
1.312500 1.036972 0.013303
1.317500 1.038112 0.012807
1.322500 1.040836 0.011193
1.327500 1.042464 0.010867
1.332500 1.035732 0.008418
1.337500 1.030678 0.006086
1.342500 1.028622 0.006428
1.347500 1.029832 0.007674
1.352500 1.034765 0.009649
1.357500 1.036714 0.009583
1.362500 1.038085 0.008822
1.367500 1.030893 0.010249
1.372500 1.031843 0.006767
1.377500 1.037797 0.008364
1.382500 1.037886 0.006191
1.387500 1.045102 0.006582
1.392500 1.048971 0.008362
1.397500 1.044610 0.007197
1.402500 1.045611 0.010814
1.407500 1.043808 0.009244
1.412500 1.043734 0.009927
1.417500 1.040471 0.011364
1.422500 1.037341 0.009997
1.427500 1.044896 0.011938
1.432500 1.044715 0.011641
1.437500 1.051260 0.009221
1.442500 1.039518 0.013957
1.447500 1.038088 0.019317
1.452500 1.041236 0.020875
1.457500 1.042758 0.020631
1.462500 1.044332 0.019731
1.467500 1.039650 0.016736
1.472500 1.041609 0.015238
1.477500 1.039843 0.014692
1.482500 1.047073 0.013956
1.487500 1.053176 0.015039
1.492500 1.052382 0.015063
1.497500 1.059110 0.014887
1.502500 1.052812 0.020065
1.507500 1.049393 0.017984
1.512500 1.047275 0.015872
1.517500 1.046929 0.014762
1.522500 1.047646 0.013877
1.527500 1.053187 0.010668
1.532500 1.049259 0.013175
1.537500 1.033396 0.005073
1.542500 1.031810 0.007636
1.547500 1.038017 0.008154
1.552500 1.043670 0.007974
1.557500 1.044902 0.005804
1.562500 1.045995 0.014422
1.567500 1.050480 0.019272
1.572500 1.049282 0.011706
1.577500 1.051957 0.015283
1.582500 1.042374 0.025155
1.587500 1.043676 0.026636
1.592500 1.041161 0.027601
1.597500 1.033409 0.011504
1.602500 1.047629 0.006679
1.607500 1.051154 0.007105
1.612500 1.048768 0.008233
1.617500 1.045731 0.022651
1.622500 1.059150 0.022105
1.627500 1.059042 0.020757
1.632500 1.071567 0.027673
1.637500 1.030792 0.025288
1.642500 1.053034 0.021510
1.647500 1.054555 0.019334
1.652500 1.060129 0.019613
1.657500 1.060548 0.015804
1.662500 1.057878 0.004975
1.667500 1.066189 0.008642
1.672500 1.079634 0.012905
1.677500 1.081708 0.011718
1.682500 1.076404 0.016153
1.687500 1.083431 0.013512
1.692500 1.070733 0.009110
1.697500 1.064540 0.012012
1.702500 1.061919 0.009796
1.707500 1.073143 0.011289
1.712500 1.077363 0.014051
1.717500 1.076848 0.015287
1.722500 1.085044 0.021857
1.727500 1.094808 0.020278
1.732500 1.076201 0.015907
1.737500 1.070236 0.014744
1.742500 1.073576 0.008537
1.747500 1.074560 0.007472
1.752500 1.096536 0.019662
1.757500 1.090750 0.022992
1.762500 1.087369 0.027182
1.767500 1.090739 0.025595
1.772500 1.075327 0.015315
1.777500 1.067527 0.016731
1.782500 1.071456 0.020175
1.787500 1.076467 0.015654
1.792500 1.064753 0.008511
1.797500 1.057208 0.011375
1.802500 1.065153 0.013509
1.807500 1.070597 0.015020
1.812500 1.068795 0.014958
1.817500 1.073469 0.020425
1.822500 1.076661 0.021825
1.827500 1.061198 0.014236
1.832500 1.052301 0.015547
1.837500 1.030865 0.017032
1.842500 1.042512 0.016380
1.847500 1.059502 0.025337
1.852500 1.065587 0.025957
1.857500 1.070364 0.027180
1.862500 1.087359 0.024021
1.867500 1.085403 0.024624
1.872500 1.084209 0.026638
1.877500 1.096215 0.030415
1.882500 1.086657 0.020488
1.887500 1.073625 0.007810
1.892500 1.074388 0.004139
1.897500 1.077224 0.005118
1.902500 1.077447 0.008167
1.907500 1.076684 0.009340
1.912500 1.070772 0.009556
1.917500 1.075799 0.014169
1.922500 1.075195 0.010132
1.927500 1.060758 0.010421
1.932500 1.051197 0.008210
1.937500 1.063776 0.010225
1.942500 1.043831 0.005998
1.947500 1.034837 0.010063
1.952500 1.039807 0.012550
1.957500 1.043658 0.010596
1.962500 1.042317 0.012338
1.967500 1.040523 0.020626
1.972500 1.046071 0.021821
1.977500 1.028858 0.013618
1.982500 1.019711 0.015822
1.987500 1.021292 0.023610
1.992500 1.021942 0.023831
1.997500 1.032184 0.015680
2.002500 1.045248 0.013273
2.007500 1.047302 0.015966
2.012500 1.059682 0.018479
2.017500 1.061822 0.017699
2.022500 1.053565 0.021914
2.027500 1.049111 0.014871
2.032500 1.031836 0.013725
2.037500 1.037004 0.012085
2.042500 1.039611 0.018607
2.047500 1.048506 0.024595
2.052500 1.035995 0.016076
2.057500 1.036027 0.020069
2.062500 1.043686 0.019794
2.067500 1.057125 0.006308
2.072500 1.047869 0.014788
2.077500 1.045334 0.015399
2.082500 1.055495 0.012602
2.087500 1.045776 0.024890
2.092500 1.040510 0.018458
2.097500 1.052381 0.017928
2.102500 1.049258 0.017076
2.107500 1.024762 0.014660
2.112500 1.030185 0.016264
2.117500 1.043669 0.018497
2.122500 1.033395 0.004377
2.127500 1.052506 0.015961
2.132500 1.055982 0.021447
2.137500 1.050435 0.027633
2.142500 1.026286 0.012627
2.147500 1.031135 0.007127
2.152500 1.034403 0.004663
2.157500 1.028044 0.012750
2.162500 1.025937 0.011532
2.167500 1.019297 0.004687
2.172500 1.036252 0.004880
2.177500 1.064434 0.014186
2.182500 1.071187 0.010187
2.187500 1.074721 0.006671
2.192500 1.076969 0.005993
2.197500 1.079410 0.005408
2.202500 1.082086 0.007473
2.207500 1.082894 0.007724
2.212500 1.071502 0.014546
2.217500 1.075499 0.021006
2.222500 1.088092 0.021013
2.227500 1.073919 0.033799
2.232500 1.069490 0.036614
2.237500 1.054091 0.030432
2.242500 1.045923 0.023417
2.247500 1.034991 0.013192
2.252500 1.032788 0.018377
2.257500 1.039623 0.009076
2.262500 1.018275 0.013185
2.267500 1.013570 0.004823
2.272500 1.016888 0.003424
2.277500 1.024970 0.008656
2.282500 1.026166 0.011713
2.287500 1.036937 0.005733
2.292500 1.017927 0.012702
2.297500 1.023125 0.020047
2.302500 1.028699 0.018462
2.307500 1.040736 0.003296
2.312500 1.015125 0.011636
2.317500 1.041849 0.023612
2.322500 1.050802 0.021230
2.327500 1.028232 0.009753
2.332500 1.023160 0.012354
2.337500 1.026112 0.013907
2.342500 1.015927 0.008389
2.347500 1.005144 0.009812
2.352500 1.010171 0.007595
2.357500 1.014454 0.012295
2.362500 1.019716 0.007724
2.367500 1.036739 0.008269
2.372500 1.040806 0.009462
2.377500 1.054609 0.010594
2.382500 1.049364 0.010139
2.387500 1.050976 0.009642
2.392500 1.043682 0.006635
2.397500 1.039087 0.004956
2.402500 1.053108 0.004510
2.407500 1.049277 0.017265
2.412500 1.033899 0.014622
2.417500 1.040966 0.005443
2.422500 1.024418 0.007981
2.427500 1.030387 0.009756
2.432500 1.026480 0.015003
2.437500 1.010722 0.014828
2.442500 0.982168 0.018837
2.447500 0.994771 0.022597
2.452500 1.006314 0.018139
2.457500 1.023530 0.005413
2.462500 1.014840 0.015748
2.467500 1.010404 0.010306
2.472500 1.009326 0.008095
2.477500 0.998137 0.003992
2.482500 1.015816 0.012134
2.487500 0.998164 0.020618
2.492500 0.982694 0.016090
2.497500 0.982908 0.016410
2.502500 0.977279 0.026202
2.507500 0.981035 0.023288
2.512500 0.986759 0.022401
2.517500 1.014129 0.013891
2.522500 1.007657 0.010513
2.527500 1.014493 0.015877
2.532500 0.996359 0.016723
2.537500 0.984799 0.012365
2.542500 1.005056 0.010740
2.547500 0.996636 0.005572
2.552500 0.999123 0.002032
2.557500 1.009683 0.008107
2.562500 1.012371 0.002405
2.567500 1.012503 0.003759
2.572500 1.018234 0.012485
2.577500 1.021754 0.004574
2.582500 1.011170 0.008471
2.587500 1.017064 0.004596
2.592500 1.001597 0.010344
2.597500 1.000000 0.008077
2.602500 1.004675 0.009276
2.607500 0.991376 0.000966
2.612500 0.974328 0.005722
2.617500 0.962861 0.002873
2.622500 0.965793 0.002885
2.627500 0.982162 0.009011
2.632500 0.974306 0.010736
2.637500 0.961439 0.014810
2.642500 0.943388 0.018634
2.647500 0.948453 0.015822
2.652500 0.925015 0.015564
2.657500 0.905282 0.023768
2.662500 0.884635 0.013142
2.667500 0.813275 0.014159
2.672500 0.789111 0.011321
2.677500 0.789038 0.020407
2.682500 0.762479 0.018092
2.687500 0.694519 0.017713
2.692500 0.670387 0.025029
2.697500 0.629467 0.023654
2.702500 0.679789 0.018243
2.707500 0.683591 0.014555
2.712500 0.737917 0.005599
2.717500 0.747228 0.014929
2.722500 0.760742 0.023280
2.727500 0.767084 0.023607
2.732500 0.729902 0.012509
2.737500 0.726907 0.015291
2.742500 0.714481 0.009628
2.747500 0.676877 0.015123
2.752500 0.640007 0.003681
2.757500 0.589046 0.001639
2.762500 0.581105 0.006024
2.767500 0.558979 0.006444
2.772500 0.536714 0.014698
2.777500 0.520070 0.012914
2.782500 0.512779 0.005810
2.787500 0.510448 0.024498
2.792500 0.491876 0.026535
2.797500 0.476913 0.010315
2.802500 0.485824 0.012303
2.807500 0.468939 0.010265
2.812500 0.432823 0.003103
2.817500 0.411725 0.007938
2.822500 0.392987 0.024605
2.827500 0.360464 0.023199
2.832500 0.325805 0.017681
2.837500 0.312852 0.017715
2.842500 0.284838 0.003394
2.847500 0.270263 0.012436
2.852500 0.241686 0.005528
2.857500 0.214519 0.014258
2.862500 0.206387 0.014233
2.867500 0.193689 0.017673
2.872500 0.169612 0.019524
2.877500 0.167101 0.026287
2.882500 0.161575 0.012610
2.887500 0.187468 0.009400
2.892500 0.172085 0.008949
2.897500 0.155618 0.013600
2.902500 0.131322 0.020026
2.907500 0.116764 0.013090
2.912500 0.111813 0.002436
2.917500 0.115087 0.006122
2.922500 0.119540 0.008111
2.927500 0.121024 0.006821
2.932500 0.123861 0.004451
2.937500 0.118060 0.009416
2.942500 0.114637 0.009893
2.947500 0.099572 0.004480
2.952500 0.094821 0.007331
2.957500 0.096107 0.002869
2.962500 0.098828 0.006761
2.967500 0.095187 0.006336
2.972500 0.090196 0.005415
2.977500 0.080117 0.002220
2.982500 0.075378 0.004079
2.987500 0.061300 0.007095
2.992500 0.058684 0.004346
2.997500 0.068586 0.007553
3.002500 0.074035 0.014474
3.007500 0.073656 0.010798
3.012500 0.077355 0.013780
3.017500 0.071719 0.012045
3.022500 0.067053 0.008276
3.027500 0.083309 0.009154
3.032500 0.108529 0.017831
3.037500 0.093523 0.017912
3.042500 0.082719 0.014696
3.047500 0.099583 0.013801
3.052500 0.115765 0.010117
3.057500 0.119836 0.003974
3.062500 0.110046 0.003333
3.067500 0.105909 0.006789
3.072500 0.107508 0.014631
3.077500 0.126125 0.013825
3.082500 0.108324 0.016348
3.087500 0.093115 0.005784
3.092500 0.094459 0.002789
3.097500 0.107401 0.004631
3.102500 0.117980 0.001593
3.107500 0.128091 0.001901
3.112500 0.125013 0.011407
3.117500 0.119647 0.011461
3.122500 0.121393 0.011042
3.127500 0.125991 0.018983
3.132500 0.122964 0.014697
3.137500 0.121917 0.012918
3.142500 0.121152 0.011584
3.147500 0.121077 0.012773
3.152500 0.101088 0.002713
3.157500 0.106714 0.015624
3.162500 0.117575 0.026059
3.167500 0.122417 0.013991
3.172500 0.117148 0.011048
3.177500 0.126115 0.012654
3.182500 0.147718 0.009545
3.187500 0.151630 0.012559
3.192500 0.142358 0.010098
3.197500 0.139826 0.019382
3.202500 0.167783 0.018760
3.207500 0.179548 0.027251
3.212500 0.141942 0.018994
3.217500 0.148890 0.030862
3.222500 0.200371 0.007241
3.227500 0.166558 0.013629
3.232500 0.187510 0.008657
3.237500 0.173183 0.011918
3.242500 0.207558 0.017535
3.247500 0.238130 0.014538
3.252500 0.244656 0.018058
3.257500 0.244584 0.011996
3.262500 0.251269 0.015357
3.267500 0.250433 0.020707
3.272500 0.267118 0.005038
3.277500 0.297012 0.004685
3.282500 0.315433 0.011075
3.287500 0.332770 0.014894
3.292500 0.326808 0.014993
3.297500 0.325113 0.009018
3.302500 0.326994 0.002166
3.307500 0.311314 0.011705
3.312500 0.308638 0.009989
3.317500 0.340356 0.008170
3.322500 0.337379 0.007581
3.327500 0.339511 0.005115
3.332500 0.318135 0.007473
3.337500 0.326106 0.018567
3.342500 0.339918 0.016858
3.347500 0.342234 0.012206
3.352500 0.344453 0.018602
3.357500 0.352684 0.011237
3.362500 0.365914 0.023258
3.367500 0.339212 0.012459
3.372500 0.340548 0.021403
3.377500 0.327115 0.009272
3.382500 0.336095 0.000868
3.387500 0.353558 0.018479
3.392500 0.348595 0.022065
3.397500 0.340578 0.023668
3.402500 0.351799 0.011726
3.407500 0.339972 0.009561
3.412500 0.365577 0.013979
3.417500 0.368775 0.022354
3.422500 0.362045 0.025381
3.427500 0.357745 0.026661
3.432500 0.393397 0.024740
3.437500 0.397550 0.018440
3.442500 0.385052 0.011734
3.447500 0.380328 0.019437
3.452500 0.399772 0.040902
3.457500 0.411100 0.030444
3.462500 0.411561 0.012902
3.467500 0.409615 0.005770
3.472500 0.402569 0.016504
3.477500 0.409571 0.029988
3.482500 0.406139 0.027235
3.487500 0.373278 0.017345
3.492500 0.392545 0.005686
3.497500 0.379224 0.028612
3.502500 0.379558 0.039750
3.507500 0.362078 0.038447
3.512500 0.372362 0.023847
3.517500 0.345850 0.008122
3.522500 0.360770 0.012797
3.527500 0.420238 0.017494
3.532500 0.436471 0.019292
3.537500 0.438021 0.022942
3.542500 0.416585 0.020192
3.547500 0.467975 0.023468
3.552500 0.474730 0.039107
3.557500 0.490158 0.015554
3.562500 0.475580 0.036339
3.567500 0.475895 0.018069
3.572500 0.467615 0.011322
3.577500 0.501490 0.028107
3.582500 0.565385 0.028630
3.587500 0.567149 0.016522
3.592500 0.577314 0.018339
3.597500 0.562284 0.031145
3.602500 0.517737 0.032867
3.607500 0.555170 0.022764
3.612500 0.488373 0.042832
3.617500 0.458623 0.033975
3.622500 0.507828 0.012558
3.627500 0.522469 0.032861
3.632500 0.511252 0.030546
3.637500 0.526740 0.019124
3.642500 0.573158 0.009712
3.647500 0.576485 0.015780
3.652500 0.564225 0.016572
3.657500 0.571519 0.035274
3.662500 0.577126 0.039768
3.667500 0.571967 0.053798
3.672500 0.594009 0.023195
3.677500 0.599143 0.007218
3.682500 0.594633 0.012067
3.687500 0.571015 0.018631
3.692500 0.549583 0.035861
3.697500 0.509549 0.010352
3.702500 0.489619 0.017014
3.707500 0.516012 0.011142
3.712500 0.557635 0.027707
3.717500 0.556111 0.021772
3.722500 0.538335 0.007002
3.727500 0.557698 0.033972
3.732500 0.613606 0.069521
3.737500 0.583637 0.040016
3.742500 0.553856 0.008387
3.747500 0.551757 0.024351
3.752500 0.582201 0.015214
3.757500 0.579440 0.008910
3.762500 0.565094 0.005149
3.767500 0.514206 0.022930
3.772500 0.503059 0.020841
3.777500 0.534064 0.030518
3.782500 0.542170 0.050528
3.787500 0.556675 0.009847
3.792500 0.572369 0.013114
3.797500 0.513654 0.031091
3.802500 0.560525 0.029040
3.807500 0.586490 0.020884
3.812500 0.541387 0.022124
3.817500 0.542419 0.021208
3.822500 0.537458 0.027845
3.827500 0.501532 0.021510
3.832500 0.467137 0.005734
3.837500 0.523565 0.024465
3.842500 0.498021 0.020656
3.847500 0.463921 0.018090
3.852500 0.480642 0.021749
3.857500 0.519505 0.021112
3.862500 0.523134 0.016173
3.867500 0.551998 0.030424
3.872500 0.519213 0.016911
3.877500 0.511713 0.029341
3.882500 0.504243 0.054129
3.887500 0.557889 0.034377
3.892500 0.593586 0.054533
3.897500 0.529227 0.047842
3.902500 0.464737 0.040229
3.907500 0.492027 0.028440
3.912500 0.513754 0.018162
3.917500 0.517932 0.017546
3.922500 0.521518 0.036182
3.927500 0.508198 0.021268
3.932500 0.485932 0.032363
3.937500 0.481979 0.036733
3.942500 0.495462 0.048059
3.947500 0.470451 0.030003
3.952500 0.454313 0.021625
3.957500 0.478696 0.007598
3.962500 0.510744 0.023610
3.967500 0.443726 0.016632
3.972500 0.433883 0.006930
3.977500 0.414638 0.012881
3.982500 0.399626 0.013817
3.987500 0.425541 0.018390
3.992500 0.452623 0.021719
3.997500 0.482151 0.034920
4.002500 0.500787 0.016553
4.007500 0.514187 0.041166
4.012500 0.454013 0.035747
4.017500 0.393103 0.015892
4.022500 0.374792 0.033646
4.027500 0.404438 0.014651
4.032500 0.427745 0.023962
4.037500 0.439294 0.025260
4.042500 0.437212 0.009987
4.047500 0.427588 0.023357
4.052500 0.384622 0.010433
4.057500 0.356905 0.047261
4.062500 0.374086 0.006879
4.067500 0.402451 0.025777
4.072500 0.392737 0.014268
4.077500 0.375643 0.038157
4.082500 0.401358 0.040674
4.087500 0.349147 0.045302
4.092500 0.376095 0.039439
4.097500 0.419969 0.010168
4.102500 0.422449 0.031571
4.107500 0.402339 0.075775
4.112500 0.390523 0.040764
4.117500 0.439443 0.034906
4.122500 0.473543 0.043186
4.127500 0.482114 0.025041
4.132500 0.473006 0.038852
4.137500 0.435081 0.046368
4.142500 0.417393 0.017556
4.147500 0.411437 0.025981
4.152500 0.442003 0.003700
4.157500 0.471866 0.017312
4.162500 0.520482 0.058333
4.167500 0.539013 0.008186
4.172500 0.530729 0.050887
4.177500 0.567107 0.024025
4.182500 0.590472 0.021212
4.187500 0.601553 0.040384
4.192500 0.657656 0.012581
4.197500 0.664766 0.057195
4.202500 0.640888 0.069256
4.207500 0.623580 0.046615
4.212500 0.501136 0.030448
4.217500 0.438813 0.014360
4.222500 0.314991 0.015942
4.227500 0.378868 0.012645
4.232500 0.325621 0.029710
4.237500 0.276400 0.016444
4.242500 0.255466 0.049376
4.247500 0.307250 0.024214
4.252500 0.382975 0.052982
4.257500 0.381092 0.035756
4.262500 0.404833 0.062143
4.267500 0.310368 0.047018
4.272500 0.241437 0.020927
4.277500 0.327282 0.072839
4.282500 0.407931 0.053248
4.287500 0.389117 0.024663
4.292500 0.376824 0.064306
4.297500 0.511500 0.034458
4.302500 0.661112 0.048001
4.307500 0.667122 0.026476
4.312500 0.685545 0.028878
4.317500 0.799272 0.069777
4.322500 0.920315 0.063348
4.327500 0.898603 0.076047
4.332500 0.900982 0.063542
4.337500 0.753043 0.069628
4.342500 0.729228 0.035552
4.347500 0.865016 0.053225
4.352500 0.971192 0.083813
4.357500 0.876781 0.073892
4.362500 0.739072 0.032544
4.367500 0.649135 0.034381
4.372500 0.551193 0.065352
4.377500 0.428232 0.037645
4.382500 0.465185 0.130284
4.387500 0.596610 0.089998
4.392500 0.660849 0.065927
4.397500 0.608006 0.081066
4.402500 0.579565 0.069536
4.407500 0.553599 0.004328
4.412500 0.561483 0.035876
4.417500 0.637946 0.059949
4.422500 0.725932 0.111671
4.427500 0.742358 0.131667
4.432500 0.753706 0.133809
4.437500 0.663816 0.105585
4.442500 0.644137 0.039590
4.447500 0.674719 0.023235
4.452500 0.555316 0.040456
4.457500 0.569853 0.069247
4.462500 0.621674 0.035780
4.467500 0.655263 0.021995
4.472500 0.632866 0.029701
4.477500 0.558341 0.062529
4.482500 0.682047 0.037715
4.487500 0.717819 0.051782
4.492500 0.722487 0.008800
4.497500 0.667006 0.012980
4.502500 0.629776 0.023026
4.507500 0.631994 0.080243
4.512500 0.798771 0.038471
4.517500 0.713564 0.039207
4.522500 0.588311 0.040358
4.527500 0.716993 0.034018
4.532500 0.624844 0.091308
4.537500 0.590469 0.052181
4.542500 0.676057 0.100285
4.547500 0.536884 0.016987
4.552500 0.465884 0.021246
4.557500 0.572683 0.057580
4.562500 0.780658 0.032321
4.567500 0.772412 0.088667
4.572500 0.534023 0.084525
4.577500 0.571844 0.061567
4.582500 0.710065 0.052123
4.587500 0.753982 0.035434
4.592500 0.812869 0.066362
4.597500 0.803814 0.078889
4.602500 0.710864 0.067216
4.607500 0.534207 0.022793
4.612500 0.458293 0.033251
4.617500 0.566164 0.054159
4.622500 0.582238 0.050597
4.627500 0.709184 0.027791
4.632500 0.792985 0.078246
4.637500 0.673805 0.037706
4.642500 0.540290 0.058494
4.647500 0.566347 0.127966
4.652500 0.533475 0.088707
4.657500 0.449464 0.154479
4.662500 0.450789 0.070804
4.667500 0.459286 0.087881
4.672500 0.357603 0.078339
4.677500 0.341940 0.082979
4.682500 0.356289 0.084494
4.687500 0.324896 0.106945
4.692500 0.218486 0.130555
4.697500 0.456381 0.027946
4.702500 0.563902 0.021488
4.707500 0.593267 0.016401
4.712500 0.731122 0.099614
4.717500 0.785511 0.077696
4.722500 0.615842 0.040675
4.727500 0.647521 0.077571
4.732500 0.701378 0.071313
4.737500 0.833928 0.043192
4.742500 0.693005 0.043035
4.747500 0.636570 0.031761
4.752500 0.803976 0.063996
4.757500 0.703992 0.077133
4.762500 0.616223 0.174782
4.767500 0.720298 0.169986
4.772500 0.694271 0.148970
4.777500 0.617144 0.105949
4.782500 0.677258 0.080395
4.787500 0.677046 0.161740
4.792500 0.760366 0.060673
4.797500 0.718942 0.033949
4.802500 0.721092 0.056706
4.807500 0.747955 0.068686
4.812500 0.754861 0.031565
4.817500 0.783047 0.064899
4.822500 0.822761 0.026422
4.827500 0.887128 0.011359
4.832500 0.870562 0.044218
4.837500 0.803626 0.049490
4.842500 0.749945 0.035556
4.847500 0.732457 0.107630
4.852500 0.821352 0.136999
4.857500 0.739116 0.116314
4.862500 0.742153 0.047208
4.867500 0.884317 0.077144
4.872500 0.953804 0.064756
4.877500 0.845000 0.121861
4.882500 0.739619 0.129467
4.887500 0.743778 0.078023
4.892500 0.683423 0.146531
4.897500 0.612569 0.095364
4.902500 0.592203 0.065966
4.907500 0.723222 0.017788
4.912500 0.851140 0.123136
4.917500 0.831544 0.131401
4.922500 0.769904 0.082638
4.927500 0.739902 0.080717
4.932500 0.670101 0.076722
4.937500 0.777591 0.013766
4.942500 0.734568 0.045963
4.947500 0.816750 0.060942
4.952500 0.888883 0.066246
4.957500 0.980938 0.027798
4.962500 0.903667 0.063786
4.967500 1.061119 0.015330
4.972500 1.046211 0.122693
4.977500 0.902096 0.123781
4.982500 0.805683 0.196942
4.987500 0.923462 0.122310
4.992500 0.970850 0.034364
4.997500 0.921108 0.066329
5.002500 0.944018 0.047639
5.007500 0.870500 0.085950
5.012500 1.009248 0.038348
5.017500 0.907014 0.111619
5.022500 0.749055 0.053085
5.027500 0.779785 0.108212
5.032500 0.992218 0.114894
5.037500 0.734053 0.136057
5.042500 0.894597 0.040803
5.047500 0.722329 0.097210
5.052500 0.695865 0.096308
5.057500 0.849895 0.030309
5.062500 1.009539 0.094201
5.067500 0.910067 0.325164
5.072500 0.731565 0.136255
5.077500 0.916687 0.134271
5.082500 0.974323 0.036322
5.087500 0.975486 0.064188
5.092500 0.733470 0.069833
5.097500 0.547172 0.126372
