# DATE = 2025-03-12
# PIPE_VER = 1.17.1
# PMAP = jwst_1322.pmap
# STANDARD_STAR = SNAP-2
# 
# Wavelength (microns), arbitrary reflectance, uncertainty
0.702500 0.529729 0.071985
0.707500 0.502404 0.054330
0.712500 0.489109 0.044237
0.717500 0.487456 0.041453
0.722500 0.475479 0.025767
0.727500 0.467657 0.029123
0.732500 0.468673 0.039203
0.737500 0.465363 0.024984
0.742500 0.444684 0.020152
0.747500 0.443526 0.020895
0.752500 0.441057 0.019230
0.757500 0.447552 0.021586
0.762500 0.458327 0.023224
0.767500 0.470070 0.022927
0.772500 0.466206 0.017026
0.777500 0.478853 0.015401
0.782500 0.487226 0.016961
0.787500 0.481479 0.022594
0.792500 0.466696 0.020098
0.797500 0.471049 0.016585
0.802500 0.494671 0.020505
0.807500 0.516468 0.025536
0.812500 0.517588 0.022921
0.817500 0.539716 0.028887
0.822500 0.553281 0.030736
0.827500 0.547150 0.031663
0.832500 0.549621 0.029513
0.837500 0.546394 0.029566
0.842500 0.551437 0.038295
0.847500 0.561832 0.042744
0.852500 0.569332 0.048924
0.857500 0.576315 0.049943
0.862500 0.588438 0.055079
0.867500 0.591124 0.047742
0.872500 0.602621 0.051655
0.877500 0.602637 0.048543
0.882500 0.614506 0.056466
0.887500 0.626018 0.051497
0.892500 0.638488 0.055488
0.897500 0.642276 0.047271
0.902500 0.639585 0.046193
0.907500 0.639148 0.048076
0.912500 0.639669 0.049113
0.917500 0.655732 0.057645
0.922500 0.658435 0.054460
0.927500 0.658277 0.052403
0.932500 0.662326 0.052413
0.937500 0.675100 0.056917
0.942500 0.694053 0.061966
0.947500 0.695648 0.059313
0.952500 0.707030 0.055339
0.957500 0.712852 0.054332
0.962500 0.725558 0.054573
0.967500 0.739139 0.059720
0.972500 0.742913 0.056980
0.977500 0.750517 0.049233
0.982500 0.767445 0.054901
0.987500 0.769048 0.055229
0.992500 0.767755 0.059213
0.997500 0.780808 0.066936
1.002500 0.786715 0.059068
1.007500 0.794757 0.056415
1.012500 0.791272 0.045893
1.017500 0.790807 0.045658
1.022500 0.791413 0.043897
1.027500 0.791344 0.047545
1.032500 0.790732 0.041753
1.037500 0.804278 0.052213
1.042500 0.796905 0.046201
1.047500 0.797307 0.038726
1.052500 0.791599 0.030435
1.057500 0.792837 0.030087
1.062500 0.804555 0.037128
1.067500 0.815092 0.040704
1.072500 0.822402 0.041776
1.077500 0.835560 0.047907
1.082500 0.845112 0.039939
1.087500 0.855313 0.042068
1.092500 0.856083 0.042955
1.097500 0.854796 0.040193
1.102500 0.871041 0.046586
1.107500 0.870552 0.044830
1.112500 0.879649 0.046842
1.117500 0.882945 0.050076
1.122500 0.884955 0.055744
1.127500 0.890900 0.062054
1.132500 0.895044 0.060892
1.137500 0.898165 0.068562
1.142500 0.904638 0.060477
1.147500 0.880327 0.048286
1.152500 0.862026 0.034095
1.157500 0.861616 0.028906
1.162500 0.869004 0.027211
1.167500 0.891076 0.039607
1.172500 0.894875 0.039534
1.177500 0.892203 0.041545
1.182500 0.909490 0.049794
1.187500 0.911742 0.053837
1.192500 0.906307 0.049807
1.197500 0.913196 0.045034
1.202500 0.913644 0.037146
1.207500 0.913945 0.033237
1.212500 0.921669 0.030866
1.217500 0.930141 0.034041
1.222500 0.936220 0.044745
1.227500 0.932644 0.041137
1.232500 0.925537 0.039271
1.237500 0.933171 0.042989
1.242500 0.927601 0.048249
1.247500 0.925481 0.046538
1.252500 0.925141 0.044430
1.257500 0.915307 0.038181
1.262500 0.925540 0.029076
1.267500 0.932765 0.037464
1.272500 0.949215 0.041283
1.277500 0.962152 0.049544
1.282500 0.957629 0.051948
1.287500 0.952901 0.044394
1.292500 0.927409 0.033135
1.297500 0.910132 0.020461
1.302500 0.915159 0.016483
1.307500 0.911128 0.010993
1.312500 0.909479 0.012384
1.317500 0.913513 0.016266
1.322500 0.912367 0.013681
1.327500 0.912025 0.017822
1.332500 0.908985 0.017017
1.337500 0.907086 0.017299
1.342500 0.901547 0.021572
1.347500 0.909978 0.028775
1.352500 0.922881 0.034551
1.357500 0.929367 0.026862
1.362500 0.940447 0.023553
1.367500 0.932332 0.020822
1.372500 0.925157 0.018379
1.377500 0.917758 0.019820
1.382500 0.909922 0.018816
1.387500 0.903732 0.021962
1.392500 0.905641 0.022964
1.397500 0.905346 0.020758
1.402500 0.904439 0.024159
1.407500 0.887724 0.013359
1.412500 0.885711 0.009872
1.417500 0.878179 0.011387
1.422500 0.878850 0.012062
1.427500 0.888514 0.016168
1.432500 0.889761 0.019126
1.437500 0.888096 0.019120
1.442500 0.883227 0.024014
1.447500 0.859770 0.011502
1.452500 0.850164 0.012485
1.457500 0.844215 0.011480
1.462500 0.841468 0.009928
1.467500 0.836590 0.005880
1.472500 0.834598 0.006759
1.477500 0.824070 0.005739
1.482500 0.821064 0.007099
1.487500 0.816442 0.008313
1.492500 0.811914 0.017820
1.497500 0.805818 0.019875
1.502500 0.798029 0.018987
1.507500 0.798259 0.019754
1.512500 0.784412 0.010375
1.517500 0.776249 0.005746
1.522500 0.772382 0.005068
1.527500 0.764032 0.009488
1.532500 0.762110 0.006762
1.537500 0.761989 0.005625
1.542500 0.759028 0.013192
1.547500 0.762367 0.016135
1.552500 0.765008 0.026403
1.557500 0.769144 0.026055
1.562500 0.759659 0.027839
1.567500 0.755330 0.030364
1.572500 0.759537 0.029993
1.577500 0.753905 0.023111
1.582500 0.750190 0.026876
1.587500 0.752582 0.024410
1.592500 0.747049 0.023251
1.597500 0.746372 0.023547
1.602500 0.752237 0.019326
1.607500 0.757696 0.022113
1.612500 0.761768 0.022455
1.617500 0.762034 0.019618
1.622500 0.767544 0.018707
1.627500 0.764467 0.015598
1.632500 0.761187 0.018530
1.637500 0.770274 0.029616
1.642500 0.775456 0.035138
1.647500 0.776040 0.033865
1.652500 0.781703 0.036865
1.657500 0.774691 0.036457
1.662500 0.775656 0.029668
1.667500 0.779035 0.036579
1.672500 0.778092 0.037970
1.677500 0.772606 0.039116
1.682500 0.771432 0.052771
1.687500 0.776480 0.053303
1.692500 0.776372 0.055664
1.697500 0.783369 0.062672
1.702500 0.786029 0.064316
1.707500 0.785925 0.058920
1.712500 0.773824 0.048689
1.717500 0.767799 0.046861
1.722500 0.764050 0.043060
1.727500 0.763706 0.040548
1.732500 0.755509 0.035311
1.737500 0.743083 0.023649
1.742500 0.738467 0.027137
1.747500 0.737092 0.039547
1.752500 0.729227 0.028006
1.757500 0.726817 0.026801
1.762500 0.707859 0.039457
1.767500 0.716315 0.037681
1.772500 0.720041 0.023006
1.777500 0.727260 0.018115
1.782500 0.724963 0.016700
1.787500 0.713237 0.021925
1.792500 0.711601 0.023030
1.797500 0.694697 0.024260
1.802500 0.698226 0.022872
1.807500 0.700446 0.015312
1.812500 0.691894 0.013182
1.817500 0.682139 0.017070
1.822500 0.686117 0.013714
1.827500 0.699845 0.013552
1.832500 0.703733 0.011749
1.837500 0.708924 0.005189
1.842500 0.708563 0.005676
1.847500 0.693803 0.003624
1.852500 0.676055 0.006402
1.857500 0.674547 0.013378
1.862500 0.687808 0.018011
1.867500 0.684085 0.017538
1.872500 0.684788 0.026765
1.877500 0.694178 0.028542
1.882500 0.707341 0.021941
1.887500 0.708170 0.020402
1.892500 0.705373 0.014696
1.897500 0.692392 0.019032
1.902500 0.682234 0.021100
1.907500 0.681541 0.038694
1.912500 0.683570 0.039363
1.917500 0.682656 0.034661
1.922500 0.678307 0.037800
1.927500 0.681298 0.025755
1.932500 0.661046 0.021611
1.937500 0.664948 0.012631
1.942500 0.661333 0.016257
1.947500 0.646422 0.016164
1.952500 0.632067 0.019428
1.957500 0.613738 0.039831
1.962500 0.592994 0.034694
1.967500 0.574897 0.018415
1.972500 0.564293 0.022263
1.977500 0.561037 0.013950
1.982500 0.550696 0.014822
1.987500 0.551586 0.017594
1.992500 0.555732 0.018484
1.997500 0.558888 0.026325
2.002500 0.560945 0.024116
2.007500 0.570983 0.030279
2.012500 0.571723 0.037533
2.017500 0.571508 0.038145
2.022500 0.566438 0.052581
2.027500 0.571162 0.054831
2.032500 0.565988 0.058494
2.037500 0.572830 0.053402
2.042500 0.560934 0.056092
2.047500 0.569562 0.044951
2.052500 0.567671 0.047242
2.057500 0.589589 0.026866
2.062500 0.613135 0.011526
2.067500 0.620279 0.016308
2.072500 0.617492 0.020915
2.077500 0.604221 0.027405
2.082500 0.625333 0.024584
2.087500 0.618313 0.034973
2.092500 0.617687 0.037101
2.097500 0.627664 0.042498
2.102500 0.646834 0.034924
2.107500 0.649590 0.021265
2.112500 0.644519 0.022397
2.117500 0.636181 0.022985
2.122500 0.610835 0.021057
2.127500 0.604712 0.040474
2.132500 0.600692 0.049295
2.137500 0.631012 0.065507
2.142500 0.629294 0.059586
2.147500 0.606397 0.040235
2.152500 0.616920 0.037691
2.157500 0.616039 0.039792
2.162500 0.610601 0.046130
2.167500 0.620095 0.046452
2.172500 0.632254 0.052358
2.177500 0.637888 0.078423
2.182500 0.647854 0.082489
2.187500 0.645190 0.085565
2.192500 0.646152 0.081181
2.197500 0.644903 0.071321
2.202500 0.638379 0.061131
2.207500 0.645059 0.060154
2.212500 0.656092 0.041206
2.217500 0.660616 0.056366
2.222500 0.651516 0.056962
2.227500 0.662185 0.051177
2.232500 0.659811 0.033378
2.237500 0.657086 0.037393
2.242500 0.654175 0.032484
2.247500 0.666117 0.040322
2.252500 0.662953 0.039247
2.257500 0.683380 0.030424
2.262500 0.646914 0.046495
2.267500 0.636326 0.048079
2.272500 0.635617 0.072605
2.277500 0.646337 0.069956
2.282500 0.667118 0.064794
2.287500 0.652757 0.068679
2.292500 0.650885 0.057475
2.297500 0.630219 0.061682
2.302500 0.611997 0.057513
2.307500 0.607159 0.051636
2.312500 0.588987 0.064315
2.317500 0.576784 0.050090
2.322500 0.574927 0.062527
2.327500 0.549576 0.059873
2.332500 0.514995 0.049691
2.337500 0.495972 0.047009
2.342500 0.502182 0.063548
2.347500 0.514664 0.064887
2.352500 0.559559 0.072457
2.357500 0.538351 0.056774
2.362500 0.510505 0.039632
2.367500 0.514807 0.063950
2.372500 0.497860 0.082684
2.377500 0.510985 0.104161
2.382500 0.489374 0.098451
2.387500 0.469372 0.082942
2.392500 0.460944 0.061557
2.397500 0.460012 0.066828
2.402500 0.468932 0.071503
2.407500 0.478956 0.078811
2.412500 0.478936 0.074806
2.417500 0.505805 0.086316
2.422500 0.518281 0.087440
2.427500 0.522594 0.089601
2.432500 0.494965 0.081218
2.437500 0.498749 0.087967
2.442500 0.487268 0.088298
2.447500 0.518625 0.095246
2.452500 0.550979 0.090486
2.457500 0.560044 0.074885
2.462500 0.550026 0.085476
2.467500 0.532333 0.090627
2.472500 0.521603 0.077561
2.477500 0.519578 0.091085
2.482500 0.550204 0.095790
2.487500 0.558709 0.112755
2.492500 0.559088 0.101351
2.497500 0.574559 0.083933
2.502500 0.577537 0.062467
2.507500 0.599908 0.067573
2.512500 0.631730 0.064022
2.517500 0.651515 0.083627
2.522500 0.696467 0.076465
2.527500 0.714725 0.054467
2.532500 0.725675 0.046036
2.537500 0.754045 0.043571
2.542500 0.747892 0.059633
2.547500 0.771560 0.069268
2.552500 0.815598 0.079794
2.557500 0.831316 0.102510
2.562500 0.831443 0.081307
2.567500 0.843227 0.106864
2.572500 0.873169 0.122605
2.577500 0.899392 0.127710
2.582500 0.894302 0.124979
2.587500 0.900115 0.111767
2.592500 0.927992 0.099537
2.597500 0.961035 0.123583
2.602500 1.000000 0.098634
2.607500 1.017832 0.080945
2.612500 1.041283 0.045343
2.617500 1.050921 0.045406
2.622500 1.030866 0.056217
2.627500 1.045589 0.050708
2.632500 0.975464 0.047176
2.637500 0.980926 0.047141
2.642500 0.957413 0.060389
2.647500 0.978332 0.047919
2.652500 0.975876 0.063235
2.657500 0.959592 0.078189
2.662500 0.914440 0.085415
2.667500 0.892929 0.089296
2.672500 0.906346 0.098498
2.677500 0.928671 0.107259
2.682500 0.948952 0.111923
2.687500 0.972329 0.097803
2.692500 0.946615 0.104886
2.697500 0.884392 0.120247
2.702500 0.858504 0.124331
2.707500 0.817280 0.125746
2.712500 0.834923 0.166753
2.717500 0.860698 0.198650
2.722500 0.872064 0.198073
2.727500 0.912834 0.196854
2.732500 0.842095 0.163845
2.737500 0.855640 0.171218
2.742500 0.808099 0.173887
2.747500 0.818585 0.172321
2.752500 0.814917 0.181191
2.757500 0.819554 0.222740
2.762500 0.817878 0.220681
2.767500 0.826590 0.227316
2.772500 0.777350 0.285471
2.777500 0.784938 0.283906
2.782500 0.482164 0.224792
2.787500 0.312456 0.286791
2.792500 0.347222 0.284025
2.797500 0.256057 0.296564
2.802500 0.646602 0.183801
2.807500 0.625461 0.229138
2.812500 0.622224 0.256896
2.817500 0.648649 0.254864
2.822500 0.806234 nan
2.827500 0.799269 nan
2.832500 0.883802 nan
2.837500 0.771409 nan
2.842500 0.695824 nan
2.847500 0.650814 nan
2.852500 0.450845 0.159334
2.857500 0.686813 0.075174
2.862500 0.746893 0.091912
2.867500 0.724445 0.083571
2.872500 0.685151 0.091458
2.877500 0.742019 0.041986
2.882500 0.667231 0.026272
2.887500 0.694132 0.038390
2.892500 0.705653 0.034672
2.897500 0.733944 0.163244
2.902500 0.711090 0.181407
2.907500 0.660338 0.163817
2.912500 0.602968 0.090522
2.917500 0.590664 0.110040
2.922500 0.616510 0.072796
2.927500 0.551375 0.073587
2.932500 0.450528 0.115374
2.937500 0.417696 0.132841
2.942500 0.427575 0.149350
2.947500 0.329453 0.190852
2.952500 0.198876 0.245495
2.957500 0.158446 0.307853
2.962500 0.111826 0.303810
2.967500 -0.034984 0.307846
2.972500 -0.071737 0.292447
2.977500 -0.078106 0.280167
2.982500 -0.054697 0.298559
2.987500 -0.039894 0.339446
2.992500 0.099117 0.351038
2.997500 0.148270 0.333061
3.002500 0.200417 0.351267
3.007500 0.262044 0.368303
3.012500 0.254724 0.408096
3.017500 0.140138 0.443031
3.022500 0.001995 0.401266
3.027500 0.030111 0.393906
3.032500 0.084017 0.367489
3.037500 0.139077 0.353738
3.042500 0.265169 0.319225
3.047500 0.264887 0.312686
3.052500 0.276874 0.302452
3.057500 0.308477 0.303640
3.062500 0.330119 0.288038
3.067500 0.352788 0.314323
3.072500 0.386221 0.337613
3.077500 0.440170 0.374062
3.082500 0.488518 0.381019
3.087500 0.464426 0.466003
3.092500 0.414046 0.494908
3.097500 0.423109 0.477717
3.102500 0.458242 0.436616
3.107500 0.381946 0.386891
3.112500 0.330794 0.380711
3.117500 0.371712 0.372910
3.122500 0.405160 0.385702
3.127500 0.430033 0.383789
3.132500 0.385475 0.375228
3.137500 0.355766 0.341342
3.142500 0.366917 0.321846
3.147500 0.356752 0.351587
3.152500 0.343976 0.382791
3.157500 0.327536 0.413915
3.162500 0.317057 0.425357
3.167500 0.321470 0.422731
3.172500 0.267695 0.442664
3.177500 0.239206 0.440535
3.182500 0.258394 0.459558
3.187500 0.231664 0.481055
3.192500 0.267281 0.503162
3.197500 0.319229 0.497666
3.202500 0.387421 0.468524
3.207500 0.336948 0.474618
3.212500 0.346899 0.491702
3.217500 0.234194 0.476972
3.222500 0.174020 0.430865
3.227500 0.163781 0.426347
3.232500 0.189781 0.440063
3.237500 0.107074 0.412740
3.242500 0.024492 0.412688
3.247500 0.010982 0.386930
3.252500 -0.006169 0.382390
3.257500 0.006309 0.388064
3.262500 -0.053551 0.408835
3.267500 -0.053969 0.440682
3.272500 -0.008244 0.374187
3.277500 -0.026714 0.352706
3.282500 -0.060695 0.351928
3.287500 -0.150473 0.284547
3.292500 -0.223722 0.236916
3.297500 -0.325142 0.135404
3.302500 -0.417399 0.109586
3.307500 -0.484246 0.074174
3.312500 -0.485017 0.054450
3.317500 -0.525051 0.070297
3.322500 -0.399790 0.189178
3.327500 -0.273560 0.273201
3.332500 -0.173863 0.314230
3.337500 -0.118522 0.326978
3.342500 0.161444 0.433762
3.347500 0.509680 0.298393
3.352500 0.673454 0.219377
3.357500 0.793615 0.120729
3.362500 0.814540 0.089748
3.367500 0.781334 0.117261
3.372500 0.961505 0.149517
3.377500 1.195970 0.080013
3.382500 1.241928 0.131575
3.387500 1.201395 0.115121
3.392500 1.230114 0.135641
3.397500 1.316874 0.161927
3.402500 1.227714 0.112804
3.407500 1.194947 0.138044
3.412500 1.235976 0.284697
3.417500 1.336179 0.387789
3.422500 1.436185 0.397115
3.427500 1.479986 0.344028
3.432500 1.524032 0.332584
3.437500 1.599779 0.336761
3.442500 1.651925 0.345019
3.447500 1.684491 0.406404
3.452500 1.768561 0.395638
3.457500 1.483831 0.393513
3.462500 2.065484 0.428317
3.467500 2.198857 0.382062
3.472500 2.350883 0.166566
3.477500 2.458041 0.289823
3.482500 2.335559 0.546560
3.487500 2.218910 0.926879
3.492500 2.482467 nan
3.497500 2.422343 nan
3.502500 2.640769 nan
3.507500 2.542383 0.962543
3.512500 2.834068 nan
3.517500 2.917774 nan
3.522500 2.492404 0.623352
3.527500 2.601621 0.452365
3.532500 2.590328 0.524525
3.537500 2.624877 0.553694
3.542500 2.312002 0.785666
3.547500 2.209587 0.885405
3.552500 1.759963 0.878475
3.557500 2.478501 nan
3.562500 3.121507 nan
3.567500 2.268214 nan
3.572500 1.156946 0.844497
3.577500 1.407720 0.834278
3.582500 1.247634 0.924876
3.587500 2.201793 0.465601
3.592500 2.684911 0.243137
3.597500 2.906149 0.645378
3.602500 3.097627 nan
3.607500 3.338671 nan
3.612500 3.241418 0.433546
3.617500 3.193707 0.769229
3.622500 3.386164 1.338360
3.627500 3.331086 1.248360
3.632500 3.448092 1.404643
3.637500 3.726614 nan
3.642500 3.664011 nan
3.647500 2.997676 1.211325
3.652500 2.725345 0.379781
3.657500 2.551588 0.488282
3.662500 2.296483 0.548067
3.667500 2.516431 0.586237
3.672500 2.700721 0.652564
3.677500 1.881210 0.550854
3.682500 2.631763 nan
3.687500 3.423423 nan
3.692500 3.468346 0.473012
3.697500 3.779895 0.560976
3.702500 3.692163 0.442512
3.707500 3.613011 0.472055
3.712500 2.840873 0.581248
3.717500 2.953709 0.707276
3.722500 3.773225 0.739202
3.727500 3.495747 0.773363
3.732500 3.216097 0.922371
3.737500 4.044068 1.373499
3.742500 3.966019 1.389575
3.747500 3.695855 1.378092
3.752500 3.765095 1.564939
3.757500 3.778587 0.894644
3.762500 3.626515 0.830135
3.767500 4.366876 0.645023
3.772500 4.037224 0.501320
3.777500 4.093286 0.598715
3.782500 4.189217 0.546240
3.787500 4.791564 0.797366
3.792500 4.900878 0.701110
3.797500 5.047908 0.787648
3.802500 4.977357 0.804840
3.807500 4.931591 0.815992
3.812500 4.934533 0.993163
3.817500 5.140749 1.031041
3.822500 5.237084 0.869333
3.827500 5.722374 0.758930
3.832500 6.269930 0.793597
3.837500 6.910136 0.795381
3.842500 7.564769 0.750604
3.847500 7.932761 0.781785
3.852500 8.727875 1.262440
3.857500 9.029755 1.294427
3.862500 8.729383 1.266376
3.867500 8.761517 1.291514
3.872500 8.284367 0.935615
3.877500 8.881322 1.241802
3.882500 8.795397 1.235517
3.887500 8.603864 1.198343
3.892500 9.132142 1.408514
3.897500 9.365881 1.418570
3.902500 9.471032 1.264055
3.907500 9.250938 1.217548
3.912500 8.848846 1.105785
3.917500 9.353484 1.320010
3.922500 9.417926 1.488665
3.927500 9.336633 1.222708
3.932500 8.637456 0.952576
3.937500 8.512252 1.080871
3.942500 8.467045 1.046598
3.947500 8.125837 0.932356
3.952500 7.749773 1.002712
3.957500 7.623546 0.935908
3.962500 7.284188 1.166168
3.967500 6.550429 0.978696
3.972500 6.090833 0.865857
3.977500 5.947455 1.345963
3.982500 5.689544 1.313995
3.987500 5.603858 1.078505
3.992500 5.859512 0.845002
3.997500 5.873729 0.863298
4.002500 5.803829 0.734583
4.007500 6.038275 0.890394
4.012500 5.988791 0.558634
4.017500 6.146154 0.446378
4.022500 6.134772 0.250011
4.027500 6.352605 0.090712
4.032500 6.524832 0.081703
4.037500 6.838647 0.223871
4.042500 7.053730 0.294423
4.047500 7.206037 0.164186
4.052500 7.180495 0.162289
4.057500 8.099625 0.683552
4.062500 9.016927 1.219971
4.067500 9.383342 1.496665
4.072500 9.825632 1.699392
4.077500 9.627864 1.786734
4.082500 11.141796 1.980159
4.087500 11.130614 2.187719
4.092500 11.018579 2.182919
4.097500 11.213327 2.247802
4.102500 11.316902 2.271253
4.107500 11.589603 2.258039
4.112500 11.314359 2.173428
4.117500 11.415430 2.504909
4.122500 11.457499 2.669456
4.127500 10.907376 2.762771
4.132500 10.875997 2.611120
4.137500 10.309416 2.514944
4.142500 6.684951 1.212014
4.147500 9.693552 2.403850
4.152500 9.371241 2.226692
4.157500 9.196440 2.108941
4.162500 9.280202 1.969334
4.167500 6.575357 1.883542
4.172500 6.306783 1.718008
4.177500 8.070848 nan
4.182500 6.307326 nan
4.187500 4.745004 nan
4.192500 1.919346 1.299573
4.197500 3.584475 1.438336
4.202500 3.032444 1.145085
4.207500 3.017644 nan
4.212500 2.914923 nan
4.217500 1.713222 1.002295
4.222500 1.347703 0.922292
4.227500 1.172081 0.946259
4.232500 1.190321 1.088499
4.237500 1.112410 1.192466
4.242500 1.066564 1.342320
4.247500 1.000333 1.509410
4.252500 0.918430 1.550621
4.257500 0.865825 1.446191
4.262500 1.606383 nan
4.267500 1.568482 nan
4.272500 1.502416 nan
4.277500 1.459895 nan
4.282500 0.710917 0.983227
4.287500 0.651943 0.888039
4.292500 0.347245 0.792007
4.297500 0.561815 0.777857
4.302500 0.394893 0.863256
4.307500 0.557802 0.630434
4.312500 1.648462 0.501598
4.317500 1.919472 0.183145
4.322500 2.730532 0.765795
4.327500 3.515577 1.253893
4.332500 4.331876 2.035220
4.337500 4.929858 2.442984
4.342500 7.457289 nan
4.347500 8.117469 nan
4.352500 10.124832 nan
4.357500 11.277054 nan
4.362500 12.683752 nan
4.367500 14.659454 nan
4.372500 15.557416 nan
4.377500 16.143257 nan
4.382500 15.637704 nan
4.387500 15.191270 nan
4.392500 15.508421 nan
4.397500 16.037951 nan
4.402500 16.562407 nan
4.407500 16.744216 nan
4.412500 16.799409 nan
4.417500 16.889626 nan
4.422500 15.620485 nan
4.427500 14.298147 nan
4.432500 12.881081 nan
4.437500 9.635513 nan
4.442500 10.013084 nan
4.447500 10.590069 nan
4.452500 7.548845 3.987444
4.457500 11.148781 nan
4.462500 10.484630 nan
4.467500 7.090715 3.779208
4.472500 6.967742 3.733082
4.477500 7.082045 3.793957
4.482500 7.377408 3.981883
4.487500 7.643378 4.101034
4.492500 11.536990 nan
4.497500 11.996456 nan
4.502500 11.984998 nan
4.507500 12.073663 nan
4.512500 8.336848 4.690742
4.517500 8.725325 4.944446
4.522500 9.464735 5.081169
4.527500 9.870588 4.919169
4.532500 15.501820 nan
4.537500 15.798229 nan
4.542500 16.271636 nan
4.547500 15.643687 nan
4.552500 16.240897 nan
4.557500 15.721580 nan
4.562500 17.075606 nan
4.567500 14.999193 nan
4.572500 16.322495 nan
4.577500 15.453199 nan
4.582500 13.464753 nan
4.587500 13.463786 nan
4.592500 12.513035 nan
4.597500 12.651622 nan
4.602500 14.091502 nan
4.607500 13.857516 nan
4.612500 12.719771 nan
4.617500 13.192516 nan
4.622500 17.799601 nan
4.627500 17.943972 nan
4.632500 21.878524 nan
4.637500 22.359891 nan
4.642500 22.581346 nan
4.647500 23.577585 nan
4.652500 24.008097 nan
4.657500 25.426522 nan
4.662500 26.098381 nan
4.667500 25.940409 nan
4.672500 26.704771 nan
4.677500 27.918557 nan
4.682500 28.181220 nan
4.687500 28.158745 nan
4.692500 27.515902 nan
4.697500 29.042666 nan
4.702500 29.754231 nan
4.707500 31.999342 nan
4.712500 33.155062 nan
4.717500 34.998284 nan
4.722500 35.592662 nan
4.727500 34.425045 nan
4.732500 36.314199 nan
4.737500 25.828974 11.615675
4.742500 26.038027 11.253605
4.747500 26.441240 11.382882
4.752500 27.257014 11.724820
4.757500 27.321056 11.877613
4.762500 27.164481 11.625084
4.767500 28.132235 11.292919
4.772500 28.039696 11.782202
4.777500 27.862704 12.419547
4.782500 28.105430 12.087537
4.787500 27.664073 11.874173
4.792500 26.841167 12.190915
4.797500 26.339894 12.357377
4.802500 25.936176 12.980295
4.807500 25.752811 13.536509
4.812500 25.612836 13.802432
4.817500 24.588527 13.125489
4.822500 23.973724 12.647127
4.827500 23.387371 12.333257
4.832500 22.813896 12.061710
4.837500 22.633698 12.225715
4.842500 22.643367 12.336713
4.847500 32.191649 nan
4.852500 31.395269 nan
4.857500 31.477234 nan
4.862500 31.263657 nan
4.867500 31.121588 nan
4.872500 30.809795 nan
4.877500 31.067658 nan
4.882500 30.939843 nan
4.887500 31.666496 nan
4.892500 32.614787 nan
4.897500 32.712582 nan
4.902500 34.292367 nan
4.907500 35.091422 nan
4.912500 37.259107 nan
4.917500 37.771328 nan
4.922500 23.984861 13.636133
4.927500 23.963028 13.376794
4.932500 24.457005 13.593323
4.937500 24.078569 13.504067
4.942500 23.349942 13.027276
4.947500 22.754369 12.572207
4.952500 23.317959 12.837906
4.957500 23.822444 12.880596
4.962500 24.114327 13.089980
4.967500 24.382114 13.236812
4.972500 24.689224 13.305535
4.977500 24.769238 13.285040
4.982500 24.789000 13.264961
4.987500 24.839189 13.411029
4.992500 36.850688 nan
4.997500 36.537065 nan
5.002500 34.988146 nan
5.007500 34.875712 nan
5.012500 33.791921 nan
5.017500 32.526836 nan
5.022500 30.167674 nan
5.027500 31.543328 nan
5.032500 32.674376 nan
5.037500 32.038481 nan
5.042500 23.451113 11.594594
5.047500 23.665282 11.632173
5.052500 24.409665 11.999479
5.057500 24.508196 12.036651
5.062500 24.981276 12.013530
5.067500 25.082577 11.926755
5.072500 24.853178 11.658071
5.077500 24.630999 11.543943
5.082500 24.890477 11.629282
5.087500 25.325916 6.087945
5.092500 24.853178 5.948256
5.097500 24.853178 5.401726
