# DATE = 2025-03-12
# PIPE_VER = 1.17.1
# PMAP = jwst_1322.pmap
# STANDARD_STAR = SNAP-2
# 
# Wavelength (microns), arbitrary reflectance, uncertainty
0.702500 0.696100 0.015770
0.707500 0.710404 0.027232
0.712500 0.690313 0.013422
0.717500 0.694296 0.006688
0.722500 0.696462 0.006766
0.727500 0.673588 0.010730
0.732500 0.686815 0.017922
0.737500 0.704577 0.006667
0.742500 0.699055 0.005591
0.747500 0.702242 0.010698
0.752500 0.713412 0.005510
0.757500 0.730445 0.004870
0.762500 0.736300 0.003645
0.767500 0.723247 0.008991
0.772500 0.711338 0.012538
0.777500 0.732865 0.010751
0.782500 0.748069 0.008575
0.787500 0.710340 0.024736
0.792500 0.684712 0.018910
0.797500 0.673147 0.015229
0.802500 0.694319 0.018888
0.807500 0.741041 0.010869
0.812500 0.748933 0.005027
0.817500 0.750606 0.007264
0.822500 0.762378 0.007578
0.827500 0.754591 0.011331
0.832500 0.751332 0.005018
0.837500 0.750648 0.007421
0.842500 0.747267 0.010317
0.847500 0.742739 0.013609
0.852500 0.736486 0.006104
0.857500 0.750897 0.015991
0.862500 0.758225 0.012650
0.867500 0.764516 0.008859
0.872500 0.767730 0.006455
0.877500 0.775427 0.008780
0.882500 0.786502 0.003540
0.887500 0.789199 0.008220
0.892500 0.776126 0.008651
0.897500 0.770997 0.008885
0.902500 0.767198 0.008273
0.907500 0.772077 0.011288
0.912500 0.787418 0.011932
0.917500 0.786989 0.008833
0.922500 0.786984 0.006737
0.927500 0.790027 0.006172
0.932500 0.800887 0.004280
0.937500 0.797577 0.004560
0.942500 0.803752 0.006216
0.947500 0.799439 0.009995
0.952500 0.792448 0.013200
0.957500 0.795784 0.017597
0.962500 0.808644 0.009862
0.967500 0.813959 0.006274
0.972500 0.810517 0.005692
0.977500 0.812850 0.004830
0.982500 0.820977 0.008831
0.987500 0.825145 0.009536
0.992500 0.819139 0.011792
0.997500 0.824408 0.012481
1.002500 0.816654 0.014664
1.007500 0.828546 0.007285
1.012500 0.834683 0.013359
1.017500 0.850233 0.015283
1.022500 0.853284 0.008943
1.027500 0.843397 0.004700
1.032500 0.837479 0.004556
1.037500 0.836776 0.011639
1.042500 0.839271 0.010782
1.047500 0.843458 0.009658
1.052500 0.846844 0.005451
1.057500 0.847095 0.007002
1.062500 0.843655 0.013274
1.067500 0.848664 0.015314
1.072500 0.854445 0.018979
1.077500 0.855773 0.016943
1.082500 0.858963 0.013245
1.087500 0.861644 0.012885
1.092500 0.865185 0.013929
1.097500 0.863595 0.014676
1.102500 0.869190 0.016837
1.107500 0.868851 0.017804
1.112500 0.876818 0.013593
1.117500 0.875066 0.017110
1.122500 0.877531 0.020505
1.127500 0.878121 0.022121
1.132500 0.875200 0.017713
1.137500 0.880292 0.018691
1.142500 0.887147 0.016249
1.147500 0.884332 0.016749
1.152500 0.887468 0.017828
1.157500 0.886709 0.017555
1.162500 0.883065 0.011833
1.167500 0.886589 0.013261
1.172500 0.890102 0.014351
1.177500 0.898092 0.016470
1.182500 0.907424 0.015291
1.187500 0.915580 0.016861
1.192500 0.913641 0.016594
1.197500 0.913703 0.018397
1.202500 0.916175 0.017199
1.207500 0.915229 0.018301
1.212500 0.919831 0.015611
1.217500 0.918505 0.013022
1.222500 0.905488 0.005887
1.227500 0.893461 0.006193
1.232500 0.898650 0.004150
1.237500 0.897695 0.005113
1.242500 0.894057 0.004060
1.247500 0.904275 0.026365
1.252500 0.908843 0.018392
1.257500 0.927119 0.014298
1.262500 0.936199 0.018193
1.267500 0.939746 0.017079
1.272500 0.931873 0.016569
1.277500 0.927539 0.014881
1.282500 0.931756 0.013569
1.287500 0.928497 0.017447
1.292500 0.934941 0.017893
1.297500 0.931008 0.014396
1.302500 0.926414 0.015977
1.307500 0.924355 0.016497
1.312500 0.928685 0.014019
1.317500 0.935334 0.015581
1.322500 0.944055 0.015397
1.327500 0.946856 0.011196
1.332500 0.952145 0.017423
1.337500 0.948976 0.018152
1.342500 0.945533 0.018473
1.347500 0.947273 0.020859
1.352500 0.938283 0.014565
1.357500 0.936330 0.010736
1.362500 0.939900 0.012518
1.367500 0.940511 0.011813
1.372500 0.953088 0.019021
1.377500 0.950878 0.018121
1.382500 0.955628 0.014048
1.387500 0.949829 0.019244
1.392500 0.956566 0.022777
1.397500 0.965486 0.019801
1.402500 0.961905 0.021112
1.407500 0.966667 0.020512
1.412500 0.963609 0.016866
1.417500 0.963097 0.018621
1.422500 0.962189 0.022238
1.427500 0.962469 0.020096
1.432500 0.961132 0.019016
1.437500 0.963476 0.020166
1.442500 0.964686 0.021008
1.447500 0.963595 0.019282
1.452500 0.956978 0.013157
1.457500 0.951068 0.018642
1.462500 0.943632 0.018294
1.467500 0.943593 0.020157
1.472500 0.946720 0.021842
1.477500 0.943439 0.023180
1.482500 0.934219 0.029371
1.487500 0.926025 0.019625
1.492500 0.910279 0.010079
1.497500 0.907921 0.015249
1.502500 0.922171 0.011973
1.507500 0.949345 0.014501
1.512500 0.956435 0.006562
1.517500 0.962663 0.006006
1.522500 0.961194 0.005360
1.527500 0.964282 0.004617
1.532500 0.966200 0.008127
1.537500 0.967399 0.008036
1.542500 0.966736 0.009168
1.547500 0.974639 0.005982
1.552500 0.976492 0.006744
1.557500 0.982233 0.005464
1.562500 0.949072 0.025118
1.567500 0.939579 0.020358
1.572500 0.934025 0.012703
1.577500 0.942188 0.018043
1.582500 0.945627 0.019903
1.587500 0.941055 0.014426
1.592500 0.943229 0.014994
1.597500 0.953852 0.019214
1.602500 0.959234 0.018262
1.607500 0.979976 0.021095
1.612500 0.982230 0.020010
1.617500 0.962316 0.017646
1.622500 0.974141 0.025485
1.627500 0.966016 0.023377
1.632500 0.959035 0.014676
1.637500 0.965549 0.011903
1.642500 0.970810 0.015823
1.647500 0.972173 0.014595
1.652500 0.971675 0.026014
1.657500 0.983179 0.019193
1.662500 0.987808 0.022295
1.667500 0.988473 0.012673
1.672500 0.996175 0.012278
1.677500 0.991003 0.011469
1.682500 0.998991 0.013516
1.687500 1.008657 0.016750
1.692500 1.016465 0.018233
1.697500 1.019092 0.015106
1.702500 1.030633 0.010799
1.707500 1.042174 0.009404
1.712500 1.037351 0.013198
1.717500 1.025375 0.026437
1.722500 1.025774 0.025626
1.727500 1.032379 0.027185
1.732500 1.032528 0.027052
1.737500 1.031890 0.028320
1.742500 1.031248 0.023859
1.747500 1.025284 0.017872
1.752500 1.029501 0.014465
1.757500 1.037013 0.011072
1.762500 1.039872 0.011731
1.767500 1.054210 0.014154
1.772500 1.058467 0.017162
1.777500 1.055259 0.019004
1.782500 1.047587 0.013999
1.787500 1.043341 0.010332
1.792500 1.029534 0.017829
1.797500 1.021757 0.026629
1.802500 1.023426 0.025099
1.807500 1.043622 0.018266
1.812500 1.043889 0.017230
1.817500 1.054714 0.011907
1.822500 1.047541 0.013969
1.827500 1.044159 0.015523
1.832500 1.046381 0.017016
1.837500 1.049071 0.018686
1.842500 1.054370 0.017717
1.847500 1.054377 0.019382
1.852500 1.063004 0.016864
1.857500 1.068265 0.019121
1.862500 1.072959 0.013944
1.867500 1.071763 0.006405
1.872500 1.064545 0.008616
1.877500 1.067888 0.007448
1.882500 1.068109 0.013101
1.887500 1.073603 0.014812
1.892500 1.087012 0.011234
1.897500 1.088252 0.008833
1.902500 1.086763 0.009579
1.907500 1.078687 0.021542
1.912500 1.065018 0.021928
1.917500 1.059283 0.022495
1.922500 1.045091 0.017461
1.927500 1.049856 0.025832
1.932500 1.048568 0.008104
1.937500 1.044345 0.013117
1.942500 1.021646 0.013471
1.947500 1.017197 0.022845
1.952500 1.028314 0.018896
1.957500 1.014232 0.014123
1.962500 0.992161 0.028057
1.967500 0.990634 0.026044
1.972500 0.978613 0.017439
1.977500 0.971177 0.013032
1.982500 0.958211 0.019527
1.987500 0.966627 0.018927
1.992500 0.964629 0.013491
1.997500 0.950374 0.019485
2.002500 0.948000 0.017194
2.007500 0.955126 0.022165
2.012500 0.953302 0.023904
2.017500 0.950022 0.031349
2.022500 0.948759 0.033891
2.027500 0.943925 0.028616
2.032500 0.952903 0.014557
2.037500 0.957684 0.015236
2.042500 0.961690 0.013704
2.047500 0.961500 0.018656
2.052500 0.961353 0.016966
2.057500 0.966077 0.018834
2.062500 0.967438 0.013805
2.067500 0.960227 0.005966
2.072500 0.949504 0.014114
2.077500 0.957807 0.015947
2.082500 0.974582 0.017461
2.087500 0.991149 0.015791
2.092500 0.995252 0.014157
2.097500 0.991085 0.018771
2.102500 1.006615 0.022133
2.107500 1.013029 0.017514
2.112500 1.013921 0.013951
2.117500 1.018223 0.016915
2.122500 1.023152 0.017536
2.127500 1.037489 0.017163
2.132500 1.045710 0.018537
2.137500 1.044065 0.016766
2.142500 1.038885 0.018514
2.147500 1.044725 0.011045
2.152500 1.054936 0.008856
2.157500 1.063105 0.005788
2.162500 1.079041 0.011379
2.167500 1.081207 0.008595
2.172500 1.084074 0.008201
2.177500 1.084339 0.006167
2.182500 1.076889 0.004936
2.187500 1.077389 0.004013
2.192500 1.058224 0.009061
2.197500 1.067495 0.013406
2.202500 1.058752 0.014013
2.207500 1.067931 0.011692
2.212500 1.079507 0.011553
2.217500 1.082997 0.013285
2.222500 1.096519 0.009042
2.227500 1.098317 0.005597
2.232500 1.095021 0.004070
2.237500 1.101777 0.003224
2.242500 1.089964 0.007381
2.247500 1.087273 0.007598
2.252500 1.095955 0.009714
2.257500 1.090198 0.012741
2.262500 1.087813 0.015304
2.267500 1.076688 0.016920
2.272500 1.070760 0.012422
2.277500 1.073824 0.012307
2.282500 1.067448 0.014931
2.287500 1.077413 0.014773
2.292500 1.085964 0.011606
2.297500 1.095012 0.008057
2.302500 1.090828 0.017062
2.307500 1.091359 0.013069
2.312500 1.085785 0.015257
2.317500 1.089954 0.024882
2.322500 1.111967 0.008815
2.327500 1.086537 0.024255
2.332500 1.099216 0.018928
2.337500 1.112181 0.016339
2.342500 1.101751 0.017384
2.347500 1.092064 0.018264
2.352500 1.085722 0.024418
2.357500 1.061331 0.016627
2.362500 1.063493 0.021841
2.367500 1.063437 0.018113
2.372500 1.089941 0.012026
2.377500 1.073567 0.011400
2.382500 1.073084 0.013435
2.387500 1.056122 0.029897
2.392500 1.035827 0.038815
2.397500 1.036178 0.047255
2.402500 1.048629 0.027770
2.407500 1.075572 0.005776
2.412500 1.053943 0.018655
2.417500 1.006792 0.022719
2.422500 1.035054 0.024342
2.427500 1.036906 0.026183
2.432500 1.031384 0.032762
2.437500 1.025720 0.012214
2.442500 1.013943 0.017607
2.447500 1.011267 0.011383
2.452500 1.023211 0.007409
2.457500 1.037620 0.007756
2.462500 1.058632 0.017538
2.467500 1.054745 0.026540
2.472500 1.047464 0.021725
2.477500 1.023055 0.018021
2.482500 1.021311 0.019330
2.487500 1.015196 0.020759
2.492500 0.988196 0.033259
2.497500 0.984461 0.002692
2.502500 0.991278 0.010361
2.507500 0.989250 0.028984
2.512500 1.014146 0.015667
2.517500 1.009855 0.007960
2.522500 1.000402 0.010040
2.527500 1.005356 0.013644
2.532500 1.018285 0.008164
2.537500 1.031266 0.002732
2.542500 1.042315 0.004157
2.547500 1.030515 0.026939
2.552500 1.013737 0.025901
2.557500 1.011716 0.028228
2.562500 1.021598 0.027217
2.567500 1.010799 0.037723
2.572500 0.999523 0.034959
2.577500 0.999291 0.024945
2.582500 1.022126 0.010067
2.587500 1.016765 0.009441
2.592500 1.003672 0.027407
2.597500 0.989535 0.013566
2.602500 0.991762 0.016355
2.607500 0.990784 0.027404
2.612500 0.998539 0.025984
2.617500 1.017165 0.012127
2.622500 1.000000 0.025746
2.627500 1.001300 0.019634
2.632500 0.997443 0.021452
2.637500 1.000927 0.016492
2.642500 1.007706 0.015089
2.647500 0.993743 0.007893
2.652500 0.989484 0.011563
2.657500 0.985241 0.007619
2.662500 0.979163 0.012901
2.667500 0.959576 0.023708
2.672500 0.952396 0.016918
2.677500 0.951273 0.009585
2.682500 0.959454 0.003593
2.687500 0.945819 0.006793
2.692500 0.949542 0.009833
2.697500 0.941384 0.006897
2.702500 0.906808 0.034493
2.707500 0.882684 0.013267
2.712500 0.884543 0.009216
2.717500 0.896779 0.010722
2.722500 0.885293 0.019756
2.727500 0.871745 0.010969
2.732500 0.848987 0.004626
2.737500 0.833920 0.028884
2.742500 0.796721 0.024614
2.747500 0.779583 0.014440
2.752500 0.771005 0.015362
2.757500 0.765023 0.012209
2.762500 0.736299 0.019751
2.767500 0.718961 0.021625
2.772500 0.690461 0.020868
2.777500 0.650581 0.006214
2.782500 0.635201 0.012598
2.787500 0.613494 0.019459
2.792500 0.614378 0.017890
2.797500 0.626484 0.008639
2.802500 0.597860 0.014307
2.807500 0.552273 0.002663
2.812500 0.522553 0.012407
2.817500 0.513767 0.003819
2.822500 0.499886 0.019532
2.827500 0.485959 0.007896
2.832500 0.456612 0.014041
2.837500 0.440341 0.006243
2.842500 0.409774 0.012760
2.847500 0.395855 0.005423
2.852500 0.387063 0.010294
2.857500 0.387788 0.017354
2.862500 0.373971 0.019908
2.867500 0.364254 0.008643
2.872500 0.348694 0.002634
2.877500 0.356130 0.001482
2.882500 0.356102 0.008569
2.887500 0.354489 0.007687
2.892500 0.350723 0.004073
2.897500 0.344682 0.010050
2.902500 0.311601 0.007285
2.907500 0.290733 0.016040
2.912500 0.272391 0.007433
2.917500 0.266313 0.002010
2.922500 0.259556 0.005118
2.927500 0.269963 0.013034
2.932500 0.271419 0.014892
2.937500 0.269043 0.019285
2.942500 0.255328 0.016255
2.947500 0.248613 0.010145
2.952500 0.251643 0.005706
2.957500 0.255145 0.002215
2.962500 0.242268 0.017686
2.967500 0.250904 0.019017
2.972500 0.258196 0.012543
2.977500 0.250193 0.007889
2.982500 0.247283 0.016119
2.987500 0.238838 0.013182
2.992500 0.257453 0.011010
2.997500 0.262912 0.006889
3.002500 0.269035 0.004241
3.007500 0.250775 0.009774
3.012500 0.239768 0.004173
3.017500 0.221563 0.012446
3.022500 0.211080 0.002867
3.027500 0.226086 0.017341
3.032500 0.235490 0.018838
3.037500 0.238575 0.015172
3.042500 0.245733 0.010964
3.047500 0.234252 0.004258
3.052500 0.244407 0.010500
3.057500 0.249995 0.007228
3.062500 0.258866 0.005359
3.067500 0.248954 0.009352
3.072500 0.259111 0.012625
3.077500 0.280839 0.009293
3.082500 0.296141 0.011090
3.087500 0.306793 0.010455
3.092500 0.290008 0.011168
3.097500 0.296881 0.008681
3.102500 0.316520 0.007829
3.107500 0.323768 0.018043
3.112500 0.308089 0.023024
3.117500 0.321194 0.040937
3.122500 0.324844 0.017805
3.127500 0.307069 0.003885
3.132500 0.298160 0.011816
3.137500 0.288964 0.011256
3.142500 0.279727 0.009482
3.147500 0.294662 0.009916
3.152500 0.308896 0.005657
3.157500 0.302917 0.015938
3.162500 0.282229 0.036511
3.167500 0.295993 0.023733
3.172500 0.298471 0.008396
3.177500 0.297144 0.005703
3.182500 0.295988 0.003762
3.187500 0.283710 0.003965
3.192500 0.294841 0.009306
3.197500 0.307730 0.022791
3.202500 0.306949 0.012774
3.207500 0.300712 0.005358
3.212500 0.285238 0.010672
3.217500 0.275248 0.007882
3.222500 0.289818 0.011032
3.227500 0.304581 0.012276
3.232500 0.327014 0.010828
3.237500 0.338940 0.007771
3.242500 0.353555 0.013857
3.247500 0.344432 0.021355
3.252500 0.341333 0.016893
3.257500 0.359018 0.006728
3.262500 0.385617 0.011711
3.267500 0.415899 0.021202
3.272500 0.402215 0.014030
3.277500 0.415888 0.013287
3.282500 0.434761 0.023101
3.287500 0.450691 0.011149
3.292500 0.455702 0.005604
3.297500 0.470895 0.024220
3.302500 0.471855 0.041294
3.307500 0.485721 0.052790
3.312500 0.546056 0.022030
3.317500 0.572623 0.026343
3.322500 0.595493 0.036216
3.327500 0.626438 0.043807
3.332500 0.640741 0.015412
3.337500 0.597964 0.012807
3.342500 0.595716 0.015259
3.347500 0.599824 0.009180
3.352500 0.639686 0.014433
3.357500 0.637753 0.006166
3.362500 0.670091 0.031071
3.367500 0.678659 0.024331
3.372500 0.669425 0.028337
3.377500 0.685871 0.036308
3.382500 0.737544 0.029027
3.387500 0.748084 0.024317
3.392500 0.773685 0.027346
3.397500 0.772137 0.020782
3.402500 0.792712 0.016757
3.407500 0.804948 0.006270
3.412500 0.765850 0.034322
3.417500 0.792054 0.039005
3.422500 0.841669 0.006421
3.427500 0.839676 0.008497
3.432500 0.883143 0.006919
3.437500 0.869936 0.019425
3.442500 0.845826 0.028756
3.447500 0.871515 0.020447
3.452500 0.880858 0.034027
3.457500 0.866260 0.015854
3.462500 0.871306 0.031454
3.467500 0.873839 0.049004
3.472500 0.883281 0.034229
3.477500 0.871867 0.006202
3.482500 0.974225 0.018772
3.487500 0.958447 0.035200
3.492500 0.915521 0.034482
3.497500 0.940177 0.022360
3.502500 0.984555 0.037802
3.507500 0.991715 0.031956
3.512500 0.975227 0.014977
3.517500 0.981030 0.007124
3.522500 0.971683 0.008456
3.527500 1.017072 0.016827
3.532500 0.991440 0.009347
3.537500 0.985617 0.017972
3.542500 1.019321 0.016384
3.547500 0.956887 0.003808
3.552500 0.955405 0.013975
3.557500 0.981771 0.030890
3.562500 1.026198 0.030595
3.567500 1.076990 0.006072
3.572500 1.070391 0.012566
3.577500 1.060163 0.007626
3.582500 1.082286 0.007347
3.587500 1.042931 0.009835
3.592500 1.037778 0.003845
3.597500 1.054032 0.009914
3.602500 1.033601 0.045256
3.607500 1.062267 0.053550
3.612500 1.044550 0.040101
3.617500 1.067388 0.026908
3.622500 1.047299 0.007985
3.627500 1.063527 0.019214
3.632500 1.059482 0.014229
3.637500 1.058892 0.006975
3.642500 1.058947 0.012903
3.647500 1.057200 0.014286
3.652500 1.099490 0.014031
3.657500 1.094320 0.021319
3.662500 1.066715 0.011152
3.667500 1.041000 0.035593
3.672500 1.048408 0.018639
3.677500 1.051020 0.019196
3.682500 1.041378 0.006187
3.687500 1.032339 0.019785
3.692500 1.015906 0.006159
3.697500 1.015023 0.008698
3.702500 0.985940 0.008408
3.707500 0.952214 0.026937
3.712500 0.926607 0.016745
3.717500 0.933930 0.031078
3.722500 0.940435 0.026742
3.727500 0.983781 0.023860
3.732500 0.956130 0.015450
3.737500 0.948624 0.019589
3.742500 0.978791 0.004507
3.747500 0.999979 0.008705
3.752500 0.945576 0.015182
3.757500 0.917433 0.022974
3.762500 0.912693 0.020148
3.767500 0.926389 0.008887
3.772500 0.955351 0.049694
3.777500 0.926217 0.043038
3.782500 0.916329 0.009012
3.787500 0.923118 0.011333
3.792500 0.912174 0.019606
3.797500 0.917194 0.022527
3.802500 0.908015 0.035933
3.807500 0.870885 0.071039
3.812500 0.930286 0.040137
3.817500 0.943475 0.022869
3.822500 0.872749 0.016468
3.827500 0.860916 0.015816
3.832500 0.858443 0.017154
3.837500 0.835748 0.014499
3.842500 0.817628 0.030252
3.847500 0.844436 0.033237
3.852500 0.895355 0.016507
3.857500 0.912877 0.034875
3.862500 0.858261 0.035008
3.867500 0.834214 0.012554
3.872500 0.841714 0.037865
3.877500 0.856658 0.044476
3.882500 0.873821 0.030307
3.887500 0.848670 0.017091
3.892500 0.854613 0.024589
3.897500 0.855750 0.007705
3.902500 0.819518 0.021786
3.907500 0.775042 0.027371
3.912500 0.806196 0.010603
3.917500 0.809802 0.030043
3.922500 0.759586 0.050912
3.927500 0.748440 0.035994
3.932500 0.762699 0.014385
3.937500 0.746730 0.021010
3.942500 0.698458 0.034267
3.947500 0.722258 0.022897
3.952500 0.720001 0.015463
3.957500 0.736722 0.029753
3.962500 0.697685 0.056588
3.967500 0.689497 0.060951
3.972500 0.712939 0.026449
3.977500 0.720820 0.031907
3.982500 0.700723 0.017451
3.987500 0.691890 0.016616
3.992500 0.676053 0.014990
3.997500 0.667839 0.009896
4.002500 0.697371 0.009782
4.007500 0.705374 0.058750
4.012500 0.709647 0.055106
4.017500 0.609770 0.093101
4.022500 0.563572 0.123554
4.027500 0.671972 0.013870
4.032500 0.705778 0.011285
4.037500 0.703068 0.018225
4.042500 0.627268 0.033536
4.047500 0.601647 0.027258
4.052500 0.637543 0.044133
4.057500 0.634985 0.065280
4.062500 0.653245 0.044823
4.067500 0.677873 0.017841
4.072500 0.744325 0.038364
4.077500 0.697276 0.055396
4.082500 0.591319 0.023913
4.087500 0.570834 0.030938
4.092500 0.639137 0.039816
4.097500 0.708579 0.040029
4.102500 0.680594 0.052114
4.107500 0.655606 0.039373
4.112500 0.637334 0.028552
4.117500 0.695850 0.065540
4.122500 0.736731 0.033794
4.127500 0.711638 0.027578
4.132500 0.721743 0.056410
4.137500 0.725449 0.067131
4.142500 0.675885 0.035182
4.147500 0.577578 0.034744
4.152500 0.637335 0.085086
4.157500 0.670495 0.054675
4.162500 0.678074 0.039059
4.167500 0.671152 0.053282
4.172500 0.647826 0.047541
4.177500 0.623993 0.046662
4.182500 0.638783 0.062839
4.187500 0.600399 0.010746
4.192500 0.577899 0.010720
4.197500 0.562347 0.035548
4.202500 0.552955 0.042190
4.207500 0.533482 0.047330
4.212500 0.501648 0.026265
4.217500 0.518448 0.053923
4.222500 0.519551 0.084420
4.227500 0.558248 0.075911
4.232500 0.484404 0.018022
4.237500 0.423574 0.026966
4.242500 0.455643 0.036684
4.247500 0.389472 0.050573
4.252500 0.428568 0.042974
4.257500 0.418385 0.071411
4.262500 0.393811 0.059032
4.267500 0.343947 0.028196
4.272500 0.324718 0.017920
4.277500 0.334385 0.036175
4.282500 0.307307 0.026836
4.287500 0.399210 0.037828
4.292500 0.500867 0.049821
4.297500 0.510343 0.094179
4.302500 0.439117 0.124674
4.307500 0.492936 0.065637
4.312500 0.545152 0.068986
4.317500 0.535468 0.068931
4.322500 0.517649 0.043938
4.327500 0.496263 0.024316
4.332500 0.612709 0.056096
4.337500 0.582936 0.031104
4.342500 0.605525 0.020788
4.347500 0.654635 0.012825
4.352500 0.598865 0.044165
4.357500 0.562098 0.047968
4.362500 0.487454 0.013536
4.367500 0.445413 0.024640
4.372500 0.478340 0.041843
4.377500 0.488143 0.039451
4.382500 0.468020 0.013253
4.387500 0.448707 0.030866
4.392500 0.431928 0.013016
4.397500 0.484748 0.015990
4.402500 0.473443 0.046243
4.407500 0.370131 0.055326
4.412500 0.397532 0.056205
4.417500 0.474208 0.054045
4.422500 0.454156 0.005093
4.427500 0.441853 0.034065
4.432500 0.480087 0.031067
4.437500 0.415031 0.041201
4.442500 0.381048 0.001051
4.447500 0.449661 0.023986
4.452500 0.479191 0.010268
4.457500 0.450608 0.043473
4.462500 0.454256 0.031276
4.467500 0.428752 0.048828
4.472500 0.381826 0.039803
4.477500 0.372671 0.044816
4.482500 0.376282 0.029650
4.487500 0.363235 0.026258
4.492500 0.408562 0.041075
4.497500 0.447744 0.071353
4.502500 0.512570 0.068174
4.507500 0.481103 0.107865
4.512500 0.397849 0.087341
4.517500 0.473136 0.041511
4.522500 0.538283 0.040332
4.527500 0.508838 0.062390
4.532500 0.585646 0.039687
4.537500 0.507220 0.018313
4.542500 0.392031 0.051819
4.547500 0.460779 0.083539
4.552500 0.501481 0.149120
4.557500 0.603639 0.141485
4.562500 0.517769 0.106810
4.567500 0.456552 0.066913
4.572500 0.399026 0.021644
4.577500 0.531383 0.028538
4.582500 0.625421 0.027847
4.587500 0.531386 0.041208
4.592500 0.414225 0.038287
4.597500 0.457965 0.012038
4.602500 0.575613 0.041329
4.607500 0.565651 0.035052
4.612500 0.517646 0.034663
4.617500 0.464652 0.010739
4.622500 0.462993 0.016858
4.627500 0.434233 0.014352
4.632500 0.432154 0.057291
4.637500 0.369081 0.012739
4.642500 0.375282 0.014631
4.647500 0.372672 0.031286
4.652500 0.414623 0.055085
4.657500 0.490166 0.041765
4.662500 0.506406 0.036827
4.667500 0.495799 0.047631
4.672500 0.353363 0.049995
4.677500 0.346564 0.034928
4.682500 0.407812 0.063128
4.687500 0.339072 0.059817
4.692500 0.443295 0.043494
4.697500 0.582171 0.051235
4.702500 0.623989 0.072513
4.707500 0.526710 0.048393
4.712500 0.508026 0.035935
4.717500 0.528227 0.048071
4.722500 0.482982 0.029111
4.727500 0.545024 0.112159
4.732500 0.526438 0.074448
4.737500 0.491076 0.001724
4.742500 0.595089 0.021538
4.747500 0.627034 0.039472
4.752500 0.620361 0.068288
4.757500 0.538210 0.072705
4.762500 0.646650 0.015096
4.767500 0.771530 0.018624
4.772500 0.823550 0.026581
4.777500 0.646978 0.033706
4.782500 0.743232 0.022547
4.787500 0.719309 0.053410
4.792500 0.598185 0.043454
4.797500 0.571019 0.038705
4.802500 0.669005 0.060608
4.807500 0.859917 0.005597
4.812500 0.753889 0.074300
4.817500 0.770009 0.077929
4.822500 0.765912 0.020340
4.827500 0.633985 0.039164
4.832500 0.736930 0.061558
4.837500 0.697358 0.076640
4.842500 0.728930 0.088524
4.847500 0.746697 0.049196
4.852500 0.755066 0.043966
4.857500 0.782727 0.080711
4.862500 0.791214 0.056999
4.867500 0.632314 0.013256
4.872500 0.685668 0.037492
4.877500 0.790364 0.060936
4.882500 0.757932 0.042768
4.887500 0.663927 0.096380
4.892500 0.729636 0.089645
4.897500 0.723646 0.056251
4.902500 0.740313 0.022779
4.907500 0.658343 0.029234
4.912500 0.551247 0.141024
4.917500 0.619324 0.152387
4.922500 0.682168 0.049926
4.927500 0.767261 0.009516
4.932500 0.830866 0.084949
4.937500 0.662144 0.095414
4.942500 0.720971 0.064565
4.947500 0.767681 0.173745
4.952500 0.729621 0.087160
4.957500 0.753018 0.038194
4.962500 0.768429 0.011120
4.967500 0.715423 0.030959
4.972500 0.675756 0.041182
4.977500 0.553756 0.088268
4.982500 0.759505 0.105069
4.987500 0.839509 0.082113
4.992500 0.775405 0.127499
4.997500 0.698359 0.065365
5.002500 0.648627 0.057172
5.007500 0.665996 0.031443
5.012500 0.752138 0.008051
5.017500 0.835495 0.108486
5.022500 0.771517 0.098085
5.027500 0.765151 0.051762
5.032500 0.878123 0.047986
5.037500 0.783739 0.047742
5.042500 0.710090 0.128222
5.047500 0.942393 0.031012
5.052500 0.938399 0.176193
5.057500 0.628549 0.043012
5.062500 0.695164 0.068746
5.067500 0.810879 0.009214
5.072500 0.759875 0.020103
5.077500 0.703700 0.069227
5.082500 0.661317 0.027693
5.087500 0.581171 0.060849
5.092500 0.663839 0.026876
5.097500 0.549653 0.079390
