# DATE = 2025-03-12
# PIPE_VER = 1.17.1
# PMAP = jwst_1322.pmap
# STANDARD_STAR = SNAP-2
# 
# Wavelength (microns), arbitrary reflectance, uncertainty
0.702500 0.816271 0.012934
0.707500 0.815668 0.008412
0.712500 0.828190 0.011324
0.717500 0.835884 0.017199
0.722500 0.832576 0.005739
0.727500 0.833241 0.008261
0.732500 0.851743 0.014775
0.737500 0.848720 0.010857
0.742500 0.854245 0.013528
0.747500 0.859351 0.005802
0.752500 0.859188 0.012573
0.757500 0.864364 0.009035
0.762500 0.873268 0.008214
0.767500 0.887977 0.009211
0.772500 0.882791 0.015366
0.777500 0.883252 0.007843
0.782500 0.889495 0.008840
0.787500 0.875528 0.016091
0.792500 0.879520 0.011720
0.797500 0.878865 0.008565
0.802500 0.900463 0.006445
0.807500 0.901005 0.012393
0.812500 0.898958 0.007040
0.817500 0.897920 0.007526
0.822500 0.909786 0.009702
0.827500 0.911207 0.009488
0.832500 0.921011 0.012919
0.837500 0.930368 0.010182
0.842500 0.922435 0.009132
0.847500 0.921996 0.013651
0.852500 0.928491 0.005840
0.857500 0.920911 0.010276
0.862500 0.925483 0.007816
0.867500 0.926984 0.008733
0.872500 0.945444 0.013088
0.877500 0.943774 0.014717
0.882500 0.945794 0.013314
0.887500 0.949608 0.010101
0.892500 0.952729 0.008358
0.897500 0.956487 0.008526
0.902500 0.961929 0.006262
0.907500 0.962064 0.009328
0.912500 0.961934 0.010997
0.917500 0.964063 0.016033
0.922500 0.974958 0.011963
0.927500 0.975380 0.011364
0.932500 0.979235 0.009211
0.937500 0.977565 0.009316
0.942500 0.984057 0.009092
0.947500 0.979406 0.011364
0.952500 0.974401 0.010887
0.957500 0.978792 0.008527
0.962500 0.981501 0.005201
0.967500 0.989419 0.013998
0.972500 0.992802 0.017357
0.977500 0.991888 0.015060
0.982500 0.997435 0.013442
0.987500 1.002649 0.009500
0.992500 1.001737 0.009318
0.997500 1.005310 0.010520
1.002500 1.003287 0.012804
1.007500 1.014394 0.009741
1.012500 1.007617 0.012781
1.017500 1.006628 0.014841
1.022500 1.013528 0.014264
1.027500 1.015447 0.013644
1.032500 1.021094 0.009768
1.037500 1.020028 0.012231
1.042500 1.013832 0.011203
1.047500 1.008862 0.011213
1.052500 1.010637 0.013491
1.057500 1.014658 0.015015
1.062500 1.016007 0.016607
1.067500 1.017697 0.021559
1.072500 1.019405 0.020308
1.077500 1.024400 0.016479
1.082500 1.031118 0.013618
1.087500 1.035954 0.012769
1.092500 1.037272 0.014894
1.097500 1.031859 0.016730
1.102500 1.033686 0.019184
1.107500 1.043031 0.013226
1.112500 1.039648 0.015076
1.117500 1.046822 0.014743
1.122500 1.049015 0.012042
1.127500 1.056661 0.010550
1.132500 1.059886 0.012609
1.137500 1.054800 0.014580
1.142500 1.057081 0.012885
1.147500 1.052793 0.010627
1.152500 1.046179 0.014208
1.157500 1.049903 0.012373
1.162500 1.051504 0.012852
1.167500 1.060674 0.011760
1.172500 1.062630 0.010394
1.177500 1.063728 0.010524
1.182500 1.072658 0.011911
1.187500 1.074693 0.012306
1.192500 1.078202 0.011961
1.197500 1.078186 0.011708
1.202500 1.073734 0.012674
1.207500 1.068705 0.012442
1.212500 1.071930 0.011282
1.217500 1.068862 0.010089
1.222500 1.060705 0.011326
1.227500 1.055952 0.011752
1.232500 1.062793 0.007400
1.237500 1.068661 0.011198
1.242500 1.072991 0.017491
1.247500 1.085063 0.009985
1.252500 1.061224 0.022789
1.257500 1.062821 0.016075
1.262500 1.051353 0.016525
1.267500 1.049319 0.017503
1.272500 1.046234 0.017491
1.277500 1.054587 0.007872
1.282500 1.045773 0.017455
1.287500 1.066220 0.010630
1.292500 1.076237 0.008241
1.297500 1.075494 0.005444
1.302500 1.075786 0.007873
1.307500 1.070089 0.014454
1.312500 1.054921 0.014040
1.317500 1.040036 0.014958
1.322500 1.045372 0.019766
1.327500 1.045695 0.018378
1.332500 1.055635 0.017910
1.337500 1.065099 0.019121
1.342500 1.055500 0.013798
1.347500 1.056513 0.014769
1.352500 1.073885 0.020038
1.357500 1.084712 0.019420
1.362500 1.093396 0.018864
1.367500 1.095367 0.019108
1.372500 1.084470 0.015400
1.377500 1.079002 0.014070
1.382500 1.085781 0.009292
1.387500 1.084610 0.009391
1.392500 1.081372 0.007381
1.397500 1.079546 0.010565
1.402500 1.071696 0.016101
1.407500 1.073506 0.015424
1.412500 1.076390 0.017935
1.417500 1.085027 0.013339
1.422500 1.088375 0.014104
1.427500 1.092739 0.013349
1.432500 1.090962 0.009713
1.437500 1.083119 0.013990
1.442500 1.081645 0.014663
1.447500 1.082323 0.013563
1.452500 1.086009 0.014888
1.457500 1.089799 0.012482
1.462500 1.086690 0.013852
1.467500 1.086120 0.013576
1.472500 1.087670 0.010172
1.477500 1.084298 0.014522
1.482500 1.086121 0.015241
1.487500 1.090245 0.015974
1.492500 1.081920 0.023141
1.497500 1.083000 0.021848
1.502500 1.079880 0.021996
1.507500 1.084458 0.024010
1.512500 1.083255 0.017498
1.517500 1.082151 0.024047
1.522500 1.080942 0.022946
1.527500 1.082570 0.021986
1.532500 1.085860 0.017951
1.537500 1.088015 0.012609
1.542500 1.083293 0.014330
1.547500 1.088189 0.014282
1.552500 1.087987 0.008898
1.557500 1.086489 0.011785
1.562500 1.084388 0.015811
1.567500 1.084674 0.013766
1.572500 1.070781 0.008777
1.577500 1.084674 0.012314
1.582500 1.069504 0.012015
1.587500 1.085275 0.009203
1.592500 1.090306 0.008630
1.597500 1.089056 0.011313
1.602500 1.085330 0.014266
1.607500 1.086520 0.014826
1.612500 1.081331 0.017619
1.617500 1.083375 0.019907
1.622500 1.077042 0.025006
1.627500 1.076984 0.021047
1.632500 1.083696 0.013379
1.637500 1.084248 0.014442
1.642500 1.081620 0.012169
1.647500 1.082396 0.014073
1.652500 1.078065 0.015749
1.657500 1.066991 0.019717
1.662500 1.082503 0.031375
1.667500 1.067919 0.033343
1.672500 1.077942 0.034696
1.677500 1.082503 0.032333
1.682500 1.085852 0.023956
1.687500 1.087981 0.020060
1.692500 1.086006 0.013732
1.697500 1.084366 0.016108
1.702500 1.086396 0.019026
1.707500 1.095855 0.020740
1.712500 1.095543 0.020180
1.717500 1.092996 0.026580
1.722500 1.095304 0.026912
1.727500 1.097218 0.020342
1.732500 1.085384 0.018435
1.737500 1.092481 0.016614
1.742500 1.091636 0.015730
1.747500 1.096140 0.010691
1.752500 1.096617 0.004697
1.757500 1.097723 0.007351
1.762500 1.098788 0.004611
1.767500 1.076856 0.021115
1.772500 1.095503 0.006729
1.777500 1.088142 0.009429
1.782500 1.084775 0.010598
1.787500 1.090206 0.010948
1.792500 1.084886 0.018157
1.797500 1.072625 0.033886
1.802500 1.074890 0.029901
1.807500 1.073904 0.017171
1.812500 1.077495 0.010278
1.817500 1.083942 0.009345
1.822500 1.086963 0.007372
1.827500 1.081000 0.005843
1.832500 1.072045 0.013398
1.837500 1.065711 0.019726
1.842500 1.075713 0.019185
1.847500 1.076275 0.024066
1.852500 1.078464 0.022879
1.857500 1.082351 0.019114
1.862500 1.089371 0.014321
1.867500 1.089351 0.011331
1.872500 1.071173 0.030089
1.877500 1.075919 0.030610
1.882500 1.076339 0.024082
1.887500 1.077463 0.020912
1.892500 1.083119 0.018665
1.897500 1.084016 0.017102
1.902500 1.085449 0.015027
1.907500 1.091462 0.012177
1.912500 1.097454 0.008456
1.917500 1.091905 0.010853
1.922500 1.077576 0.016659
1.927500 1.054735 0.018099
1.932500 1.054240 0.022187
1.937500 1.064418 0.018660
1.942500 1.066383 0.009305
1.947500 1.070325 0.011964
1.952500 1.073936 0.011389
1.957500 1.069124 0.009870
1.962500 1.055170 0.013685
1.967500 1.052067 0.014995
1.972500 1.069071 0.008470
1.977500 1.053991 0.017437
1.982500 1.046552 0.015276
1.987500 1.043782 0.019966
1.992500 1.049585 0.015779
1.997500 1.043396 0.011755
2.002500 1.043403 0.011634
2.007500 1.047275 0.011985
2.012500 1.063438 0.016277
2.017500 1.062126 0.022908
2.022500 1.050510 0.034065
2.027500 1.055958 0.028774
2.032500 1.047552 0.019778
2.037500 1.046514 0.022877
2.042500 1.056068 0.020259
2.047500 1.068986 0.019738
2.052500 1.044079 0.020670
2.057500 1.046097 0.014937
2.062500 1.052445 0.018187
2.067500 1.046766 0.019979
2.072500 1.063598 0.022636
2.077500 1.059984 0.027268
2.082500 1.061828 0.025330
2.087500 1.061642 0.020447
2.092500 1.060129 0.023881
2.097500 1.056767 0.028858
2.102500 1.039076 0.009740
2.107500 1.037049 0.006983
2.112500 1.040738 0.003295
2.117500 1.051228 0.007155
2.122500 1.067393 0.018556
2.127500 1.068958 0.024348
2.132500 1.069803 0.024387
2.137500 1.059697 0.015333
2.142500 1.060620 0.017866
2.147500 1.075136 0.015597
2.152500 1.078452 0.018315
2.157500 1.080191 0.013216
2.162500 1.086547 0.010234
2.167500 1.089199 0.013469
2.172500 1.079848 0.011105
2.177500 1.075290 0.007828
2.182500 1.072968 0.010395
2.187500 1.082101 0.012323
2.192500 1.086386 0.014244
2.197500 1.084402 0.018866
2.202500 1.079473 0.019066
2.207500 1.082736 0.014159
2.212500 1.076256 0.019741
2.217500 1.080217 0.020054
2.222500 1.081459 0.015366
2.227500 1.073497 0.017290
2.232500 1.073616 0.014673
2.237500 1.076814 0.016960
2.242500 1.077608 0.016439
2.247500 1.080831 0.014691
2.252500 1.091925 0.012725
2.257500 1.073406 0.004391
2.262500 1.067926 0.013177
2.267500 1.051660 0.026149
2.272500 1.052246 0.025453
2.277500 1.053525 0.022303
2.282500 1.057779 0.016044
2.287500 1.069081 0.017889
2.292500 1.053872 0.007556
2.297500 1.057766 0.009286
2.302500 1.061422 0.002665
2.307500 1.032616 0.027981
2.312500 1.026222 0.031866
2.317500 1.014831 0.021056
2.322500 1.054881 0.017359
2.327500 1.055729 0.010416
2.332500 1.058242 0.013138
2.337500 1.063756 0.007780
2.342500 1.045731 0.005699
2.347500 1.027283 0.010019
2.352500 1.029006 0.008584
2.357500 1.049330 0.012674
2.362500 1.047213 0.014593
2.367500 1.051854 0.013305
2.372500 1.058490 0.011406
2.377500 1.058371 0.002491
2.382500 1.063309 0.002752
2.387500 1.062687 0.005616
2.392500 1.063809 0.003585
2.397500 1.046434 0.014744
2.402500 1.052325 0.016381
2.407500 1.054849 0.009229
2.412500 1.044890 0.020213
2.417500 1.048808 0.017602
2.422500 1.042204 0.009239
2.427500 1.031747 0.011523
2.432500 1.036576 0.011265
2.437500 1.036759 0.008289
2.442500 1.027901 0.011099
2.447500 1.028798 0.009160
2.452500 1.037682 0.008181
2.457500 1.037839 0.008236
2.462500 1.045800 0.010316
2.467500 1.060004 0.002758
2.472500 1.055382 0.007976
2.477500 1.041847 0.012248
2.482500 1.034144 0.003674
2.487500 1.022620 0.014966
2.492500 0.997989 0.004111
2.497500 1.006868 0.004877
2.502500 1.024212 0.014187
2.507500 1.023337 0.009615
2.512500 1.028361 0.006014
2.517500 1.028057 0.017344
2.522500 1.032886 0.019003
2.527500 1.035182 0.011747
2.532500 1.025919 0.015707
2.537500 1.027880 0.016932
2.542500 1.032583 0.019519
2.547500 1.030222 0.021607
2.552500 1.027886 0.009150
2.557500 1.025205 0.009570
2.562500 1.019560 0.007276
2.567500 1.026159 0.006550
2.572500 1.022969 0.012886
2.577500 1.009720 0.010121
2.582500 1.000000 0.005210
2.587500 1.009471 0.013967
2.592500 1.006029 0.013207
2.597500 1.013215 0.007533
2.602500 1.015864 0.003097
2.607500 0.991160 0.009625
2.612500 0.972415 0.007983
2.617500 0.966447 0.013242
2.622500 0.975872 0.013389
2.627500 0.990405 0.010277
2.632500 0.997424 0.009378
2.637500 0.978092 0.010957
2.642500 0.950804 0.014004
2.647500 0.942202 0.018828
2.652500 0.911310 0.011841
2.657500 0.843754 0.022896
2.662500 0.829091 0.022782
2.667500 0.767066 0.014257
2.672500 0.685584 0.019967
2.677500 0.669719 0.028929
2.682500 0.620504 0.007129
2.687500 0.606203 0.002664
2.692500 0.608349 0.011335
2.697500 0.632136 0.007784
2.702500 0.653306 0.003757
2.707500 0.699772 0.007304
2.712500 0.762723 0.038040
2.717500 0.836416 0.014282
2.722500 0.844503 0.016564
2.727500 0.827645 0.005293
2.732500 0.827738 0.016793
2.737500 0.769137 0.034683
2.742500 0.759028 0.033769
2.747500 0.753577 0.038201
2.752500 0.715071 0.014580
2.757500 0.684014 0.007375
2.762500 0.674812 0.007460
2.767500 0.649150 0.003777
2.772500 0.630152 0.009805
2.777500 0.625564 0.007670
2.782500 0.671457 0.015984
2.787500 0.724799 0.003853
2.792500 0.750134 0.001842
2.797500 0.785801 0.020152
2.802500 0.812672 0.006957
2.807500 0.819064 0.007430
2.812500 0.781880 0.023528
2.817500 0.755200 0.001433
2.822500 0.749647 0.014640
2.827500 0.723799 0.014371
2.832500 0.717399 0.020806
2.837500 0.707730 0.013081
2.842500 0.708139 0.008224
2.847500 0.692269 0.020068
2.852500 0.664577 0.014381
2.857500 0.644867 0.015322
2.862500 0.619752 0.011270
2.867500 0.602377 0.017250
2.872500 0.577148 0.019447
2.877500 0.580316 0.025109
2.882500 0.553494 0.010576
2.887500 0.535907 0.017170
2.892500 0.523949 0.007832
2.897500 0.512855 0.007087
2.902500 0.499374 0.005630
2.907500 0.486201 0.010048
2.912500 0.476824 0.014657
2.917500 0.477632 0.016617
2.922500 0.464924 0.008699
2.927500 0.437831 0.018159
2.932500 0.426677 0.012800
2.937500 0.433351 0.003189
2.942500 0.441569 0.008900
2.947500 0.413976 0.012404
2.952500 0.403150 0.011214
2.957500 0.396078 0.004940
2.962500 0.395457 0.009314
2.967500 0.388119 0.009881
2.972500 0.386315 0.007053
2.977500 0.373337 0.002012
2.982500 0.367545 0.002738
2.987500 0.364627 0.005301
2.992500 0.359763 0.010688
2.997500 0.357302 0.006032
3.002500 0.352639 0.004445
3.007500 0.360044 0.009252
3.012500 0.340081 0.020298
3.017500 0.336759 0.022942
3.022500 0.321312 0.007710
3.027500 0.333020 0.010850
3.032500 0.328511 0.008085
3.037500 0.330088 0.011477
3.042500 0.330035 0.013183
3.047500 0.322749 0.007429
3.052500 0.324164 0.004868
3.057500 0.315742 0.003863
3.062500 0.306979 0.004126
3.067500 0.303752 0.009082
3.072500 0.315691 0.013067
3.077500 0.321043 0.004768
3.082500 0.311497 0.005626
3.087500 0.314473 0.008115
3.092500 0.326513 0.008975
3.097500 0.340357 0.013080
3.102500 0.353896 0.005333
3.107500 0.343929 0.000985
3.112500 0.346094 0.002721
3.117500 0.349856 0.000927
3.122500 0.349600 0.005154
3.127500 0.345697 0.006102
3.132500 0.346467 0.001370
3.137500 0.341018 0.003620
3.142500 0.333605 0.006710
3.147500 0.344655 0.007406
3.152500 0.344566 0.004345
3.157500 0.361955 0.006768
3.162500 0.385359 0.008026
3.167500 0.390519 0.011164
3.172500 0.401895 0.010901
3.177500 0.390991 0.013825
3.182500 0.377365 0.024832
3.187500 0.376337 0.015189
3.192500 0.395631 0.014071
3.197500 0.407417 0.005110
3.202500 0.409640 0.002755
3.207500 0.417200 0.003772
3.212500 0.424299 0.005369
3.217500 0.429522 0.000832
3.222500 0.434181 0.003455
3.227500 0.444019 0.003338
3.232500 0.464527 0.012406
3.237500 0.486283 0.012784
3.242500 0.495933 0.011225
3.247500 0.506478 0.008081
3.252500 0.500876 0.002116
3.257500 0.509966 0.004819
3.262500 0.522517 0.013866
3.267500 0.554253 0.017293
3.272500 0.581638 0.013141
3.277500 0.581710 0.011837
3.282500 0.643087 0.013779
3.287500 0.665452 0.017338
3.292500 0.655837 0.015404
3.297500 0.633561 0.007742
3.302500 0.641061 0.001229
3.307500 0.647245 0.008568
3.312500 0.644476 0.010078
3.317500 0.672051 0.017381
3.322500 0.680814 0.016399
3.327500 0.690438 0.009208
3.332500 0.689542 0.012342
3.337500 0.712064 0.015385
3.342500 0.706432 0.010587
3.347500 0.698626 0.006398
3.352500 0.689908 0.003593
3.357500 0.717716 0.011853
3.362500 0.713684 0.007625
3.367500 0.704496 0.015855
3.372500 0.677128 0.006605
3.377500 0.680935 0.008549
3.382500 0.682660 0.008940
3.387500 0.678454 0.003129
3.392500 0.688876 0.007906
3.397500 0.686461 0.014447
3.402500 0.687337 0.006908
3.407500 0.722272 0.022541
3.412500 0.737318 0.012566
3.417500 0.725832 0.008347
3.422500 0.717448 0.006414
3.427500 0.719904 0.002394
3.432500 0.724610 0.018761
3.437500 0.721508 0.004534
3.442500 0.713734 0.009007
3.447500 0.724960 0.015919
3.452500 0.721883 0.020313
3.457500 0.701176 0.030800
3.462500 0.702265 0.018485
3.467500 0.717924 0.037086
3.472500 0.740156 0.022499
3.477500 0.730316 0.017615
3.482500 0.730675 0.010777
3.487500 0.722727 0.007797
3.492500 0.726753 0.017332
3.497500 0.759146 0.020118
3.502500 0.764260 0.025498
3.507500 0.746812 0.005940
3.512500 0.740249 0.015721
3.517500 0.750028 0.037579
3.522500 0.784765 0.018984
3.527500 0.788591 0.019548
3.532500 0.774842 0.018551
3.537500 0.771951 0.007102
3.542500 0.768264 0.010161
3.547500 0.759026 0.017075
3.552500 0.762280 0.029938
3.557500 0.786005 0.013340
3.562500 0.814128 0.009514
3.567500 0.828911 0.020323
3.572500 0.792914 0.014180
3.577500 0.793968 0.011898
3.582500 0.821169 0.016803
3.587500 0.826043 0.007383
3.592500 0.824276 0.013441
3.597500 0.856240 0.015032
3.602500 0.862331 0.023159
3.607500 0.846347 0.032355
3.612500 0.886578 0.002180
3.617500 0.869485 0.013798
3.622500 0.879741 0.002587
3.627500 0.850780 0.007955
3.632500 0.840550 0.006628
3.637500 0.819781 0.016922
3.642500 0.832643 0.009372
3.647500 0.796940 0.019554
3.652500 0.777351 0.016509
3.657500 0.745311 0.014988
3.662500 0.747454 0.014931
3.667500 0.818767 0.022920
3.672500 0.852630 0.020710
3.677500 0.853516 0.023624
3.682500 0.785983 0.034195
3.687500 0.769220 0.023239
3.692500 0.801805 0.026060
3.697500 0.790627 0.008163
3.702500 0.797252 0.033976
3.707500 0.815010 0.035654
3.712500 0.778782 0.027385
3.717500 0.777442 0.012922
3.722500 0.771326 0.016351
3.727500 0.788506 0.015951
3.732500 0.790803 0.010255
3.737500 0.781960 0.010209
3.742500 0.759095 0.015180
3.747500 0.763293 0.060932
3.752500 0.800188 0.043119
3.757500 0.765139 0.021716
3.762500 0.727846 0.006678
3.767500 0.695605 0.015908
3.772500 0.707753 0.021377
3.777500 0.735232 0.029571
3.782500 0.738951 0.020875
3.787500 0.724678 0.025387
3.792500 0.721096 0.038551
3.797500 0.687622 0.020292
3.802500 0.706762 0.020618
3.807500 0.717703 0.014642
3.812500 0.750137 0.032760
3.817500 0.727121 0.017969
3.822500 0.723338 0.017755
3.827500 0.767966 0.019364
3.832500 0.758076 0.016071
3.837500 0.692024 0.018672
3.842500 0.715167 0.012249
3.847500 0.723060 0.013058
3.852500 0.742303 0.020563
3.857500 0.734098 0.013394
3.862500 0.729929 0.021914
3.867500 0.722935 0.021775
3.872500 0.679039 0.014007
3.877500 0.691287 0.003653
3.882500 0.715590 0.014779
3.887500 0.721652 0.009604
3.892500 0.664415 0.027364
3.897500 0.656893 0.027640
3.902500 0.656438 0.028650
3.907500 0.658001 0.001764
3.912500 0.667819 0.007918
3.917500 0.649875 0.007079
3.922500 0.658747 0.027049
3.927500 0.669595 0.019799
3.932500 0.654273 0.004872
3.937500 0.614840 0.030119
3.942500 0.635160 0.009307
3.947500 0.620790 0.016591
3.952500 0.626543 0.031576
3.957500 0.642193 0.030829
3.962500 0.615536 0.015523
3.967500 0.621041 0.022887
3.972500 0.609577 0.038523
3.977500 0.567548 0.033813
3.982500 0.494765 0.011852
3.987500 0.580087 0.025609
3.992500 0.572781 0.023397
3.997500 0.556625 0.018927
4.002500 0.526162 0.016147
4.007500 0.493878 0.008632
4.012500 0.465598 0.015825
4.017500 0.488937 0.013083
4.022500 0.510656 0.028948
4.027500 0.482300 0.027212
4.032500 0.418441 0.024158
4.037500 0.400910 0.025784
4.042500 0.370848 0.036017
4.047500 0.338672 0.048759
4.052500 0.344568 0.031928
4.057500 0.319870 0.054409
4.062500 0.326859 0.049019
4.067500 0.328716 0.038045
4.072500 0.290689 0.014468
4.077500 0.310212 0.018226
4.082500 0.312988 0.008638
4.087500 0.286406 0.007367
4.092500 0.286659 0.013404
4.097500 0.306913 0.023355
4.102500 0.303503 0.015958
4.107500 0.277886 0.016518
4.112500 0.286513 0.017262
4.117500 0.301181 0.014850
4.122500 0.308684 0.021626
4.127500 0.290352 0.053554
4.132500 0.331847 0.022586
4.137500 0.383747 0.028075
4.142500 0.410041 0.018879
4.147500 0.425417 0.047730
4.152500 0.464150 0.015484
4.157500 0.457676 0.020161
4.162500 0.508220 0.008049
4.167500 0.526289 0.022356
4.172500 0.599524 0.002845
4.177500 0.655372 0.012670
4.182500 0.796966 0.032700
4.187500 0.969409 0.030642
4.192500 1.150509 0.024428
4.197500 1.253411 0.013638
4.202500 1.263656 0.027245
4.207500 1.205361 0.007215
4.212500 1.014529 0.045406
4.217500 0.820712 0.024756
4.222500 0.714156 0.015681
4.227500 0.619556 0.020885
4.232500 0.607853 0.026346
4.237500 0.684914 0.046127
4.242500 0.684867 0.024051
4.247500 0.613688 0.015055
4.252500 0.613957 0.017022
4.257500 0.643147 0.019051
4.262500 0.643896 0.024995
4.267500 0.550032 0.006632
4.272500 0.517965 0.009819
4.277500 0.467692 0.005812
4.282500 0.456826 0.006462
4.287500 0.469948 0.014566
4.292500 0.560068 0.023763
4.297500 0.680318 0.008472
4.302500 0.829301 0.051590
4.307500 0.941177 0.049964
4.312500 1.024395 0.020226
4.317500 0.992093 0.024616
4.322500 1.017733 0.027154
4.327500 0.985267 0.034267
4.332500 0.994848 0.061725
4.337500 0.955920 0.099914
4.342500 1.032900 0.015387
4.347500 1.032550 0.020229
4.352500 1.045901 0.041877
4.357500 1.010068 0.042412
4.362500 0.929192 0.012582
4.367500 0.803740 0.014883
4.372500 0.767804 0.049523
4.377500 0.633733 0.019211
4.382500 0.462190 0.011292
4.387500 0.508632 0.052017
4.392500 0.655271 0.020931
4.397500 0.800935 0.070351
4.402500 0.748098 0.086639
4.407500 0.757360 0.070876
4.412500 0.741840 0.029986
4.417500 0.728940 0.008084
4.422500 0.791394 0.013506
4.427500 0.865901 0.029468
4.432500 0.863043 0.017469
4.437500 0.902140 0.052218
4.442500 0.980616 0.047864
4.447500 0.954733 0.060295
4.452500 0.929510 0.032502
4.457500 0.867516 0.046871
4.462500 0.870054 0.024362
4.467500 0.858301 0.023557
4.472500 0.947564 0.067798
4.477500 0.895850 0.020277
4.482500 0.845777 0.052069
4.487500 0.843415 0.065229
4.492500 0.896296 0.004950
4.497500 0.849117 0.003793
4.502500 0.885830 0.028973
4.507500 0.932224 0.036993
4.512500 0.942472 0.015655
4.517500 0.928506 0.020105
4.522500 0.971273 0.016774
4.527500 0.975415 0.009765
4.532500 0.957199 0.025594
4.537500 0.925660 0.007520
4.542500 0.886647 0.022399
4.547500 0.913813 0.024244
4.552500 0.908663 0.037054
4.557500 0.941104 0.047869
4.562500 0.975572 0.057046
4.567500 0.983229 0.029987
4.572500 0.906933 0.012658
4.577500 0.945819 0.011071
4.582500 0.887454 0.034846
4.587500 0.892173 0.047439
4.592500 0.855977 0.062991
4.597500 0.856222 0.062613
4.602500 0.896580 0.027228
4.607500 0.827284 0.015353
4.612500 0.888284 0.034371
4.617500 0.867350 0.077596
4.622500 0.818779 0.096681
4.627500 0.760726 0.062422
4.632500 0.812950 0.059554
4.637500 0.921009 0.020410
4.642500 0.845374 0.031836
4.647500 0.796787 0.044906
4.652500 0.766717 0.012403
4.657500 0.665891 0.037182
4.662500 0.597166 0.039016
4.667500 0.549724 0.070511
4.672500 0.481849 0.053261
4.677500 0.533131 0.067880
4.682500 0.592252 0.024984
4.687500 0.599245 0.022659
4.692500 0.690234 0.050961
4.697500 0.756688 0.026921
4.702500 0.774096 0.042671
4.707500 0.947059 0.055879
4.712500 0.903247 0.077690
4.717500 0.937597 0.080537
4.722500 0.833605 0.006037
4.727500 0.820785 0.060692
4.732500 0.843905 0.031866
4.737500 0.878643 0.045301
4.742500 0.938021 0.043622
4.747500 0.951262 0.004120
4.752500 0.982333 0.091269
4.757500 0.934517 0.020743
4.762500 0.938784 0.049623
4.767500 0.921196 0.014192
4.772500 0.891280 0.024925
4.777500 0.866231 0.017291
4.782500 0.988826 0.054709
4.787500 0.909046 0.030165
4.792500 0.881575 0.051294
4.797500 0.921187 0.052968
4.802500 0.947238 0.034987
4.807500 0.954742 0.042903
4.812500 0.997096 0.025878
4.817500 1.043387 0.025299
4.822500 1.015564 0.055537
4.827500 0.989400 0.085196
4.832500 1.087610 0.077477
4.837500 1.022430 0.033324
4.842500 1.017808 0.035169
4.847500 0.959999 0.070234
4.852500 0.976103 0.046839
4.857500 1.039943 0.147823
4.862500 0.956510 0.064783
4.867500 0.927603 0.108618
4.872500 0.811002 0.051702
4.877500 0.833895 0.047812
4.882500 0.882152 0.109612
4.887500 0.931184 0.053813
4.892500 0.933838 0.060021
4.897500 0.833257 0.054375
4.902500 0.849630 0.013349
4.907500 0.935447 0.084036
4.912500 0.906706 0.091134
4.917500 0.976438 0.080426
4.922500 1.003690 0.063951
4.927500 0.938222 0.037063
4.932500 1.030344 0.071209
4.937500 1.141263 0.091851
4.942500 1.109100 0.045805
4.947500 1.148283 0.035422
4.952500 1.042986 0.019280
4.957500 1.038605 0.045134
4.962500 1.028919 0.028514
4.967500 0.982348 0.095973
4.972500 1.039261 0.025543
4.977500 1.099271 0.116702
4.982500 1.222216 0.091908
4.987500 0.971581 0.077767
4.992500 0.971920 0.041146
4.997500 1.037904 0.033999
5.002500 1.034479 0.010002
5.007500 0.979392 0.100697
5.012500 1.010856 0.065522
5.017500 0.947719 0.033560
5.022500 1.007235 0.011615
5.027500 1.067908 0.054737
5.032500 1.051366 0.054492
5.037500 1.073853 0.029513
5.042500 1.075812 0.032127
5.047500 1.031728 0.051741
5.052500 0.951416 0.032386
5.057500 1.007296 0.091759
5.062500 1.079612 0.067545
5.067500 0.979825 0.036668
5.072500 0.955778 0.063451
5.077500 1.000885 0.083359
5.082500 1.022332 0.077953
5.087500 1.120247 0.072494
5.092500 1.004422 0.031832
5.097500 1.047942 0.015923
