# DATE = 2025-03-12
# PIPE_VER = 1.17.1
# PMAP = jwst_1322.pmap
# STANDARD_STAR = SNAP-2
# 
# Wavelength (microns), arbitrary reflectance, uncertainty
0.702500 0.764028 0.020783
0.707500 0.778891 0.019001
0.712500 0.768113 0.006590
0.717500 0.780983 0.015525
0.722500 0.786499 0.012070
0.727500 0.771655 0.008551
0.732500 0.771758 0.007039
0.737500 0.790409 0.012451
0.742500 0.799653 0.006803
0.747500 0.815754 0.009942
0.752500 0.805425 0.004669
0.757500 0.809815 0.004350
0.762500 0.819683 0.004803
0.767500 0.821700 0.005208
0.772500 0.829333 0.008497
0.777500 0.835867 0.005333
0.782500 0.831853 0.005220
0.787500 0.821318 0.008052
0.792500 0.803596 0.006444
0.797500 0.812448 0.006238
0.802500 0.824772 0.004685
0.807500 0.838096 0.005418
0.812500 0.857995 0.008326
0.817500 0.875986 0.010511
0.822500 0.879601 0.006772
0.827500 0.870150 0.006338
0.832500 0.865662 0.007053
0.837500 0.874423 0.011826
0.842500 0.878639 0.008774
0.847500 0.878710 0.006104
0.852500 0.885102 0.008013
0.857500 0.889805 0.006695
0.862500 0.893535 0.007785
0.867500 0.883957 0.005395
0.872500 0.893812 0.009403
0.877500 0.899829 0.005757
0.882500 0.903724 0.009368
0.887500 0.909993 0.011138
0.892500 0.912780 0.010502
0.897500 0.917135 0.008538
0.902500 0.911654 0.006584
0.907500 0.914839 0.007362
0.912500 0.919134 0.013128
0.917500 0.923547 0.009211
0.922500 0.931023 0.008753
0.927500 0.933313 0.008730
0.932500 0.937439 0.009670
0.937500 0.944929 0.009835
0.942500 0.940790 0.007129
0.947500 0.943341 0.007265
0.952500 0.948028 0.008468
0.957500 0.951898 0.008630
0.962500 0.953977 0.010452
0.967500 0.955250 0.009823
0.972500 0.956915 0.010496
0.977500 0.954206 0.009249
0.982500 0.970924 0.008102
0.987500 0.973894 0.003847
0.992500 0.970409 0.004540
0.997500 0.964549 0.007112
1.002500 0.968628 0.011464
1.007500 0.987581 0.018947
1.012500 0.987949 0.016375
1.017500 0.986353 0.015120
1.022500 0.981666 0.010225
1.027500 0.978217 0.010550
1.032500 0.984225 0.011094
1.037500 0.987602 0.013569
1.042500 0.989989 0.011400
1.047500 0.991658 0.008558
1.052500 0.984789 0.005448
1.057500 0.983120 0.007605
1.062500 0.989398 0.012134
1.067500 0.988102 0.006629
1.072500 0.991038 0.007789
1.077500 0.990928 0.005879
1.082500 0.999208 0.006758
1.087500 0.999027 0.009196
1.092500 1.007248 0.008423
1.097500 1.009835 0.008322
1.102500 1.013505 0.008293
1.107500 1.013096 0.010179
1.112500 1.012748 0.011375
1.117500 1.018826 0.008996
1.122500 1.021011 0.007403
1.127500 1.020953 0.010570
1.132500 1.027697 0.009664
1.137500 1.025534 0.008936
1.142500 1.027629 0.010477
1.147500 1.030763 0.011848
1.152500 1.030980 0.009340
1.157500 1.029932 0.005796
1.162500 1.030046 0.005439
1.167500 1.033901 0.006207
1.172500 1.033757 0.006993
1.177500 1.032584 0.008708
1.182500 1.042371 0.007268
1.187500 1.043741 0.007440
1.192500 1.046240 0.007471
1.197500 1.047770 0.006253
1.202500 1.042667 0.006881
1.207500 1.038167 0.006966
1.212500 1.046973 0.010826
1.217500 1.047273 0.013702
1.222500 1.040282 0.010869
1.227500 1.043312 0.014224
1.232500 1.052396 0.019584
1.237500 1.057805 0.021008
1.242500 1.056404 0.014482
1.247500 1.058226 0.009710
1.252500 1.050227 0.008627
1.257500 1.041030 0.005921
1.262500 1.041253 0.009418
1.267500 1.045359 0.010245
1.272500 1.048860 0.009178
1.277500 1.045700 0.013492
1.282500 1.059364 0.012212
1.287500 1.053156 0.012275
1.292500 1.058721 0.007877
1.297500 1.054901 0.011381
1.302500 1.059413 0.011012
1.307500 1.057347 0.006612
1.312500 1.058556 0.009329
1.317500 1.051477 0.009986
1.322500 1.054154 0.016342
1.327500 1.053834 0.016300
1.332500 1.055389 0.013293
1.337500 1.058412 0.011857
1.342500 1.059058 0.010650
1.347500 1.057318 0.009171
1.352500 1.058645 0.011384
1.357500 1.062608 0.011385
1.362500 1.062179 0.011847
1.367500 1.064965 0.012169
1.372500 1.072904 0.017499
1.377500 1.065908 0.014794
1.382500 1.065882 0.012620
1.387500 1.064384 0.018232
1.392500 1.068204 0.014959
1.397500 1.073568 0.011769
1.402500 1.068380 0.012209
1.407500 1.065343 0.010477
1.412500 1.066756 0.012328
1.417500 1.062043 0.016305
1.422500 1.064726 0.014132
1.427500 1.066996 0.015436
1.432500 1.066853 0.015316
1.437500 1.067097 0.015269
1.442500 1.066111 0.015551
1.447500 1.073575 0.010751
1.452500 1.065471 0.017602
1.457500 1.064409 0.016668
1.462500 1.063171 0.014836
1.467500 1.061702 0.017404
1.472500 1.066967 0.018711
1.477500 1.063213 0.017973
1.482500 1.062420 0.011883
1.487500 1.065843 0.013257
1.492500 1.060204 0.015270
1.497500 1.056310 0.014683
1.502500 1.051439 0.011291
1.507500 1.050697 0.006345
1.512500 1.047298 0.004909
1.517500 1.057922 0.008929
1.522500 1.058720 0.011001
1.527500 1.065441 0.014487
1.532500 1.068446 0.016346
1.537500 1.070765 0.011072
1.542500 1.061767 0.011462
1.547500 1.068847 0.012879
1.552500 1.064528 0.020008
1.557500 1.060594 0.017267
1.562500 1.047476 0.007320
1.567500 1.046181 0.007357
1.572500 1.042405 0.013779
1.577500 1.042195 0.016308
1.582500 1.048861 0.016597
1.587500 1.049745 0.018300
1.592500 1.051675 0.019602
1.597500 1.056852 0.019664
1.602500 1.054875 0.019376
1.607500 1.063061 0.017768
1.612500 1.056672 0.016255
1.617500 1.052159 0.013264
1.622500 1.052225 0.012927
1.627500 1.053796 0.011495
1.632500 1.060657 0.011140
1.637500 1.065311 0.011453
1.642500 1.061296 0.010274
1.647500 1.061474 0.012978
1.652500 1.063809 0.013672
1.657500 1.056082 0.012001
1.662500 1.047909 0.004975
1.667500 1.061698 0.008116
1.672500 1.069077 0.015438
1.677500 1.073051 0.015271
1.682500 1.071553 0.013182
1.687500 1.076429 0.015577
1.692500 1.080706 0.018065
1.697500 1.077816 0.015763
1.702500 1.085923 0.014657
1.707500 1.091780 0.015682
1.712500 1.086866 0.016892
1.717500 1.083972 0.016238
1.722500 1.086435 0.016753
1.727500 1.094425 0.017836
1.732500 1.091064 0.019718
1.737500 1.082693 0.013696
1.742500 1.076044 0.008260
1.747500 1.073424 0.011690
1.752500 1.075902 0.017427
1.757500 1.071562 0.013137
1.762500 1.074238 0.013531
1.767500 1.078791 0.015193
1.772500 1.079022 0.014226
1.777500 1.069394 0.008543
1.782500 1.072571 0.008623
1.787500 1.067656 0.009404
1.792500 1.065331 0.009648
1.797500 1.061069 0.004365
1.802500 1.062088 0.005247
1.807500 1.068822 0.010147
1.812500 1.067728 0.011309
1.817500 1.066967 0.007565
1.822500 1.071835 0.008715
1.827500 1.064649 0.015183
1.832500 1.061471 0.013975
1.837500 1.060639 0.009502
1.842500 1.068105 0.008084
1.847500 1.073108 0.008626
1.852500 1.073390 0.006633
1.857500 1.075928 0.005973
1.862500 1.083687 0.014673
1.867500 1.074275 0.021392
1.872500 1.067949 0.013090
1.877500 1.066862 0.007874
1.882500 1.064737 0.011581
1.887500 1.071568 0.012028
1.892500 1.082900 0.016369
1.897500 1.083126 0.015244
1.902500 1.083306 0.021276
1.907500 1.075656 0.019773
1.912500 1.065191 0.012247
1.917500 1.066017 0.013259
1.922500 1.066690 0.013525
1.927500 1.068146 0.008576
1.932500 1.058492 0.004617
1.937500 1.068990 0.008899
1.942500 1.060859 0.010524
1.947500 1.048827 0.005066
1.952500 1.054102 0.005995
1.957500 1.047502 0.011325
1.962500 1.054371 0.009940
1.967500 1.053370 0.012686
1.972500 1.054946 0.012917
1.977500 1.049788 0.014479
1.982500 1.046563 0.011840
1.987500 1.058018 0.018587
1.992500 1.056674 0.021807
1.997500 1.048838 0.016518
2.002500 1.043534 0.010764
2.007500 1.033987 0.008580
2.012500 1.041725 0.013394
2.017500 1.040490 0.012241
2.022500 1.048057 0.015738
2.027500 1.058912 0.010341
2.032500 1.050640 0.011853
2.037500 1.049312 0.010770
2.042500 1.045659 0.009112
2.047500 1.050683 0.014238
2.052500 1.045632 0.011818
2.057500 1.048710 0.012103
2.062500 1.065702 0.016859
2.067500 1.061640 0.015694
2.072500 1.056431 0.009750
2.077500 1.054312 0.006699
2.082500 1.058933 0.007621
2.087500 1.062737 0.008998
2.092500 1.062776 0.005234
2.097500 1.070665 0.005474
2.102500 1.067428 0.011677
2.107500 1.061133 0.012638
2.112500 1.054853 0.007551
2.117500 1.055845 0.009750
2.122500 1.043669 0.014658
2.127500 1.051462 0.016519
2.132500 1.061032 0.015224
2.137500 1.066230 0.011050
2.142500 1.071573 0.007269
2.147500 1.074274 0.005940
2.152500 1.080360 0.008008
2.157500 1.075557 0.011614
2.162500 1.071166 0.005626
2.167500 1.067045 0.005928
2.172500 1.065014 0.007263
2.177500 1.063289 0.005537
2.182500 1.059726 0.005647
2.187500 1.065415 0.004888
2.192500 1.066349 0.010978
2.197500 1.072497 0.012620
2.202500 1.077161 0.011809
2.207500 1.079207 0.007621
2.212500 1.075991 0.003507
2.217500 1.074626 0.004159
2.222500 1.083816 0.008008
2.227500 1.078599 0.007145
2.232500 1.083291 0.007733
2.237500 1.081683 0.008915
2.242500 1.077439 0.011637
2.247500 1.075439 0.009305
2.252500 1.078938 0.006268
2.257500 1.083398 0.010509
2.262500 1.076990 0.016837
2.267500 1.061686 0.015183
2.272500 1.047615 0.007307
2.277500 1.046006 0.007520
2.282500 1.044712 0.003987
2.287500 1.048717 0.004014
2.292500 1.048875 0.012017
2.297500 1.045261 0.005439
2.302500 1.050277 0.007793
2.307500 1.050542 0.002764
2.312500 1.044179 0.007553
2.317500 1.047314 0.004477
2.322500 1.055411 0.004638
2.327500 1.050512 0.003632
2.332500 1.056711 0.005493
2.337500 1.060996 0.007017
2.342500 1.059067 0.005451
2.347500 1.060439 0.004739
2.352500 1.060542 0.016683
2.357500 1.052090 0.007068
2.362500 1.066755 0.007917
2.367500 1.063192 0.007540
2.372500 1.059867 0.005433
2.377500 1.058498 0.007497
2.382500 1.070552 0.003905
2.387500 1.069350 0.007672
2.392500 1.050268 0.013905
2.397500 1.042944 0.005377
2.402500 1.043984 0.007571
2.407500 1.043382 0.008568
2.412500 1.046663 0.010709
2.417500 1.048501 0.013183
2.422500 1.032626 0.002857
2.427500 1.048069 0.014101
2.432500 1.058268 0.012404
2.437500 1.049319 0.011965
2.442500 1.037867 0.003875
2.447500 1.038560 0.004942
2.452500 1.042965 0.003244
2.457500 1.041113 0.006111
2.462500 1.045904 0.014984
2.467500 1.036999 0.015712
2.472500 1.028146 0.011743
2.477500 1.021429 0.008415
2.482500 1.027393 0.008579
2.487500 1.032632 0.006533
2.492500 1.024802 0.003498
2.497500 1.029248 0.008671
2.502500 1.029839 0.011284
2.507500 1.035504 0.012005
2.512500 1.034668 0.002910
2.517500 1.009852 0.004992
2.522500 1.011552 0.002374
2.527500 1.014125 0.005883
2.532500 1.016890 0.005294
2.537500 1.024592 0.003121
2.542500 1.029140 0.007232
2.547500 1.024317 0.011347
2.552500 1.018823 0.007676
2.557500 1.009684 0.007327
2.562500 1.005290 0.005056
2.567500 1.005463 0.005952
2.572500 1.006167 0.004867
2.577500 1.009446 0.010900
2.582500 0.999485 0.001297
2.587500 1.003839 0.010219
2.592500 1.002514 0.007358
2.597500 1.002470 0.010109
2.602500 1.002630 0.007898
2.607500 1.000000 0.006636
2.612500 0.989074 0.009991
2.617500 0.985985 0.008143
2.622500 0.981560 0.009031
2.627500 0.979912 0.010845
2.632500 0.983560 0.009258
2.637500 0.975454 0.003664
2.642500 0.976520 0.002411
2.647500 0.957325 0.002355
2.652500 0.946209 0.003743
2.657500 0.931781 0.003594
2.662500 0.921284 0.005888
2.667500 0.893812 0.010560
2.672500 0.870432 0.006100
2.677500 0.835837 0.013621
2.682500 0.791051 0.007685
2.687500 0.754278 0.006252
2.692500 0.760868 0.005132
2.697500 0.751154 0.003887
2.702500 0.761146 0.004890
2.707500 0.795430 0.006466
2.712500 0.825910 0.007132
2.717500 0.848447 0.005904
2.722500 0.847577 0.009805
2.727500 0.850281 0.009535
2.732500 0.827795 0.002401
2.737500 0.818502 0.007073
2.742500 0.805195 0.005684
2.747500 0.782277 0.002911
2.752500 0.756627 0.002594
2.757500 0.730281 0.002540
2.762500 0.714425 0.005864
2.767500 0.688120 0.005279
2.772500 0.672331 0.005065
2.777500 0.661749 0.002284
2.782500 0.636204 0.004207
2.787500 0.624317 0.004309
2.792500 0.626364 0.001861
2.797500 0.617014 0.003042
2.802500 0.609862 0.006017
2.807500 0.590917 0.005351
2.812500 0.567014 0.001613
2.817500 0.559352 0.007805
2.822500 0.526750 0.001006
2.827500 0.496375 0.005213
2.832500 0.473733 0.004071
2.837500 0.443885 0.005707
2.842500 0.422478 0.006948
2.847500 0.400991 0.014066
2.852500 0.374872 0.001948
2.857500 0.359339 0.006721
2.862500 0.343850 0.007769
2.867500 0.319480 0.002577
2.872500 0.306036 0.003695
2.877500 0.288176 0.005326
2.882500 0.278906 0.007138
2.887500 0.262789 0.003503
2.892500 0.246883 0.004507
2.897500 0.238582 0.001197
2.902500 0.231083 0.004709
2.907500 0.228950 0.002382
2.912500 0.213309 0.002339
2.917500 0.210636 0.001766
2.922500 0.207566 0.002342
2.927500 0.208764 0.004163
2.932500 0.200543 0.006998
2.937500 0.189889 0.005525
2.942500 0.192117 0.006851
2.947500 0.180942 0.003176
2.952500 0.171315 0.006186
2.957500 0.166133 0.005094
2.962500 0.165741 0.007793
2.967500 0.172938 0.005549
2.972500 0.174390 0.002929
2.977500 0.165747 0.004287
2.982500 0.163190 0.002547
2.987500 0.161251 0.002291
2.992500 0.163761 0.004314
2.997500 0.159579 0.003347
3.002500 0.159507 0.003819
3.007500 0.157308 0.003881
3.012500 0.156717 0.001700
3.017500 0.155771 0.004637
3.022500 0.149359 0.004837
3.027500 0.144411 0.004277
3.032500 0.146403 0.001036
3.037500 0.149863 0.001842
3.042500 0.152728 0.001538
3.047500 0.153601 0.007999
3.052500 0.142005 0.006658
3.057500 0.142308 0.002908
3.062500 0.135387 0.004799
3.067500 0.139870 0.003266
3.072500 0.143168 0.003367
3.077500 0.149397 0.003791
3.082500 0.149569 0.005624
3.087500 0.144057 0.006381
3.092500 0.144903 0.003336
3.097500 0.145805 0.002806
3.102500 0.143307 0.002219
3.107500 0.144766 0.006491
3.112500 0.154513 0.004984
3.117500 0.159864 0.001629
3.122500 0.161256 0.000757
3.127500 0.161305 0.001008
3.132500 0.163009 0.001847
3.137500 0.164697 0.002653
3.142500 0.161502 0.003175
3.147500 0.158655 0.003429
3.152500 0.162292 0.004318
3.157500 0.171821 0.005430
3.162500 0.173808 0.001720
3.167500 0.178906 0.001918
3.172500 0.184976 0.002351
3.177500 0.185421 0.007213
3.182500 0.186363 0.002204
3.187500 0.191598 0.004864
3.192500 0.202818 0.005669
3.197500 0.203078 0.005755
3.202500 0.212526 0.009359
3.207500 0.220157 0.009599
3.212500 0.225603 0.010342
3.217500 0.240243 0.001544
3.222500 0.248658 0.004167
3.227500 0.252152 0.007379
3.232500 0.270541 0.006796
3.237500 0.279061 0.008491
3.242500 0.274331 0.004499
3.247500 0.286426 0.009160
3.252500 0.296094 0.006405
3.257500 0.324860 0.005406
3.262500 0.339147 0.006752
3.267500 0.363852 0.008943
3.272500 0.370025 0.010302
3.277500 0.381883 0.006625
3.282500 0.386856 0.002151
3.287500 0.401631 0.005338
3.292500 0.439324 0.015939
3.297500 0.452885 0.004221
3.302500 0.445659 0.006440
3.307500 0.441633 0.008617
3.312500 0.462419 0.004890
3.317500 0.464347 0.003436
3.322500 0.486307 0.008772
3.327500 0.504599 0.001744
3.332500 0.494555 0.010770
3.337500 0.496861 0.005734
3.342500 0.508975 0.005789
3.347500 0.509237 0.008875
3.352500 0.519863 0.012368
3.357500 0.518012 0.010994
3.362500 0.527001 0.010567
3.367500 0.504525 0.009020
3.372500 0.501574 0.009011
3.377500 0.495042 0.016212
3.382500 0.507597 0.018381
3.387500 0.512291 0.006094
3.392500 0.518550 0.013778
3.397500 0.539910 0.003097
3.402500 0.526640 0.013918
3.407500 0.528660 0.020944
3.412500 0.514975 0.003084
3.417500 0.530776 0.003026
3.422500 0.553127 0.005677
3.427500 0.563662 0.009839
3.432500 0.547843 0.012393
3.437500 0.540944 0.009236
3.442500 0.542342 0.001719
3.447500 0.557981 0.004424
3.452500 0.576465 0.002798
3.457500 0.594077 0.008414
3.462500 0.601365 0.010223
3.467500 0.601349 0.023062
3.472500 0.602385 0.028760
3.477500 0.584698 0.006322
3.482500 0.565993 0.011602
3.487500 0.564970 0.006631
3.492500 0.578353 0.003476
3.497500 0.582962 0.005778
3.502500 0.606147 0.001517
3.507500 0.600050 0.003720
3.512500 0.634165 0.002014
3.517500 0.638076 0.018517
3.522500 0.635386 0.017966
3.527500 0.648685 0.005375
3.532500 0.650253 0.006489
3.537500 0.638675 0.011486
3.542500 0.635465 0.023160
3.547500 0.661990 0.007662
3.552500 0.676349 0.007353
3.557500 0.659118 0.027698
3.562500 0.665724 0.006468
3.567500 0.692943 0.014626
3.572500 0.715635 0.018846
3.577500 0.714449 0.011403
3.582500 0.726321 0.018974
3.587500 0.734145 0.013514
3.592500 0.731832 0.016214
3.597500 0.738864 0.016205
3.602500 0.734052 0.005497
3.607500 0.737141 0.009009
3.612500 0.757689 0.008646
3.617500 0.771223 0.004594
3.622500 0.752277 0.014431
3.627500 0.751342 0.019415
3.632500 0.753422 0.005456
3.637500 0.761228 0.004561
3.642500 0.781305 0.008865
3.647500 0.795396 0.003276
3.652500 0.786276 0.007153
3.657500 0.758989 0.005998
3.662500 0.760191 0.007880
3.667500 0.733264 0.006408
3.672500 0.742506 0.003600
3.677500 0.761763 0.003298
3.682500 0.756364 0.012750
3.687500 0.767562 0.009710
3.692500 0.750087 0.005332
3.697500 0.754626 0.010761
3.702500 0.762020 0.020987
3.707500 0.779567 0.007713
3.712500 0.781133 0.007423
3.717500 0.782221 0.004088
3.722500 0.765449 0.002863
3.727500 0.758413 0.008209
3.732500 0.755807 0.009714
3.737500 0.736419 0.014214
3.742500 0.735013 0.018396
3.747500 0.743563 0.012559
3.752500 0.764296 0.004321
3.757500 0.742077 0.017876
3.762500 0.759072 0.005966
3.767500 0.760461 0.008034
3.772500 0.769265 0.010602
3.777500 0.773149 0.012237
3.782500 0.748683 0.014410
3.787500 0.736639 0.013963
3.792500 0.737960 0.011255
3.797500 0.728034 0.005850
3.802500 0.752566 0.011137
3.807500 0.750151 0.016133
3.812500 0.733242 0.014186
3.817500 0.732812 0.024253
3.822500 0.726182 0.017987
3.827500 0.693383 0.004591
3.832500 0.691862 0.003893
3.837500 0.715844 0.005553
3.842500 0.730674 0.001644
3.847500 0.739756 0.013147
3.852500 0.712278 0.011146
3.857500 0.710147 0.008170
3.862500 0.702504 0.011046
3.867500 0.687057 0.006424
3.872500 0.695681 0.005491
3.877500 0.679841 0.009855
3.882500 0.679071 0.010865
3.887500 0.657894 0.017297
3.892500 0.656961 0.019693
3.897500 0.678791 0.013822
3.902500 0.671679 0.004909
3.907500 0.664731 0.001208
3.912500 0.656260 0.018468
3.917500 0.656731 0.009658
3.922500 0.655531 0.014413
3.927500 0.684182 0.011306
3.932500 0.663263 0.012975
3.937500 0.651915 0.010006
3.942500 0.644076 0.005965
3.947500 0.652795 0.009026
3.952500 0.642101 0.005000
3.957500 0.652334 0.004533
3.962500 0.642397 0.009140
3.967500 0.638478 0.003405
3.972500 0.651546 0.006514
3.977500 0.652595 0.008962
3.982500 0.636017 0.006780
3.987500 0.598251 0.008131
3.992500 0.580770 0.010564
3.997500 0.599613 0.013366
4.002500 0.617448 0.015151
4.007500 0.651906 0.004277
4.012500 0.649792 0.025982
4.017500 0.626873 0.027785
4.022500 0.609177 0.017513
4.027500 0.574753 0.003962
4.032500 0.564720 0.012644
4.037500 0.552060 0.003568
4.042500 0.542617 0.014528
4.047500 0.543660 0.005298
4.052500 0.504192 0.009769
4.057500 0.486246 0.024379
4.062500 0.463852 0.004676
4.067500 0.467586 0.013293
4.072500 0.483117 0.007041
4.077500 0.465869 0.022265
4.082500 0.469701 0.014185
4.087500 0.494982 0.013687
4.092500 0.493745 0.002837
4.097500 0.522552 0.012552
4.102500 0.506290 0.002260
4.107500 0.504739 0.012478
4.112500 0.514968 0.010307
4.117500 0.487371 0.035100
4.122500 0.477931 0.014194
4.127500 0.486966 0.009431
4.132500 0.479504 0.016601
4.137500 0.497093 0.007494
4.142500 0.525063 0.013454
4.147500 0.520298 0.006505
4.152500 0.541745 0.005503
4.157500 0.548464 0.008704
4.162500 0.586149 0.019116
4.167500 0.618542 0.016526
4.172500 0.643507 0.003685
4.177500 0.701992 0.012149
4.182500 0.776244 0.012861
4.187500 0.867477 0.012252
4.192500 0.944209 0.003256
4.197500 0.994722 0.035441
4.202500 0.953079 0.036625
4.207500 0.873423 0.015799
4.212500 0.748074 0.023948
4.217500 0.615809 0.022719
4.222500 0.539248 0.006943
4.227500 0.508180 0.004290
4.232500 0.445787 0.007198
4.237500 0.427326 0.007432
4.242500 0.437048 0.009037
4.247500 0.401771 0.007922
4.252500 0.369784 0.014942
4.257500 0.380301 0.003719
4.262500 0.381122 0.013014
4.267500 0.365015 0.002369
4.272500 0.355027 0.003416
4.277500 0.325516 0.015488
4.282500 0.352990 0.017766
4.287500 0.439204 0.012736
4.292500 0.553511 0.008385
4.297500 0.690299 0.005778
4.302500 0.785388 0.029457
4.307500 0.916675 0.014217
4.312500 1.013614 0.022110
4.317500 1.054587 0.007409
4.322500 1.057076 0.021635
4.327500 1.060156 0.015323
4.332500 1.035690 0.011731
4.337500 1.068909 0.030524
4.342500 1.065651 0.026750
4.347500 1.041491 0.034498
4.352500 0.996951 0.012766
4.357500 0.978517 0.008063
4.362500 0.917967 0.020971
4.367500 0.876731 0.005425
4.372500 0.791517 0.022790
4.377500 0.665861 0.031527
4.382500 0.622940 0.023090
4.387500 0.641039 0.028750
4.392500 0.737424 0.014994
4.397500 0.798383 0.013943
4.402500 0.863653 0.018221
4.407500 0.918445 0.032995
4.412500 0.894630 0.015236
4.417500 0.856003 0.023769
4.422500 0.885919 0.031203
4.427500 0.870323 0.036188
4.432500 0.838384 0.020898
4.437500 0.802112 0.027442
4.442500 0.833861 0.018372
4.447500 0.893241 0.018976
4.452500 0.833449 0.003197
4.457500 0.832951 0.017075
4.462500 0.832261 0.021319
4.467500 0.809261 0.038008
4.472500 0.830519 0.006409
4.477500 0.847104 0.006426
4.482500 0.855268 0.033653
4.487500 0.789484 0.041205
4.492500 0.804698 0.028165
4.497500 0.816738 0.029790
4.502500 0.876871 0.034856
4.507500 0.871180 0.019135
4.512500 0.820022 0.009275
4.517500 0.834629 0.037603
4.522500 0.828020 0.012642
4.527500 0.839754 0.034113
4.532500 0.829620 0.029752
4.537500 0.849690 0.034349
4.542500 0.884680 0.029239
4.547500 0.877465 0.014594
4.552500 0.832500 0.008737
4.557500 0.831481 0.007176
4.562500 0.832537 0.007125
4.567500 0.885504 0.007346
4.572500 0.805463 0.040480
4.577500 0.786624 0.036771
4.582500 0.791337 0.015502
4.587500 0.829832 0.017961
4.592500 0.840727 0.014196
4.597500 0.783256 0.014776
4.602500 0.798410 0.014631
4.607500 0.816800 0.015366
4.612500 0.759698 0.021392
4.617500 0.792245 0.019596
4.622500 0.766594 0.034076
4.627500 0.772292 0.032354
4.632500 0.835591 0.036951
4.637500 0.843143 0.016169
4.642500 0.844347 0.023868
4.647500 0.731272 0.015871
4.652500 0.767791 0.019572
4.657500 0.816035 0.010144
4.662500 0.684707 0.013048
4.667500 0.607307 0.021902
4.672500 0.574681 0.011332
4.677500 0.537809 0.017202
4.682500 0.473365 0.031131
4.687500 0.545743 0.004429
4.692500 0.586507 0.006440
4.697500 0.683378 0.018409
4.702500 0.781487 0.042960
4.707500 0.808879 0.016531
4.712500 0.829041 0.040310
4.717500 0.805095 0.027320
4.722500 0.849453 0.006524
4.727500 0.903764 0.014422
4.732500 0.898532 0.015992
4.737500 0.878798 0.038668
4.742500 0.906166 0.025155
4.747500 0.852551 0.024519
4.752500 0.849198 0.041430
4.757500 0.867241 0.044357
4.762500 0.886130 0.008130
4.767500 0.847886 0.046934
4.772500 0.859058 0.037935
4.777500 0.843739 0.037671
4.782500 0.780481 0.019171
4.787500 0.796519 0.017054
4.792500 0.864413 0.035408
4.797500 0.874930 0.037724
4.802500 0.890309 0.024415
4.807500 0.871849 0.036400
4.812500 0.900037 0.045645
4.817500 0.877760 0.049373
4.822500 0.862640 0.042079
4.827500 0.887357 0.044829
4.832500 0.891730 0.044776
4.837500 0.836340 0.010778
4.842500 0.917954 0.018960
4.847500 0.976364 0.032744
4.852500 0.938152 0.042351
4.857500 0.979575 0.043213
4.862500 0.947279 0.034646
4.867500 0.910996 0.005472
4.872500 0.930236 0.014231
4.877500 0.976496 0.019607
4.882500 0.933203 0.013610
4.887500 0.876570 0.018771
4.892500 0.844590 0.052603
4.897500 0.792682 0.026972
4.902500 0.832304 0.070281
4.907500 0.937628 0.037903
4.912500 0.844362 0.031693
4.917500 0.756295 0.023630
4.922500 0.775622 0.023022
4.927500 0.862271 0.041991
4.932500 0.971392 0.006519
4.937500 0.954053 0.032078
4.942500 0.922279 0.022887
4.947500 0.884470 0.026887
4.952500 0.887132 0.036674
4.957500 0.906840 0.040165
4.962500 0.859793 0.024964
4.967500 0.891297 0.048215
4.972500 0.825103 0.021497
4.977500 0.866287 0.021948
4.982500 0.844161 0.021530
4.987500 0.816991 0.051161
4.992500 0.920944 0.036618
4.997500 0.934239 0.057790
5.002500 0.941978 0.016192
5.007500 0.893041 0.007150
5.012500 0.918640 0.006200
5.017500 0.935957 0.012115
5.022500 0.914846 0.028859
5.027500 0.869334 0.009558
5.032500 0.934926 0.017725
5.037500 0.924258 0.030202
5.042500 0.908028 0.051244
5.047500 0.931988 0.020465
5.052500 0.962568 0.043589
5.057500 0.931462 0.044803
5.062500 0.900913 0.032498
5.067500 0.860788 0.072303
5.072500 0.824952 0.056943
5.077500 0.830111 0.054165
5.082500 0.865501 0.021531
5.087500 0.964796 0.007177
5.092500 0.822194 0.051972
5.097500 0.779726 0.033075
