# DATE = 2025-03-12
# PIPE_VER = 1.17.1
# PMAP = jwst_1322.pmap
# STANDARD_STAR = SNAP-2
# 
# Wavelength (microns), arbitrary reflectance, uncertainty
0.702500 0.918999 0.013704
0.707500 0.892760 0.014493
0.712500 0.900878 0.005196
0.717500 0.911353 0.007709
0.722500 0.898213 0.005590
0.727500 0.903059 0.012214
0.732500 0.903901 0.025952
0.737500 0.910097 0.021266
0.742500 0.909098 0.014931
0.747500 0.917233 0.016406
0.752500 0.926596 0.008031
0.757500 0.902418 0.021152
0.762500 0.940200 0.015272
0.767500 0.937176 0.010347
0.772500 0.942124 0.006445
0.777500 0.956497 0.009414
0.782500 0.939243 0.020585
0.787500 0.917244 0.027006
0.792500 0.911622 0.017008
0.797500 0.897353 0.018485
0.802500 0.884410 0.025288
0.807500 0.905164 0.023609
0.812500 0.941490 0.016920
0.817500 0.959818 0.016757
0.822500 0.966762 0.015827
0.827500 0.964839 0.012688
0.832500 0.970341 0.005003
0.837500 0.947536 0.012240
0.842500 0.940722 0.018979
0.847500 0.929864 0.021280
0.852500 0.929109 0.021972
0.857500 0.932721 0.020783
0.862500 0.932185 0.013863
0.867500 0.939402 0.022526
0.872500 0.957292 0.014075
0.877500 0.947903 0.011489
0.882500 0.951753 0.007044
0.887500 0.950998 0.016583
0.892500 0.974266 0.010416
0.897500 0.969035 0.016279
0.902500 0.963801 0.014873
0.907500 0.956950 0.012339
0.912500 0.953330 0.010608
0.917500 0.950030 0.009347
0.922500 0.966674 0.005722
0.927500 0.955086 0.011381
0.932500 0.971337 0.006076
0.937500 0.967816 0.010793
0.942500 0.970819 0.012551
0.947500 0.973322 0.008757
0.952500 0.974361 0.007129
0.957500 0.986569 0.012371
0.962500 0.981441 0.013321
0.967500 0.987235 0.010591
0.972500 0.987331 0.010033
0.977500 0.989864 0.009881
0.982500 0.994847 0.009525
0.987500 0.996275 0.013274
0.992500 1.005859 0.009106
0.997500 1.005721 0.012950
1.002500 1.007690 0.015277
1.007500 1.017475 0.014903
1.012500 1.012514 0.012429
1.017500 1.005371 0.010008
1.022500 1.002808 0.009074
1.027500 1.000361 0.012626
1.032500 1.005200 0.011615
1.037500 1.007750 0.006644
1.042500 0.998822 0.009079
1.047500 1.006272 0.009372
1.052500 1.010998 0.011557
1.057500 1.005582 0.007094
1.062500 1.004777 0.007404
1.067500 0.998419 0.007757
1.072500 0.999267 0.006399
1.077500 1.004448 0.007461
1.082500 1.002485 0.008813
1.087500 1.006088 0.009200
1.092500 1.014820 0.009725
1.097500 1.016360 0.010069
1.102500 1.019193 0.012473
1.107500 1.028563 0.009692
1.112500 1.023538 0.011052
1.117500 1.015781 0.007654
1.122500 1.024764 0.007116
1.127500 1.033968 0.008888
1.132500 1.031927 0.014460
1.137500 1.029433 0.011357
1.142500 1.029861 0.008736
1.147500 1.028779 0.006040
1.152500 1.028887 0.006881
1.157500 1.026240 0.011377
1.162500 1.028574 0.014722
1.167500 1.031234 0.019658
1.172500 1.033970 0.017184
1.177500 1.036550 0.013552
1.182500 1.049081 0.012365
1.187500 1.041810 0.009022
1.192500 1.041110 0.007684
1.197500 1.043744 0.008962
1.202500 1.044669 0.010495
1.207500 1.054603 0.006832
1.212500 1.058648 0.008914
1.217500 1.061668 0.011340
1.222500 1.047846 0.010861
1.227500 1.037812 0.008982
1.232500 1.041871 0.010182
1.237500 1.033614 0.008939
1.242500 1.036374 0.009502
1.247500 1.044047 0.009835
1.252500 1.039799 0.011510
1.257500 1.039570 0.014611
1.262500 1.038706 0.016014
1.267500 1.031802 0.019859
1.272500 1.020045 0.011325
1.277500 1.032804 0.016530
1.282500 1.043380 0.013489
1.287500 1.048408 0.010095
1.292500 1.059500 0.009369
1.297500 1.061211 0.008479
1.302500 1.054902 0.014945
1.307500 1.053538 0.016562
1.312500 1.045851 0.014593
1.317500 1.030189 0.004472
1.322500 1.010740 0.013853
1.327500 1.047950 0.019926
1.332500 1.046545 0.021625
1.337500 1.050260 0.025911
1.342500 1.044329 0.014276
1.347500 1.048483 0.008309
1.352500 1.054598 0.010995
1.357500 1.056045 0.009065
1.362500 1.059341 0.009090
1.367500 1.063490 0.008142
1.372500 1.059856 0.007785
1.377500 1.068966 0.004586
1.382500 1.060776 0.008480
1.387500 1.059583 0.012117
1.392500 1.058111 0.011339
1.397500 1.055358 0.012394
1.402500 1.053440 0.016233
1.407500 1.058676 0.013656
1.412500 1.059404 0.016787
1.417500 1.061856 0.014490
1.422500 1.050980 0.008836
1.427500 1.053545 0.008586
1.432500 1.052446 0.008926
1.437500 1.044596 0.006584
1.442500 1.043516 0.010265
1.447500 1.041323 0.009699
1.452500 1.039420 0.007888
1.457500 1.039115 0.008200
1.462500 1.034874 0.009716
1.467500 1.024922 0.010445
1.472500 1.027504 0.013704
1.477500 1.009018 0.006656
1.482500 1.001073 0.004509
1.487500 1.004638 0.005171
1.492500 0.997929 0.004841
1.497500 0.994551 0.004279
1.502500 0.991850 0.003917
1.507500 0.994534 0.006796
1.512500 0.995639 0.006235
1.517500 1.002521 0.006831
1.522500 1.001329 0.006296
1.527500 1.000819 0.005820
1.532500 1.001985 0.004954
1.537500 0.984144 0.007782
1.542500 0.976705 0.011323
1.547500 0.981981 0.010635
1.552500 0.980914 0.006344
1.557500 0.992611 0.019969
1.562500 0.996202 0.017537
1.567500 0.994315 0.015617
1.572500 1.000063 0.016620
1.577500 1.003970 0.017148
1.582500 1.008335 0.015445
1.587500 1.002095 0.017055
1.592500 1.004567 0.015836
1.597500 1.000548 0.007569
1.602500 1.005515 0.005732
1.607500 1.016124 0.007956
1.612500 1.021341 0.008600
1.617500 1.029375 0.012350
1.622500 1.029140 0.011707
1.627500 1.028115 0.011316
1.632500 1.027636 0.010081
1.637500 1.024248 0.011937
1.642500 1.023868 0.014169
1.647500 1.032604 0.010491
1.652500 1.039992 0.009156
1.657500 1.035559 0.008576
1.662500 1.041415 0.007909
1.667500 1.038519 0.004746
1.672500 1.048470 0.004341
1.677500 1.059200 0.006685
1.682500 1.060425 0.009138
1.687500 1.068481 0.012708
1.692500 1.068617 0.014995
1.697500 1.065995 0.017064
1.702500 1.077972 0.011751
1.707500 1.061920 0.015261
1.712500 1.066742 0.014330
1.717500 1.074984 0.011581
1.722500 1.076290 0.016189
1.727500 1.080147 0.011532
1.732500 1.083728 0.007739
1.737500 1.074070 0.008619
1.742500 1.067583 0.011171
1.747500 1.066255 0.012499
1.752500 1.067279 0.009437
1.757500 1.073866 0.016047
1.762500 1.072514 0.012841
1.767500 1.082422 0.014544
1.772500 1.080513 0.017580
1.777500 1.075825 0.013183
1.782500 1.067049 0.011007
1.787500 1.076727 0.014247
1.792500 1.071329 0.010624
1.797500 1.066145 0.013047
1.802500 1.072248 0.014461
1.807500 1.080876 0.009787
1.812500 1.069471 0.013287
1.817500 1.065252 0.012487
1.822500 1.065602 0.010127
1.827500 1.065022 0.009950
1.832500 1.071546 0.005610
1.837500 1.068196 0.007471
1.842500 1.071205 0.006762
1.847500 1.082491 0.008759
1.852500 1.076103 0.012950
1.857500 1.087260 0.007328
1.862500 1.093180 0.004901
1.867500 1.088296 0.006514
1.872500 1.079828 0.020968
1.877500 1.072156 0.006862
1.882500 1.072297 0.005256
1.887500 1.079617 0.004956
1.892500 1.077071 0.005837
1.897500 1.068990 0.006650
1.902500 1.066592 0.008464
1.907500 1.059263 0.018143
1.912500 1.052348 0.012965
1.917500 1.052442 0.008881
1.922500 1.056370 0.008068
1.927500 1.041266 0.019413
1.932500 1.031499 0.019934
1.937500 1.023454 0.008474
1.942500 1.015758 0.009927
1.947500 1.009040 0.015407
1.952500 0.995877 0.003566
1.957500 0.997958 0.004874
1.962500 0.992600 0.004861
1.967500 0.987658 0.010296
1.972500 0.980492 0.008264
1.977500 0.979555 0.006841
1.982500 0.963668 0.010104
1.987500 0.965640 0.011991
1.992500 0.963068 0.010970
1.997500 0.963001 0.012472
2.002500 0.967787 0.006352
2.007500 0.962023 0.004969
2.012500 0.967139 0.006078
2.017500 0.960384 0.006393
2.022500 0.954761 0.012495
2.027500 0.963452 0.012747
2.032500 0.968885 0.011210
2.037500 0.963217 0.016235
2.042500 0.958871 0.009686
2.047500 0.959795 0.005555
2.052500 0.961625 0.006282
2.057500 0.978795 0.008285
2.062500 0.969822 0.007382
2.067500 0.972837 0.004840
2.072500 0.978915 0.004706
2.077500 0.976425 0.007254
2.082500 0.994454 0.011987
2.087500 0.995288 0.009454
2.092500 0.996486 0.008059
2.097500 1.009228 0.010461
2.102500 1.001399 0.005079
2.107500 1.009837 0.004207
2.112500 1.018145 0.006051
2.117500 1.038671 0.009199
2.122500 1.045347 0.008202
2.127500 1.062013 0.003410
2.132500 1.066871 0.009898
2.137500 1.075319 0.010951
2.142500 1.078809 0.012840
2.147500 1.081868 0.014796
2.152500 1.095117 0.014223
2.157500 1.091246 0.006847
2.162500 1.082975 0.010214
2.167500 1.091814 0.016302
2.172500 1.093930 0.013557
2.177500 1.098682 0.009096
2.182500 1.105561 0.010307
2.187500 1.092231 0.009394
2.192500 1.100939 0.010198
2.197500 1.098442 0.006651
2.202500 1.092545 0.004643
2.207500 1.085650 0.006270
2.212500 1.087725 0.003688
2.217500 1.103898 0.004867
2.222500 1.112102 0.019485
2.227500 1.104067 0.018846
2.232500 1.108468 0.014846
2.237500 1.099372 0.008009
2.242500 1.109950 0.003117
2.247500 1.111873 0.002923
2.252500 1.120771 0.008547
2.257500 1.125525 0.010767
2.262500 1.113562 0.014883
2.267500 1.095505 0.015939
2.272500 1.090487 0.013895
2.277500 1.097498 0.008844
2.282500 1.106080 0.011424
2.287500 1.126010 0.012232
2.292500 1.126283 0.015103
2.297500 1.100722 0.017158
2.302500 1.087983 0.009521
2.307500 1.080611 0.012530
2.312500 1.083543 0.006653
2.317500 1.093661 0.011230
2.322500 1.106009 0.015040
2.327500 1.100604 0.017145
2.332500 1.076649 0.016668
2.337500 1.064836 0.005136
2.342500 1.063830 0.006292
2.347500 1.074494 0.004177
2.352500 1.076639 0.007257
2.357500 1.072388 0.003209
2.362500 1.066741 0.005044
2.367500 1.064104 0.008259
2.372500 1.059134 0.004378
2.377500 1.060602 0.012750
2.382500 1.055725 0.013374
2.387500 1.066807 0.015881
2.392500 1.061871 0.005506
2.397500 1.070634 0.005262
2.402500 1.073241 0.013867
2.407500 1.067822 0.016200
2.412500 1.044960 0.016993
2.417500 1.059206 0.023040
2.422500 1.048106 0.010684
2.427500 1.038477 0.017428
2.432500 1.055172 0.017957
2.437500 1.047463 0.014041
2.442500 1.045045 0.010110
2.447500 1.045017 0.015394
2.452500 1.056642 0.004278
2.457500 1.052951 0.006604
2.462500 1.052884 0.004034
2.467500 1.046064 0.012046
2.472500 1.042771 0.012185
2.477500 1.023357 0.011640
2.482500 1.038942 0.020893
2.487500 1.048606 0.017647
2.492500 1.053921 0.013340
2.497500 1.038648 0.006699
2.502500 1.027737 0.006861
2.507500 1.034551 0.008940
2.512500 1.044898 0.005126
2.517500 1.037609 0.009027
2.522500 1.030030 0.012595
2.527500 1.031949 0.005233
2.532500 1.030247 0.005916
2.537500 1.021503 0.004739
2.542500 1.026347 0.003116
2.547500 1.020062 0.003688
2.552500 1.018493 0.003925
2.557500 1.008557 0.001625
2.562500 1.014488 0.005635
2.567500 1.004302 0.005694
2.572500 1.003946 0.001346
2.577500 1.022223 0.008598
2.582500 1.016077 0.020891
2.587500 0.994639 0.015956
2.592500 0.985847 0.004966
2.597500 1.000000 0.008395
2.602500 1.010947 0.010127
2.607500 1.012842 0.007724
2.612500 1.004800 0.012338
2.617500 0.991224 0.006614
2.622500 0.995199 0.003791
2.627500 0.985859 0.004684
2.632500 0.983764 0.003612
2.637500 0.980438 0.002819
2.642500 0.985992 0.004897
2.647500 0.980058 0.010542
2.652500 0.976228 0.005499
2.657500 0.963366 0.002254
2.662500 0.963828 0.008671
2.667500 0.964777 0.014230
2.672500 0.953796 0.011983
2.677500 0.933046 0.006335
2.682500 0.929357 0.007724
2.687500 0.928709 0.018501
2.692500 0.906534 0.007647
2.697500 0.886294 0.006266
2.702500 0.872673 0.001947
2.707500 0.873868 0.007193
2.712500 0.868846 0.002184
2.717500 0.838861 0.009119
2.722500 0.830662 0.007809
2.727500 0.830549 0.008745
2.732500 0.816358 0.013648
2.737500 0.803531 0.007628
2.742500 0.780347 0.007725
2.747500 0.744933 0.013030
2.752500 0.707094 0.003993
2.757500 0.697135 0.003964
2.762500 0.685656 0.009319
2.767500 0.675826 0.010222
2.772500 0.655624 0.005580
2.777500 0.601907 0.015167
2.782500 0.591520 0.011834
2.787500 0.584342 0.004243
2.792500 0.557044 0.005378
2.797500 0.545219 0.002574
2.802500 0.513433 0.014238
2.807500 0.485785 0.004865
2.812500 0.476594 0.003785
2.817500 0.468183 0.004877
2.822500 0.461734 0.009371
2.827500 0.450641 0.008915
2.832500 0.421115 0.009777
2.837500 0.394898 0.012092
2.842500 0.393631 0.006415
2.847500 0.364390 0.006225
2.852500 0.344896 0.001939
2.857500 0.341676 0.009284
2.862500 0.318274 0.011432
2.867500 0.317804 0.011504
2.872500 0.317308 0.003759
2.877500 0.304406 0.009937
2.882500 0.298139 0.018960
2.887500 0.292110 0.016738
2.892500 0.285261 0.019708
2.897500 0.280430 0.018070
2.902500 0.255984 0.019981
2.907500 0.253377 0.005659
2.912500 0.252119 0.007088
2.917500 0.244721 0.014212
2.922500 0.243818 0.013632
2.927500 0.243824 0.006554
2.932500 0.243887 0.009739
2.937500 0.232826 0.004084
2.942500 0.234049 0.004635
2.947500 0.235223 0.002092
2.952500 0.228105 0.001235
2.957500 0.206348 0.008613
2.962500 0.217784 0.002944
2.967500 0.220216 0.008198
2.972500 0.221201 0.016411
2.977500 0.228874 0.018770
2.982500 0.225019 0.010310
2.987500 0.231844 0.011771
2.992500 0.235295 0.007024
2.997500 0.217462 0.003426
3.002500 0.222309 0.003534
3.007500 0.231828 0.009107
3.012500 0.242630 0.005462
3.017500 0.228823 0.012300
3.022500 0.226729 0.004530
3.027500 0.217598 0.018924
3.032500 0.221472 0.024668
3.037500 0.236734 0.010261
3.042500 0.239122 0.007385
3.047500 0.257383 0.004352
3.052500 0.272941 0.001651
3.057500 0.292111 0.011208
3.062500 0.310214 0.007913
3.067500 0.316783 0.007792
3.072500 0.324405 0.006655
3.077500 0.345951 0.006491
3.082500 0.373566 0.013594
3.087500 0.394870 0.005853
3.092500 0.404924 0.011036
3.097500 0.397229 0.010613
3.102500 0.427107 0.012244
3.107500 0.440910 0.011815
3.112500 0.410711 0.027437
3.117500 0.365210 0.034162
3.122500 0.361577 0.006491
3.127500 0.340643 0.013760
3.132500 0.333709 0.012094
3.137500 0.327867 0.014028
3.142500 0.312299 0.018559
3.147500 0.292730 0.008040
3.152500 0.286057 0.017213
3.157500 0.283196 0.007696
3.162500 0.279809 0.009008
3.167500 0.278272 0.002274
3.172500 0.288266 0.008176
3.177500 0.279172 0.016516
3.182500 0.260699 0.008059
3.187500 0.262170 0.003738
3.192500 0.285722 0.006726
3.197500 0.307564 0.017193
3.202500 0.315928 0.008147
3.207500 0.312467 0.012548
3.212500 0.317587 0.010557
3.217500 0.317992 0.010031
3.222500 0.313457 0.008094
3.227500 0.322115 0.005515
3.232500 0.340804 0.012865
3.237500 0.359819 0.005252
3.242500 0.366645 0.005477
3.247500 0.388978 0.008465
3.252500 0.415466 0.002517
3.257500 0.423824 0.005136
3.262500 0.451304 0.004432
3.267500 0.476990 0.007332
3.272500 0.509973 0.007038
3.277500 0.528004 0.008029
3.282500 0.550622 0.009058
3.287500 0.576537 0.013940
3.292500 0.609948 0.015435
3.297500 0.633013 0.010567
3.302500 0.638553 0.006418
3.307500 0.677570 0.015769
3.312500 0.707999 0.031487
3.317500 0.725495 0.015954
3.322500 0.744262 0.023663
3.327500 0.766520 0.018081
3.332500 0.805658 0.005837
3.337500 0.818451 0.009007
3.342500 0.847097 0.018133
3.347500 0.879533 0.010048
3.352500 0.866768 0.025669
3.357500 0.863908 0.002465
3.362500 0.889278 0.014789
3.367500 0.883773 0.011686
3.372500 0.912237 0.010792
3.377500 0.918002 0.013321
3.382500 0.949788 0.008266
3.387500 0.953419 0.003081
3.392500 0.985437 0.013764
3.397500 0.975672 0.023138
3.402500 0.983796 0.026365
3.407500 0.986531 0.013076
3.412500 0.997094 0.008990
3.417500 1.011395 0.010606
3.422500 0.978198 0.005882
3.427500 0.994796 0.008314
3.432500 1.002174 0.013469
3.437500 1.014648 0.015791
3.442500 1.007984 0.029761
3.447500 0.992522 0.012735
3.452500 1.029620 0.021272
3.457500 1.021541 0.026523
3.462500 1.018583 0.016101
3.467500 1.030602 0.021827
3.472500 1.030851 0.009945
3.477500 1.043162 0.015389
3.482500 1.032295 0.010055
3.487500 1.017157 0.034234
3.492500 1.024719 0.016859
3.497500 1.033020 0.007993
3.502500 1.067691 0.021580
3.507500 1.059766 0.011722
3.512500 1.072691 0.013768
3.517500 1.075765 0.023194
3.522500 1.093262 0.009664
3.527500 1.080021 0.006927
3.532500 1.053539 0.008168
3.537500 1.045523 0.008659
3.542500 1.033280 0.004676
3.547500 1.031730 0.015184
3.552500 1.050001 0.016074
3.557500 1.068198 0.011020
3.562500 1.056870 0.010868
3.567500 1.044083 0.011211
3.572500 1.024671 0.011614
3.577500 1.001520 0.017164
3.582500 1.020556 0.018492
3.587500 1.053112 0.014423
3.592500 1.061318 0.024211
3.597500 1.072696 0.002401
3.602500 1.073961 0.005853
3.607500 1.073995 0.014694
3.612500 1.056517 0.020277
3.617500 1.016651 0.015324
3.622500 0.990679 0.019184
3.627500 1.009641 0.017817
3.632500 1.020148 0.025789
3.637500 1.005654 0.040032
3.642500 0.995176 0.041825
3.647500 1.027610 0.022233
3.652500 1.057426 0.026250
3.657500 1.064773 0.013054
3.662500 1.046211 0.009031
3.667500 1.052603 0.040599
3.672500 1.051598 0.022815
3.677500 1.072910 0.004139
3.682500 0.980873 0.012688
3.687500 0.953930 0.020513
3.692500 0.959189 0.036611
3.697500 0.946513 0.037004
3.702500 0.961599 0.013842
3.707500 0.990552 0.021487
3.712500 0.998922 0.011403
3.717500 1.010890 0.030126
3.722500 1.014257 0.017618
3.727500 0.994102 0.019218
3.732500 0.973440 0.007468
3.737500 0.953535 0.009242
3.742500 0.942643 0.006467
3.747500 0.934338 0.011479
3.752500 0.933322 0.016707
3.757500 0.969385 0.016517
3.762500 0.971967 0.012395
3.767500 0.958640 0.018954
3.772500 0.931228 0.020002
3.777500 0.895601 0.018774
3.782500 0.900615 0.003715
3.787500 0.890366 0.014442
3.792500 0.891764 0.008475
3.797500 0.894386 0.013450
3.802500 0.907287 0.010345
3.807500 0.881070 0.002431
3.812500 0.884096 0.012043
3.817500 0.842174 0.007225
3.822500 0.831810 0.013632
3.827500 0.882791 0.017028
3.832500 0.885915 0.015093
3.837500 0.867571 0.028539
3.842500 0.823601 0.046945
3.847500 0.829050 0.014798
3.852500 0.835792 0.010389
3.857500 0.831403 0.014340
3.862500 0.823217 0.010149
3.867500 0.814624 0.016357
3.872500 0.805521 0.016508
3.877500 0.802210 0.013747
3.882500 0.811882 0.018517
3.887500 0.803424 0.010236
3.892500 0.807378 0.029287
3.897500 0.803050 0.033365
3.902500 0.803257 0.011641
3.907500 0.839865 0.011687
3.912500 0.822643 0.014973
3.917500 0.788012 0.011156
3.922500 0.804836 0.025638
3.927500 0.768508 0.037940
3.932500 0.792159 0.028171
3.937500 0.800540 0.033423
3.942500 0.767865 0.026866
3.947500 0.739578 0.011838
3.952500 0.734441 0.022797
3.957500 0.731594 0.037700
3.962500 0.734080 0.016396
3.967500 0.716405 0.016137
3.972500 0.728451 0.008827
3.977500 0.749411 0.020967
3.982500 0.767756 0.005341
3.987500 0.734467 0.022923
3.992500 0.741916 0.024180
3.997500 0.716374 0.031373
4.002500 0.669712 0.025509
4.007500 0.692423 0.010819
4.012500 0.719028 0.007696
4.017500 0.736660 0.005189
4.022500 0.700183 0.014404
4.027500 0.710371 0.009469
4.032500 0.732049 0.026273
4.037500 0.744261 0.013746
4.042500 0.658855 0.025863
4.047500 0.686646 0.033244
4.052500 0.691978 0.009184
4.057500 0.657174 0.031952
4.062500 0.687647 0.015903
4.067500 0.664911 0.015220
4.072500 0.724605 0.009639
4.077500 0.720307 0.036599
4.082500 0.723720 0.040762
4.087500 0.690622 0.019403
4.092500 0.667120 0.026433
4.097500 0.665913 0.018663
4.102500 0.615212 0.016519
4.107500 0.579252 0.008271
4.112500 0.581034 0.024902
4.117500 0.618033 0.026216
4.122500 0.617546 0.041667
4.127500 0.609132 0.025256
4.132500 0.593335 0.017087
4.137500 0.618042 0.006059
4.142500 0.615549 0.025838
4.147500 0.565657 0.029401
4.152500 0.569207 0.004203
4.157500 0.629308 0.020723
4.162500 0.615950 0.030172
4.167500 0.618665 0.030655
4.172500 0.627671 0.009566
4.177500 0.606972 0.010627
4.182500 0.647735 0.012240
4.187500 0.679319 0.014467
4.192500 0.678354 0.026398
4.197500 0.729699 0.027063
4.202500 0.681599 0.015945
4.207500 0.658920 0.012210
4.212500 0.585400 0.033406
4.217500 0.596605 0.025968
4.222500 0.586014 0.020627
4.227500 0.579887 0.034343
4.232500 0.552987 0.025257
4.237500 0.574480 0.055080
4.242500 0.562181 0.031013
4.247500 0.575038 0.003082
4.252500 0.541814 0.011506
4.257500 0.474758 0.004019
4.262500 0.474302 0.009074
4.267500 0.456726 0.007408
4.272500 0.486721 0.016751
4.277500 0.527538 0.025234
4.282500 0.551742 0.027908
4.287500 0.571927 0.006584
4.292500 0.607063 0.005045
4.297500 0.626503 0.035105
4.302500 0.664788 0.030752
4.307500 0.671736 0.015112
4.312500 0.750288 0.006418
4.317500 0.701808 0.004918
4.322500 0.645368 0.012541
4.327500 0.582275 0.006104
4.332500 0.562928 0.005568
4.337500 0.593253 0.034863
4.342500 0.602559 0.018840
4.347500 0.636498 0.021998
4.352500 0.601784 0.042861
4.357500 0.610242 0.037968
4.362500 0.600324 0.022756
4.367500 0.588620 0.031920
4.372500 0.541724 0.032581
4.377500 0.469086 0.044971
4.382500 0.411482 0.037697
4.387500 0.491398 0.060248
4.392500 0.549366 0.030424
4.397500 0.598662 0.033969
4.402500 0.613247 0.011665
4.407500 0.569900 0.030707
4.412500 0.548796 0.025479
4.417500 0.491899 0.016229
4.422500 0.489458 0.013172
4.427500 0.497449 0.037994
4.432500 0.480017 0.012050
4.437500 0.512509 0.016992
4.442500 0.568946 0.018086
4.447500 0.541439 0.012689
4.452500 0.508904 0.032949
4.457500 0.504860 0.024536
4.462500 0.579759 0.001503
4.467500 0.522238 0.039980
4.472500 0.496788 0.054050
4.477500 0.510311 0.005158
4.482500 0.512829 0.033431
4.487500 0.550447 0.023830
4.492500 0.507217 0.030875
4.497500 0.482502 0.033300
4.502500 0.492887 0.016311
4.507500 0.552657 0.039029
4.512500 0.597275 0.018062
4.517500 0.501964 0.041391
4.522500 0.525442 0.065408
4.527500 0.589820 0.017529
4.532500 0.575404 0.010682
4.537500 0.568027 0.012450
4.542500 0.631447 0.023577
4.547500 0.591105 0.016780
4.552500 0.543592 0.035708
4.557500 0.528485 0.016190
4.562500 0.528918 0.028010
4.567500 0.564504 0.023914
4.572500 0.607131 0.027994
4.577500 0.608920 0.016301
4.582500 0.600284 0.030454
4.587500 0.598726 0.012826
4.592500 0.599281 0.024154
4.597500 0.599312 0.018146
4.602500 0.628308 0.037401
4.607500 0.585824 0.025599
4.612500 0.532437 0.044744
4.617500 0.553825 0.046529
4.622500 0.603191 0.036546
4.627500 0.615267 0.035409
4.632500 0.555951 0.025460
4.637500 0.572789 0.058251
4.642500 0.522556 0.024219
4.647500 0.516128 0.023790
4.652500 0.580370 0.041304
4.657500 0.666567 0.027506
4.662500 0.730450 0.051213
4.667500 0.677657 0.057061
4.672500 0.641973 0.050967
4.677500 0.651913 0.019893
4.682500 0.642137 0.047219
4.687500 0.598721 0.025172
4.692500 0.679458 0.040718
4.697500 0.701442 0.023355
4.702500 0.712539 0.009688
4.707500 0.632415 0.017990
4.712500 0.599983 0.015141
4.717500 0.681483 0.012574
4.722500 0.664336 0.029616
4.727500 0.669758 0.045070
4.732500 0.685689 0.044509
4.737500 0.707466 0.026479
4.742500 0.695946 0.021869
4.747500 0.753906 0.046782
4.752500 0.705512 0.061418
4.757500 0.734960 0.058849
4.762500 0.700246 0.023451
4.767500 0.685123 0.028736
4.772500 0.633273 0.037136
4.777500 0.684624 0.053779
4.782500 0.669802 0.037187
4.787500 0.637706 0.016065
4.792500 0.724880 0.038499
4.797500 0.727720 0.012209
4.802500 0.693579 0.032119
4.807500 0.698751 0.010419
4.812500 0.691442 0.022006
4.817500 0.775774 0.042243
4.822500 0.816895 0.035979
4.827500 0.753441 0.025462
4.832500 0.676387 0.013902
4.837500 0.656005 0.013221
4.842500 0.684454 0.024575
4.847500 0.680010 0.033896
4.852500 0.654997 0.029821
4.857500 0.748460 0.013873
4.862500 0.707920 0.018919
4.867500 0.705374 0.011948
4.872500 0.674087 0.013259
4.877500 0.700133 0.066556
4.882500 0.725517 0.042383
4.887500 0.643871 0.034940
4.892500 0.771373 0.053533
4.897500 0.855286 0.036702
4.902500 0.766691 0.078104
4.907500 0.788311 0.041968
4.912500 0.742911 0.070980
4.917500 0.753682 0.028606
4.922500 0.804988 0.028636
4.927500 0.821400 0.035479
4.932500 0.868933 0.019604
4.937500 0.892446 0.051082
4.942500 0.874271 0.024099
4.947500 0.832453 0.047501
4.952500 0.747897 0.040221
4.957500 0.823219 0.032414
4.962500 0.820306 0.064797
4.967500 0.848738 0.084366
4.972500 0.884520 0.067747
4.977500 0.803805 0.011572
4.982500 0.774254 0.035001
4.987500 0.857820 0.056600
4.992500 0.775339 0.051066
4.997500 0.740886 0.014551
5.002500 0.803358 0.017510
5.007500 0.783449 0.010772
5.012500 0.834940 0.077256
5.017500 0.728474 0.049509
5.022500 0.663615 0.017626
5.027500 0.777072 0.055059
5.032500 0.857723 0.095363
5.037500 0.791047 0.065691
5.042500 0.850963 0.028394
5.047500 0.735260 0.079917
5.052500 0.726855 0.020801
5.057500 0.644685 0.043775
5.062500 0.720798 0.078733
5.067500 0.751673 0.065603
5.072500 0.657618 0.061609
5.077500 0.733449 0.097974
5.082500 0.798825 0.037606
5.087500 0.643671 0.030892
5.092500 0.569544 0.009514
5.097500 0.662674 0.065425
