# DATE = 2025-03-12
# PIPE_VER = 1.17.1
# PMAP = jwst_1322.pmap
# STANDARD_STAR = SNAP-2
# 
# Wavelength (microns), arbitrary reflectance, uncertainty
0.702500 0.588813 0.013862
0.707500 0.597313 0.019936
0.712500 0.614222 0.013784
0.717500 0.603548 0.011397
0.722500 0.612938 0.014342
0.727500 0.626677 0.019021
0.732500 0.645896 0.005939
0.737500 0.652779 0.009387
0.742500 0.637200 0.014087
0.747500 0.644818 0.008331
0.752500 0.662159 0.011345
0.757500 0.666147 0.014150
0.762500 0.668799 0.006850
0.767500 0.677960 0.005707
0.772500 0.670917 0.007868
0.777500 0.680711 0.014750
0.782500 0.701033 0.007016
0.787500 0.684636 0.004933
0.792500 0.672845 0.006331
0.797500 0.673431 0.007089
0.802500 0.698930 0.004266
0.807500 0.717363 0.004865
0.812500 0.745713 0.009291
0.817500 0.751301 0.016253
0.822500 0.744643 0.015085
0.827500 0.740940 0.010018
0.832500 0.747466 0.008883
0.837500 0.743103 0.011489
0.842500 0.748369 0.011131
0.847500 0.752482 0.011285
0.852500 0.757768 0.012984
0.857500 0.754733 0.016711
0.862500 0.768877 0.018043
0.867500 0.776903 0.009471
0.872500 0.784579 0.008710
0.877500 0.788736 0.009703
0.882500 0.792675 0.007259
0.887500 0.793762 0.009907
0.892500 0.803558 0.005855
0.897500 0.805320 0.010593
0.902500 0.803864 0.008875
0.907500 0.809550 0.013730
0.912500 0.812240 0.013575
0.917500 0.818704 0.009548
0.922500 0.822626 0.009155
0.927500 0.823429 0.007880
0.932500 0.837240 0.013687
0.937500 0.836726 0.014459
0.942500 0.845448 0.013832
0.947500 0.848855 0.012622
0.952500 0.851108 0.010825
0.957500 0.857305 0.016228
0.962500 0.856863 0.016992
0.967500 0.861965 0.015577
0.972500 0.862677 0.015540
0.977500 0.867489 0.011236
0.982500 0.883069 0.011159
0.987500 0.890748 0.012858
0.992500 0.889078 0.013077
0.997500 0.886265 0.020205
1.002500 0.889526 0.020145
1.007500 0.895069 0.017440
1.012500 0.895016 0.014993
1.017500 0.896095 0.015446
1.022500 0.904708 0.013882
1.027500 0.906236 0.016920
1.032500 0.908890 0.016235
1.037500 0.914272 0.018028
1.042500 0.907837 0.020144
1.047500 0.910047 0.018212
1.052500 0.912006 0.016552
1.057500 0.918420 0.016017
1.062500 0.923974 0.016839
1.067500 0.922986 0.020954
1.072500 0.924457 0.018509
1.077500 0.921459 0.019119
1.082500 0.934059 0.015762
1.087500 0.937296 0.016338
1.092500 0.940891 0.018836
1.097500 0.946405 0.015834
1.102500 0.946421 0.017412
1.107500 0.950932 0.015192
1.112500 0.957283 0.012361
1.117500 0.965294 0.010271
1.122500 0.965028 0.014258
1.127500 0.969617 0.015233
1.132500 0.970462 0.014488
1.137500 0.972850 0.014563
1.142500 0.977029 0.014401
1.147500 0.975267 0.014136
1.152500 0.979754 0.020690
1.157500 0.979044 0.021006
1.162500 0.982138 0.020420
1.167500 0.984864 0.017735
1.172500 0.984095 0.019692
1.177500 0.984977 0.020838
1.182500 0.995546 0.019989
1.187500 1.003210 0.019831
1.192500 1.003310 0.020303
1.197500 1.004603 0.017859
1.202500 1.006822 0.019181
1.207500 1.007117 0.019963
1.212500 1.012506 0.018896
1.217500 1.010044 0.018187
1.222500 1.009745 0.016909
1.227500 1.006013 0.019990
1.232500 1.003514 0.019738
1.237500 1.007375 0.018342
1.242500 1.005051 0.023412
1.247500 1.003378 0.029035
1.252500 1.001988 0.023434
1.257500 1.006589 0.022867
1.262500 1.006438 0.025748
1.267500 1.002880 0.025477
1.272500 1.005624 0.024898
1.277500 1.006295 0.032430
1.282500 1.017119 0.028199
1.287500 1.018468 0.032576
1.292500 1.013833 0.043211
1.297500 1.026972 0.033879
1.302500 1.023534 0.029700
1.307500 1.026311 0.023344
1.312500 1.033437 0.023977
1.317500 1.026063 0.020050
1.322500 1.042740 0.025333
1.327500 1.037885 0.026611
1.332500 1.028864 0.026906
1.337500 1.040270 0.027431
1.342500 1.041249 0.028630
1.347500 1.043831 0.025275
1.352500 1.047001 0.026311
1.357500 1.051887 0.028044
1.362500 1.054076 0.027751
1.367500 1.052489 0.031507
1.372500 1.052687 0.029579
1.377500 1.043173 0.027232
1.382500 1.047929 0.022526
1.387500 1.053307 0.020019
1.392500 1.055683 0.018259
1.397500 1.059320 0.017511
1.402500 1.051774 0.022815
1.407500 1.054246 0.023666
1.412500 1.060483 0.022234
1.417500 1.061833 0.023676
1.422500 1.058578 0.025848
1.427500 1.058366 0.024869
1.432500 1.057426 0.027012
1.437500 1.052119 0.027370
1.442500 1.050437 0.030665
1.447500 1.050085 0.031800
1.452500 1.048797 0.028278
1.457500 1.052140 0.029697
1.462500 1.055243 0.030874
1.467500 1.059192 0.026727
1.472500 1.063855 0.020541
1.477500 1.060140 0.016501
1.482500 1.047201 0.027262
1.487500 1.044961 0.031135
1.492500 1.042956 0.027951
1.497500 1.047343 0.024640
1.502500 1.046930 0.026391
1.507500 1.045657 0.028088
1.512500 1.039917 0.025595
1.517500 1.023623 0.016943
1.522500 1.027109 0.015572
1.527500 1.032150 0.018005
1.532500 1.027680 0.016632
1.537500 1.039321 0.023993
1.542500 1.036647 0.031338
1.547500 1.038634 0.026025
1.552500 1.046500 0.026435
1.557500 1.048040 0.030642
1.562500 1.037235 0.035642
1.567500 1.040362 0.038954
1.572500 1.035302 0.029415
1.577500 1.039681 0.026726
1.582500 1.041115 0.030310
1.587500 1.044095 0.029913
1.592500 1.053065 0.029666
1.597500 1.045233 0.026995
1.602500 1.048887 0.031957
1.607500 1.050545 0.031243
1.612500 1.056071 0.031477
1.617500 1.059867 0.032418
1.622500 1.063683 0.028261
1.627500 1.065683 0.028312
1.632500 1.070896 0.029521
1.637500 1.076784 0.031124
1.642500 1.075449 0.031320
1.647500 1.081980 0.028042
1.652500 1.085140 0.029591
1.657500 1.076049 0.030639
1.662500 1.072785 0.037786
1.667500 1.078520 0.037616
1.672500 1.081383 0.036183
1.677500 1.085190 0.035303
1.682500 1.080586 0.037132
1.687500 1.085332 0.038234
1.692500 1.089265 0.025906
1.697500 1.086530 0.028303
1.702500 1.094016 0.027316
1.707500 1.103730 0.028223
1.712500 1.105595 0.025199
1.717500 1.097906 0.031134
1.722500 1.084130 0.045333
1.727500 1.090950 0.037733
1.732500 1.084592 0.034240
1.737500 1.091489 0.032839
1.742500 1.100759 0.026638
1.747500 1.103811 0.031258
1.752500 1.109038 0.032985
1.757500 1.098450 0.037153
1.762500 1.095331 0.040518
1.767500 1.096993 0.039195
1.772500 1.089970 0.030421
1.777500 1.089412 0.032073
1.782500 1.093681 0.032957
1.787500 1.096165 0.029739
1.792500 1.088025 0.028123
1.797500 1.091674 0.030318
1.802500 1.092185 0.031347
1.807500 1.100485 0.030454
1.812500 1.102487 0.033891
1.817500 1.103596 0.034024
1.822500 1.106806 0.036161
1.827500 1.093415 0.032544
1.832500 1.098167 0.027679
1.837500 1.098324 0.027430
1.842500 1.111642 0.026216
1.847500 1.119181 0.027543
1.852500 1.111278 0.031852
1.857500 1.113090 0.035822
1.862500 1.125028 0.035322
1.867500 1.126826 0.026738
1.872500 1.118347 0.030843
1.877500 1.119994 0.037490
1.882500 1.122193 0.028847
1.887500 1.118833 0.022648
1.892500 1.100129 0.039768
1.897500 1.099698 0.040184
1.902500 1.094796 0.037478
1.907500 1.089411 0.032836
1.912500 1.093522 0.029792
1.917500 1.101703 0.026749
1.922500 1.087674 0.021625
1.927500 1.075299 0.024095
1.932500 1.065690 0.034100
1.937500 1.066762 0.035796
1.942500 1.040776 0.017508
1.947500 1.027710 0.021235
1.952500 1.025559 0.027971
1.957500 1.026582 0.026583
1.962500 1.020823 0.025634
1.967500 1.011362 0.032422
1.972500 1.011704 0.034867
1.977500 1.009960 0.032649
1.982500 1.016832 0.029120
1.987500 1.027881 0.023728
1.992500 1.027851 0.022557
1.997500 1.025390 0.023370
2.002500 1.010451 0.028734
2.007500 1.010819 0.031069
2.012500 1.022196 0.032456
2.017500 1.017594 0.028653
2.022500 1.020705 0.029147
2.027500 1.026182 0.028724
2.032500 1.021867 0.025980
2.037500 1.018186 0.026875
2.042500 1.013825 0.024863
2.047500 1.019548 0.022423
2.052500 1.029945 0.029003
2.057500 1.032334 0.030379
2.062500 1.036070 0.032163
2.067500 1.042309 0.028578
2.072500 1.048051 0.018434
2.077500 1.049565 0.020134
2.082500 1.064838 0.017173
2.087500 1.057370 0.023358
2.092500 1.049187 0.034261
2.097500 1.058486 0.033287
2.102500 1.056398 0.026844
2.107500 1.060278 0.021330
2.112500 1.049023 0.029890
2.117500 1.054668 0.031514
2.122500 1.054955 0.030184
2.127500 1.062247 0.028417
2.132500 1.069698 0.024791
2.137500 1.070267 0.024730
2.142500 1.063348 0.027969
2.147500 1.069400 0.031522
2.152500 1.069163 0.037786
2.157500 1.072565 0.033970
2.162500 1.081263 0.023537
2.167500 1.081604 0.027567
2.172500 1.091126 0.023094
2.177500 1.101174 0.012468
2.182500 1.101584 0.012031
2.187500 1.102145 0.012126
2.192500 1.081274 0.024473
2.197500 1.082282 0.029758
2.202500 1.088266 0.025389
2.207500 1.089223 0.030580
2.212500 1.078531 0.036532
2.217500 1.083776 0.038347
2.222500 1.083448 0.036972
2.227500 1.070669 0.023141
2.232500 1.066869 0.030586
2.237500 1.070375 0.026176
2.242500 1.058836 0.015520
2.247500 1.040208 0.016090
2.252500 1.040633 0.023915
2.257500 1.032645 0.016974
2.262500 1.024906 0.015697
2.267500 1.017872 0.020045
2.272500 1.019574 0.021164
2.277500 1.007868 0.014177
2.282500 1.000222 0.015100
2.287500 1.002817 0.019917
2.292500 1.001634 0.021382
2.297500 1.007274 0.024371
2.302500 1.010629 0.022009
2.307500 1.019463 0.020052
2.312500 1.017055 0.019107
2.317500 1.005808 0.025793
2.322500 1.010960 0.025248
2.327500 1.001799 0.011079
2.332500 0.986494 0.012978
2.337500 0.999141 0.008354
2.342500 1.003333 0.016390
2.347500 1.013929 0.015587
2.352500 1.023381 0.013621
2.357500 1.029748 0.016993
2.362500 1.037034 0.023135
2.367500 1.041298 0.023621
2.372500 1.039388 0.016403
2.377500 1.029716 0.020926
2.382500 1.028021 0.023307
2.387500 1.021106 0.022947
2.392500 1.015475 0.014003
2.397500 1.022685 0.012352
2.402500 1.028029 0.013876
2.407500 1.028975 0.018779
2.412500 1.029317 0.023438
2.417500 1.035826 0.021203
2.422500 1.031975 0.017713
2.427500 1.038214 0.009731
2.432500 1.035079 0.014917
2.437500 1.032054 0.007467
2.442500 1.010161 0.005683
2.447500 1.005948 0.009600
2.452500 1.004882 0.017422
2.457500 0.983451 0.018924
2.462500 0.988201 0.017698
2.467500 0.992065 0.019353
2.472500 0.975447 0.005008
2.477500 0.972046 0.014271
2.482500 0.974248 0.014068
2.487500 0.974560 0.012012
2.492500 0.975266 0.013389
2.497500 0.974849 0.012655
2.502500 0.975736 0.014178
2.507500 0.969824 0.013111
2.512500 0.973969 0.013886
2.517500 0.985111 0.017093
2.522500 0.985194 0.019149
2.527500 0.985830 0.023880
2.532500 0.984016 0.016135
2.537500 0.983526 0.011112
2.542500 0.989204 0.007647
2.547500 0.998574 0.008920
2.552500 1.013679 0.008674
2.557500 1.005610 0.014530
2.562500 1.001133 0.011046
2.567500 1.006191 0.003196
2.572500 1.017311 0.003874
2.577500 1.021112 0.009679
2.582500 1.019482 0.006903
2.587500 1.012409 0.006984
2.592500 1.000000 0.011204
2.597500 1.001212 0.005691
2.602500 1.007588 0.001586
2.607500 0.996532 0.006734
2.612500 0.994191 0.006155
2.617500 0.992370 0.011154
2.622500 0.998710 0.011091
2.627500 0.988912 0.016199
2.632500 0.978303 0.029531
2.637500 0.978176 0.016700
2.642500 0.965924 0.011357
2.647500 0.969408 0.004784
2.652500 0.947493 0.010596
2.657500 0.935133 0.014176
2.662500 0.937874 0.014808
2.667500 0.892813 0.009674
2.672500 0.864416 0.011485
2.677500 0.849111 0.028091
2.682500 0.799340 0.013627
2.687500 0.756311 0.018343
2.692500 0.749521 0.022067
2.697500 0.714733 0.009809
2.702500 0.690320 0.003453
2.707500 0.688131 0.005414
2.712500 0.693748 0.007649
2.717500 0.708332 0.008976
2.722500 0.699868 0.008065
2.727500 0.692572 0.014297
2.732500 0.669403 0.015501
2.737500 0.657027 0.013163
2.742500 0.621012 0.004527
2.747500 0.591102 0.005361
2.752500 0.563896 0.013250
2.757500 0.511227 0.009007
2.762500 0.509307 0.010791
2.767500 0.466981 0.011178
2.772500 0.442117 0.001905
2.777500 0.428251 0.003998
2.782500 0.385116 0.012832
2.787500 0.347070 0.001814
2.792500 0.341351 0.001073
2.797500 0.319541 0.002260
2.802500 0.295859 0.012530
2.807500 0.282203 0.008961
2.812500 0.249725 0.004302
2.817500 0.218961 0.001997
2.822500 0.207779 0.006110
2.827500 0.184716 0.004517
2.832500 0.157769 0.003713
2.837500 0.148841 0.004588
2.842500 0.133819 0.002273
2.847500 0.121070 0.003651
2.852500 0.114819 0.000910
2.857500 0.100160 0.001801
2.862500 0.088538 0.000900
2.867500 0.084324 0.005425
2.872500 0.074223 0.008235
2.877500 0.068076 0.003539
2.882500 0.068431 0.000583
2.887500 0.060449 0.000798
2.892500 0.059914 0.000387
2.897500 0.052912 0.001891
2.902500 0.052060 0.001215
2.907500 0.049807 0.003112
2.912500 0.047661 0.002043
2.917500 0.040028 0.000877
2.922500 0.038723 0.003757
2.927500 0.036570 0.001455
2.932500 0.035362 0.002917
2.937500 0.035440 0.003172
2.942500 0.030552 0.004155
2.947500 0.037180 0.002917
2.952500 0.041217 0.001573
2.957500 0.041838 0.001781
2.962500 0.037437 0.002392
2.967500 0.037198 0.003111
2.972500 0.039588 0.002316
2.977500 0.038191 0.000670
2.982500 0.033907 0.001545
2.987500 0.032267 0.001157
2.992500 0.031062 0.002263
2.997500 0.033680 0.002038
3.002500 0.035715 0.000075
3.007500 0.035624 0.002042
3.012500 0.034615 0.001351
3.017500 0.034023 0.004049
3.022500 0.028902 0.005173
3.027500 0.032649 0.003598
3.032500 0.029423 0.002389
3.037500 0.030965 0.002727
3.042500 0.027922 0.002700
3.047500 0.031494 0.006689
3.052500 0.036430 0.005656
3.057500 0.034226 0.007198
3.062500 0.038750 0.002424
3.067500 0.032981 0.004048
3.072500 0.029589 0.004326
3.077500 0.032033 0.003817
3.082500 0.035532 0.005951
3.087500 0.028758 0.005000
3.092500 0.028799 0.005661
3.097500 0.032207 0.005241
3.102500 0.035084 0.006425
3.107500 0.034213 0.004954
3.112500 0.034349 0.002157
3.117500 0.036375 0.001881
3.122500 0.041139 0.000717
3.127500 0.040030 0.003138
3.132500 0.044224 0.003314
3.137500 0.046749 0.003217
3.142500 0.043695 0.001133
3.147500 0.040632 0.002745
3.152500 0.048228 0.002130
3.157500 0.048878 0.002871
3.162500 0.051675 0.002903
3.167500 0.053292 0.002832
3.172500 0.057378 0.004535
3.177500 0.060958 0.005076
3.182500 0.058059 0.000950
3.187500 0.066202 0.003557
3.192500 0.064684 0.002749
3.197500 0.080024 0.008426
3.202500 0.088145 0.007691
3.207500 0.087528 0.008746
3.212500 0.089826 0.007736
3.217500 0.086480 0.004795
3.222500 0.087680 0.004866
3.227500 0.083628 0.003491
3.232500 0.087928 0.002870
3.237500 0.094829 0.002263
3.242500 0.100510 0.003539
3.247500 0.102312 0.004114
3.252500 0.113739 0.003677
3.257500 0.124139 0.002430
3.262500 0.135039 0.002165
3.267500 0.136759 0.002147
3.272500 0.144472 0.005700
3.277500 0.148152 0.003934
3.282500 0.156983 0.003153
3.287500 0.160012 0.002971
3.292500 0.174174 0.003880
3.297500 0.187413 0.001891
3.302500 0.192211 0.003156
3.307500 0.193667 0.006976
3.312500 0.198696 0.010297
3.317500 0.195633 0.009970
3.322500 0.187958 0.008787
3.327500 0.198079 0.004534
3.332500 0.196360 0.003305
3.337500 0.200972 0.005256
3.342500 0.195254 0.013277
3.347500 0.191919 0.018267
3.352500 0.188214 0.015706
3.357500 0.182370 0.006024
3.362500 0.176093 0.003224
3.367500 0.172268 0.012467
3.372500 0.163367 0.013564
3.377500 0.164382 0.006475
3.382500 0.168028 0.009256
3.387500 0.169300 0.005798
3.392500 0.172766 0.004886
3.397500 0.183773 0.007384
3.402500 0.190986 0.015007
3.407500 0.191834 0.017088
3.412500 0.182861 0.011082
3.417500 0.191588 0.004599
3.422500 0.188766 0.004465
3.427500 0.199040 0.011817
3.432500 0.207581 0.001630
3.437500 0.212625 0.002000
3.442500 0.215913 0.001646
3.447500 0.217470 0.005636
3.452500 0.217622 0.003653
3.457500 0.220184 0.005656
3.462500 0.221945 0.007668
3.467500 0.232063 0.003487
3.472500 0.237613 0.001598
3.477500 0.236475 0.004909
3.482500 0.226753 0.005655
3.487500 0.226306 0.005214
3.492500 0.235595 0.004272
3.497500 0.246807 0.000745
3.502500 0.250749 0.003230
3.507500 0.253309 0.004977
3.512500 0.255844 0.001883
3.517500 0.240549 0.004309
3.522500 0.258061 0.007076
3.527500 0.275592 0.002070
3.532500 0.280018 0.001816
3.537500 0.262273 0.005745
3.542500 0.258291 0.004800
3.547500 0.265213 0.006151
3.552500 0.269899 0.011727
3.557500 0.283925 0.002304
3.562500 0.292945 0.011090
3.567500 0.307322 0.005109
3.572500 0.317973 0.010798
3.577500 0.330710 0.004070
3.582500 0.332865 0.003799
3.587500 0.354496 0.006494
3.592500 0.370818 0.012923
3.597500 0.362790 0.010063
3.602500 0.362499 0.007215
3.607500 0.364301 0.013381
3.612500 0.363862 0.005695
3.617500 0.374533 0.002664
3.622500 0.398669 0.007529
3.627500 0.401216 0.005163
3.632500 0.401458 0.010253
3.637500 0.405422 0.004318
3.642500 0.411041 0.005525
3.647500 0.412104 0.016590
3.652500 0.408276 0.025553
3.657500 0.411785 0.021220
3.662500 0.394440 0.005260
3.667500 0.412585 0.009408
3.672500 0.419851 0.006487
3.677500 0.428406 0.009254
3.682500 0.409431 0.004499
3.687500 0.416749 0.007724
3.692500 0.408377 0.003231
3.697500 0.396929 0.008652
3.702500 0.413265 0.012766
3.707500 0.429117 0.016142
3.712500 0.427404 0.006222
3.717500 0.401931 0.003875
3.722500 0.401388 0.011128
3.727500 0.404188 0.005140
3.732500 0.409895 0.012923
3.737500 0.420541 0.010498
3.742500 0.402838 0.003696
3.747500 0.405576 0.002845
3.752500 0.404532 0.004693
3.757500 0.402153 0.002736
3.762500 0.390265 0.000801
3.767500 0.396992 0.014397
3.772500 0.400365 0.013576
3.777500 0.404621 0.009697
3.782500 0.408283 0.003722
3.787500 0.415123 0.014542
3.792500 0.409667 0.008365
3.797500 0.396813 0.010870
3.802500 0.406138 0.019568
3.807500 0.422424 0.006727
3.812500 0.408758 0.016293
3.817500 0.389221 0.004764
3.822500 0.380366 0.004064
3.827500 0.385255 0.002162
3.832500 0.374121 0.002999
3.837500 0.392947 0.014434
3.842500 0.385987 0.017685
3.847500 0.377128 0.005619
3.852500 0.368819 0.002425
3.857500 0.373053 0.002717
3.862500 0.369937 0.017670
3.867500 0.390301 0.014117
3.872500 0.392172 0.019389
3.877500 0.373865 0.018181
3.882500 0.366157 0.009476
3.887500 0.355060 0.000836
3.892500 0.342490 0.009463
3.897500 0.352932 0.006268
3.902500 0.331396 0.014459
3.907500 0.320938 0.008220
3.912500 0.335202 0.005098
3.917500 0.351058 0.010511
3.922500 0.374411 0.009510
3.927500 0.366021 0.008747
3.932500 0.368660 0.009023
3.937500 0.348124 0.005183
3.942500 0.332206 0.008799
3.947500 0.338721 0.004650
3.952500 0.358655 0.017390
3.957500 0.360660 0.005922
3.962500 0.346006 0.016910
3.967500 0.337541 0.017913
3.972500 0.364122 0.008582
3.977500 0.359061 0.003649
3.982500 0.324237 0.003082
3.987500 0.323107 0.001694
3.992500 0.335795 0.005448
3.997500 0.346784 0.008725
4.002500 0.365727 0.009091
4.007500 0.370042 0.004358
4.012500 0.358755 0.005396
4.017500 0.349302 0.006451
4.022500 0.345979 0.002324
4.027500 0.369892 0.007919
4.032500 0.365472 0.005130
4.037500 0.351363 0.007303
4.042500 0.345734 0.006162
4.047500 0.325435 0.004078
4.052500 0.314206 0.011382
4.057500 0.311833 0.010884
4.062500 0.296248 0.015753
4.067500 0.286327 0.003877
4.072500 0.304103 0.012848
4.077500 0.307680 0.011157
4.082500 0.320486 0.020085
4.087500 0.325936 0.022005
4.092500 0.312728 0.004661
4.097500 0.313949 0.004056
4.102500 0.319206 0.009335
4.107500 0.322963 0.002681
4.112500 0.326348 0.006720
4.117500 0.316695 0.014407
4.122500 0.319552 0.013847
4.127500 0.320463 0.010393
4.132500 0.328243 0.008563
4.137500 0.328072 0.010957
4.142500 0.309480 0.010217
4.147500 0.314242 0.006073
4.152500 0.314110 0.009701
4.157500 0.351427 0.008908
4.162500 0.352746 0.002920
4.167500 0.310321 0.007291
4.172500 0.298884 0.004222
4.177500 0.304695 0.013317
4.182500 0.347724 0.004075
4.187500 0.318466 0.021178
4.192500 0.328503 0.020138
4.197500 0.337466 0.012903
4.202500 0.284864 0.004736
4.207500 0.257734 0.015536
4.212500 0.208431 0.012649
4.217500 0.177623 0.005443
4.222500 0.122635 0.006609
4.227500 0.081671 0.007307
4.232500 0.061969 0.003518
4.237500 0.078580 0.014406
4.242500 0.098938 0.004309
4.247500 0.096048 0.013347
4.252500 0.079900 0.010746
4.257500 0.098210 0.008183
4.262500 0.120143 0.015196
4.267500 0.116388 0.013984
4.272500 0.116749 0.011599
4.277500 0.102568 0.012395
4.282500 0.139872 0.013829
4.287500 0.217435 0.011677
4.292500 0.275259 0.008444
4.297500 0.336100 0.011707
4.302500 0.431365 0.011628
4.307500 0.474434 0.006359
4.312500 0.505303 0.020799
4.317500 0.525278 0.022482
4.322500 0.550075 0.020834
4.327500 0.564304 0.004161
4.332500 0.557515 0.019285
4.337500 0.521574 0.014151
4.342500 0.531540 0.020970
4.347500 0.532869 0.021149
4.352500 0.521598 0.003613
4.357500 0.501666 0.004651
4.362500 0.466030 0.010348
4.367500 0.451087 0.011800
4.372500 0.432161 0.006705
4.377500 0.395722 0.018231
4.382500 0.352100 0.008524
4.387500 0.339363 0.020244
4.392500 0.361089 0.009893
4.397500 0.379913 0.011711
4.402500 0.416383 0.010029
4.407500 0.417133 0.016130
4.412500 0.407890 0.019265
4.417500 0.406631 0.014765
4.422500 0.431683 0.009288
4.427500 0.433308 0.005107
4.432500 0.445040 0.025849
4.437500 0.411418 0.023778
4.442500 0.378533 0.006076
4.447500 0.397466 0.016421
4.452500 0.407466 0.009703
4.457500 0.380082 0.006476
4.462500 0.394200 0.003471
4.467500 0.420156 0.031335
4.472500 0.401807 0.016889
4.477500 0.368877 0.017872
4.482500 0.360121 0.027118
4.487500 0.381568 0.018148
4.492500 0.383790 0.020339
4.497500 0.378251 0.033093
4.502500 0.368004 0.005208
4.507500 0.368354 0.002570
4.512500 0.346256 0.006179
4.517500 0.369572 0.026121
4.522500 0.371988 0.010161
4.527500 0.332492 0.019447
4.532500 0.352510 0.023479
4.537500 0.353828 0.022817
4.542500 0.371863 0.017024
4.547500 0.377752 0.005537
4.552500 0.365121 0.009003
4.557500 0.379608 0.011656
4.562500 0.381899 0.004873
4.567500 0.367354 0.008028
4.572500 0.342068 0.007832
4.577500 0.384488 0.007798
4.582500 0.390668 0.026196
4.587500 0.375242 0.012136
4.592500 0.344820 0.005782
4.597500 0.331949 0.008376
4.602500 0.327020 0.016417
4.607500 0.347070 0.007476
4.612500 0.345133 0.006476
4.617500 0.374597 0.022465
4.622500 0.372294 0.004352
4.627500 0.329443 0.011345
4.632500 0.340426 0.027870
4.637500 0.333615 0.022065
4.642500 0.323964 0.005277
4.647500 0.360617 0.022076
4.652500 0.352437 0.017826
4.657500 0.316789 0.038823
4.662500 0.280393 0.017277
4.667500 0.246960 0.015673
4.672500 0.185290 0.023996
4.677500 0.130562 0.024000
4.682500 0.131964 0.027087
4.687500 0.147691 0.029482
4.692500 0.181890 0.009710
4.697500 0.208758 0.005727
4.702500 0.280060 0.010106
4.707500 0.374195 0.023141
4.712500 0.416107 0.010922
4.717500 0.388097 0.021497
4.722500 0.420976 0.016225
4.727500 0.446902 0.008066
4.732500 0.406968 0.034988
4.737500 0.407314 0.006443
4.742500 0.438524 0.033757
4.747500 0.452174 0.026099
4.752500 0.464858 0.010815
4.757500 0.470413 0.014014
4.762500 0.491785 0.019654
4.767500 0.492076 0.012198
4.772500 0.415573 0.005687
4.777500 0.402156 0.027141
4.782500 0.510502 0.015295
4.787500 0.503232 0.020007
4.792500 0.484046 0.024822
4.797500 0.456815 0.021676
4.802500 0.428943 0.012816
4.807500 0.498370 0.048588
4.812500 0.519764 0.023270
4.817500 0.499703 0.009343
4.822500 0.462482 0.015713
4.827500 0.472425 0.012942
4.832500 0.510072 0.008321
4.837500 0.490928 0.020786
4.842500 0.438748 0.027705
4.847500 0.406228 0.035804
4.852500 0.406543 0.004303
4.857500 0.406303 0.035858
4.862500 0.398918 0.020491
4.867500 0.405725 0.008765
4.872500 0.535402 0.026590
4.877500 0.511693 0.021637
4.882500 0.492128 0.006463
4.887500 0.472544 0.037995
4.892500 0.432442 0.022007
4.897500 0.404236 0.019855
4.902500 0.372088 0.029340
4.907500 0.429359 0.011292
4.912500 0.527039 0.013513
4.917500 0.449027 0.039565
4.922500 0.426221 0.022661
4.927500 0.473421 0.039497
4.932500 0.490421 0.010054
4.937500 0.471886 0.016958
4.942500 0.530580 0.037166
4.947500 0.520012 0.019726
4.952500 0.489534 0.034674
4.957500 0.486669 0.012841
4.962500 0.518047 0.039934
4.967500 0.531086 0.029470
4.972500 0.452065 0.033142
4.977500 0.479671 0.059635
4.982500 0.458977 0.023379
4.987500 0.524978 0.002739
4.992500 0.465904 0.013681
4.997500 0.460053 0.041969
5.002500 0.490001 0.013865
5.007500 0.467150 0.024271
5.012500 0.464488 0.042994
5.017500 0.444357 0.006251
5.022500 0.459074 0.029662
5.027500 0.440364 0.022704
5.032500 0.426067 0.033071
5.037500 0.488791 0.037351
5.042500 0.492803 0.042233
5.047500 0.439664 0.023555
5.052500 0.394491 0.037424
5.057500 0.407909 0.045165
5.062500 0.467808 0.029494
5.067500 0.461309 0.034310
5.072500 0.445925 0.020791
5.077500 0.454523 0.019656
5.082500 0.459307 0.026295
5.087500 0.465891 0.018123
5.092500 0.497009 0.041922
5.097500 0.453701 0.049426
