# DATE = 2025-03-12
# PIPE_VER = 1.17.1
# PMAP = jwst_1322.pmap
# STANDARD_STAR = SNAP-2
# 
# Wavelength (microns), arbitrary reflectance, uncertainty
0.702500 0.783377 0.030092
0.707500 0.796586 0.027455
0.712500 0.791378 0.030650
0.717500 0.768330 0.027854
0.722500 0.756834 0.004911
0.727500 0.750799 0.011300
0.732500 0.766967 0.017765
0.737500 0.786376 0.009658
0.742500 0.778085 0.006304
0.747500 0.791908 0.007614
0.752500 0.805155 0.008243
0.757500 0.791397 0.014741
0.762500 0.791047 0.011579
0.767500 0.812798 0.004810
0.772500 0.813289 0.005267
0.777500 0.817178 0.005391
0.782500 0.828903 0.007794
0.787500 0.820010 0.008585
0.792500 0.798414 0.007694
0.797500 0.788062 0.005264
0.802500 0.791196 0.007634
0.807500 0.800521 0.010998
0.812500 0.821421 0.009325
0.817500 0.852866 0.009401
0.822500 0.875046 0.004932
0.827500 0.880964 0.009576
0.832500 0.879651 0.007561
0.837500 0.869810 0.004383
0.842500 0.872809 0.005943
0.847500 0.860076 0.007923
0.852500 0.857650 0.013889
0.857500 0.862417 0.011266
0.862500 0.864498 0.010157
0.867500 0.867593 0.009267
0.872500 0.875559 0.013973
0.877500 0.887784 0.009560
0.882500 0.887202 0.006703
0.887500 0.885557 0.005786
0.892500 0.888807 0.006110
0.897500 0.901804 0.009255
0.902500 0.907807 0.011798
0.907500 0.913079 0.012505
0.912500 0.902236 0.011790
0.917500 0.895539 0.010262
0.922500 0.896350 0.007308
0.927500 0.892871 0.004842
0.932500 0.910196 0.008868
0.937500 0.908890 0.005975
0.942500 0.909668 0.005232
0.947500 0.907607 0.004491
0.952500 0.912951 0.005589
0.957500 0.918375 0.006784
0.962500 0.913910 0.006533
0.967500 0.915431 0.005541
0.972500 0.917186 0.005789
0.977500 0.927479 0.006349
0.982500 0.943805 0.010323
0.987500 0.947255 0.007107
0.992500 0.944262 0.007427
0.997500 0.943976 0.005773
1.002500 0.945954 0.006067
1.007500 0.955927 0.008635
1.012500 0.956897 0.008619
1.017500 0.960311 0.010042
1.022500 0.970141 0.012298
1.027500 0.967651 0.012264
1.032500 0.968096 0.007742
1.037500 0.964782 0.006443
1.042500 0.963155 0.006143
1.047500 0.963714 0.008258
1.052500 0.963084 0.009519
1.057500 0.966710 0.009964
1.062500 0.973618 0.007803
1.067500 0.972970 0.007307
1.072500 0.973300 0.007545
1.077500 0.971275 0.005331
1.082500 0.972186 0.010148
1.087500 0.985727 0.009255
1.092500 0.989779 0.011697
1.097500 0.993461 0.014899
1.102500 0.984528 0.007961
1.107500 0.984519 0.007544
1.112500 0.992792 0.010965
1.117500 0.997518 0.013151
1.122500 1.001910 0.009216
1.127500 1.002585 0.007949
1.132500 1.011676 0.010440
1.137500 1.014197 0.009241
1.142500 1.014679 0.011418
1.147500 1.012165 0.014045
1.152500 1.005408 0.013012
1.157500 1.004551 0.008834
1.162500 1.015910 0.010442
1.167500 1.030114 0.006229
1.172500 1.031614 0.006599
1.177500 1.032645 0.006054
1.182500 1.036522 0.009484
1.187500 1.035870 0.008920
1.192500 1.032408 0.009903
1.197500 1.030656 0.007054
1.202500 1.021587 0.011382
1.207500 1.031265 0.005916
1.212500 1.035413 0.009470
1.217500 1.030590 0.018020
1.222500 1.016372 0.013551
1.227500 1.012317 0.007846
1.232500 1.022527 0.007480
1.237500 1.036724 0.008050
1.242500 1.024413 0.005570
1.247500 1.019748 0.004951
1.252500 1.024959 0.009695
1.257500 1.024158 0.009662
1.262500 1.012483 0.007889
1.267500 1.023184 0.004735
1.272500 1.026279 0.006711
1.277500 1.028129 0.014027
1.282500 1.036337 0.010836
1.287500 1.037336 0.008854
1.292500 1.038216 0.011708
1.297500 1.037952 0.006198
1.302500 1.042705 0.015077
1.307500 1.045270 0.014600
1.312500 1.046410 0.012037
1.317500 1.051715 0.014339
1.322500 1.052759 0.014125
1.327500 1.046520 0.013383
1.332500 1.038314 0.008861
1.337500 1.043615 0.011665
1.342500 1.040999 0.013052
1.347500 1.046112 0.014035
1.352500 1.051351 0.013457
1.357500 1.053612 0.012752
1.362500 1.053930 0.009401
1.367500 1.057800 0.008183
1.372500 1.061757 0.008148
1.377500 1.057079 0.006608
1.382500 1.059192 0.006475
1.387500 1.057423 0.007286
1.392500 1.060440 0.006757
1.397500 1.063250 0.005990
1.402500 1.059624 0.005962
1.407500 1.055285 0.007056
1.412500 1.050262 0.013025
1.417500 1.047370 0.012239
1.422500 1.041413 0.012240
1.427500 1.047179 0.005618
1.432500 1.052191 0.007290
1.437500 1.053216 0.011696
1.442500 1.050814 0.014475
1.447500 1.040910 0.011801
1.452500 1.043072 0.010683
1.457500 1.047681 0.013667
1.462500 1.051439 0.010694
1.467500 1.053513 0.015108
1.472500 1.058414 0.015132
1.477500 1.048529 0.015244
1.482500 1.044985 0.012181
1.487500 1.048775 0.005340
1.492500 1.044756 0.009502
1.497500 1.047994 0.012943
1.502500 1.048215 0.011137
1.507500 1.050690 0.012008
1.512500 1.045484 0.012983
1.517500 1.044486 0.012836
1.522500 1.046862 0.011333
1.527500 1.053780 0.012862
1.532500 1.059899 0.013520
1.537500 1.059353 0.011647
1.542500 1.058873 0.011035
1.547500 1.067524 0.005698
1.552500 1.063392 0.007673
1.557500 1.056757 0.014781
1.562500 1.058917 0.010669
1.567500 1.057115 0.006804
1.572500 1.050200 0.012022
1.577500 1.055928 0.013166
1.582500 1.054256 0.014106
1.587500 1.039876 0.010894
1.592500 1.042971 0.012594
1.597500 1.049068 0.005773
1.602500 1.061852 0.005997
1.607500 1.066683 0.009805
1.612500 1.056758 0.010550
1.617500 1.057652 0.012051
1.622500 1.057945 0.008684
1.627500 1.059521 0.005715
1.632500 1.069578 0.007553
1.637500 1.068675 0.011005
1.642500 1.066402 0.007197
1.647500 1.072939 0.008642
1.652500 1.075731 0.006823
1.657500 1.077094 0.005869
1.662500 1.079013 0.006385
1.667500 1.078452 0.011514
1.672500 1.086672 0.008497
1.677500 1.061210 0.023405
1.682500 1.060910 0.020412
1.687500 1.068059 0.022272
1.692500 1.091049 0.005592
1.697500 1.094252 0.004087
1.702500 1.094505 0.004826
1.707500 1.081785 0.014988
1.712500 1.084527 0.014220
1.717500 1.086858 0.015826
1.722500 1.088622 0.013154
1.727500 1.095581 0.011759
1.732500 1.094176 0.007876
1.737500 1.093622 0.008233
1.742500 1.080643 0.008706
1.747500 1.070164 0.011810
1.752500 1.072100 0.012706
1.757500 1.068433 0.010102
1.762500 1.063457 0.010214
1.767500 1.069165 0.012861
1.772500 1.072979 0.008013
1.777500 1.072087 0.007918
1.782500 1.062471 0.012363
1.787500 1.069563 0.007441
1.792500 1.071939 0.004707
1.797500 1.074899 0.004353
1.802500 1.072326 0.010052
1.807500 1.073670 0.012601
1.812500 1.069391 0.013929
1.817500 1.069205 0.011180
1.822500 1.069986 0.006645
1.827500 1.071387 0.007010
1.832500 1.080044 0.006303
1.837500 1.076603 0.010391
1.842500 1.078979 0.012909
1.847500 1.087443 0.009989
1.852500 1.088146 0.011673
1.857500 1.090168 0.010662
1.862500 1.096730 0.008731
1.867500 1.091898 0.008687
1.872500 1.098098 0.009695
1.877500 1.087459 0.009089
1.882500 1.072405 0.004939
1.887500 1.080657 0.007306
1.892500 1.084693 0.008409
1.897500 1.091221 0.005255
1.902500 1.096906 0.008486
1.907500 1.094771 0.009490
1.912500 1.090237 0.005634
1.917500 1.078684 0.009518
1.922500 1.085330 0.010673
1.927500 1.090211 0.008353
1.932500 1.067312 0.019291
1.937500 1.055377 0.011107
1.942500 1.057243 0.013134
1.947500 1.055163 0.009782
1.952500 1.039539 0.003746
1.957500 1.041571 0.008060
1.962500 1.040424 0.009190
1.967500 1.041167 0.008219
1.972500 1.042913 0.012055
1.977500 1.036337 0.011435
1.982500 1.037200 0.011721
1.987500 1.056619 0.013976
1.992500 1.059035 0.016395
1.997500 1.062045 0.013587
2.002500 1.062771 0.013753
2.007500 1.049764 0.013651
2.012500 1.049215 0.015414
2.017500 1.046684 0.016863
2.022500 1.037436 0.019051
2.027500 1.046939 0.013752
2.032500 1.042495 0.011704
2.037500 1.044999 0.009335
2.042500 1.051453 0.010919
2.047500 1.056414 0.007521
2.052500 1.062281 0.011571
2.057500 1.074339 0.005956
2.062500 1.069846 0.005618
2.067500 1.068477 0.006099
2.072500 1.086368 0.013850
2.077500 1.073721 0.005821
2.082500 1.078535 0.005439
2.087500 1.069177 0.010543
2.092500 1.064928 0.007075
2.097500 1.069916 0.007413
2.102500 1.082119 0.009133
2.107500 1.084939 0.010852
2.112500 1.079376 0.014164
2.117500 1.068429 0.006276
2.122500 1.064604 0.003781
2.127500 1.067109 0.004031
2.132500 1.078660 0.010755
2.137500 1.067799 0.011346
2.142500 1.069966 0.016463
2.147500 1.082032 0.011106
2.152500 1.081824 0.007019
2.157500 1.078063 0.008210
2.162500 1.078318 0.007168
2.167500 1.078663 0.003915
2.172500 1.075505 0.004482
2.177500 1.079054 0.005074
2.182500 1.078578 0.003864
2.187500 1.070783 0.012451
2.192500 1.072283 0.011038
2.197500 1.077719 0.012047
2.202500 1.074741 0.010420
2.207500 1.076800 0.010223
2.212500 1.077761 0.019389
2.217500 1.071000 0.015741
2.222500 1.072025 0.017985
2.227500 1.068387 0.017020
2.232500 1.070167 0.014918
2.237500 1.079123 0.009012
2.242500 1.081618 0.008129
2.247500 1.081952 0.008895
2.252500 1.073193 0.012451
2.257500 1.070533 0.009046
2.262500 1.066156 0.007323
2.267500 1.051929 0.012708
2.272500 1.035492 0.015461
2.277500 1.034439 0.008050
2.282500 1.043680 0.005097
2.287500 1.051337 0.011351
2.292500 1.058045 0.014926
2.297500 1.061548 0.014211
2.302500 1.059842 0.011189
2.307500 1.057071 0.012139
2.312500 1.057363 0.018136
2.317500 1.058760 0.016910
2.322500 1.054741 0.013135
2.327500 1.060363 0.018453
2.332500 1.059903 0.016320
2.337500 1.049501 0.008279
2.342500 1.055796 0.013494
2.347500 1.050621 0.004488
2.352500 1.046811 0.008917
2.357500 1.047857 0.013335
2.362500 1.048834 0.012575
2.367500 1.040117 0.011984
2.372500 1.042687 0.013008
2.377500 1.047780 0.014571
2.382500 1.063924 0.008872
2.387500 1.069689 0.008182
2.392500 1.068871 0.012733
2.397500 1.064648 0.018061
2.402500 1.047322 0.015392
2.407500 1.053531 0.016325
2.412500 1.056880 0.013542
2.417500 1.039411 0.021665
2.422500 1.062645 0.018150
2.427500 1.029540 0.003603
2.432500 1.025734 0.032166
2.437500 1.032837 0.028891
2.442500 1.037201 0.027143
2.447500 1.056145 0.013229
2.452500 1.051654 0.014588
2.457500 1.047929 0.009627
2.462500 1.037075 0.010956
2.467500 1.036188 0.005080
2.472500 1.030968 0.009424
2.477500 1.040130 0.005584
2.482500 1.040430 0.003553
2.487500 1.040826 0.004691
2.492500 1.043156 0.001783
2.497500 1.023228 0.006699
2.502500 1.026083 0.017600
2.507500 1.023578 0.017096
2.512500 1.046074 0.002433
2.517500 1.045756 0.007135
2.522500 1.033821 0.012472
2.527500 1.028893 0.005008
2.532500 1.027279 0.008589
2.537500 1.026023 0.002874
2.542500 1.031948 0.002233
2.547500 1.044468 0.009229
2.552500 1.044050 0.010203
2.557500 1.033873 0.006830
2.562500 1.025514 0.002362
2.567500 1.039536 0.011821
2.572500 1.030311 0.018503
2.577500 1.031885 0.023590
2.582500 1.010936 0.012136
2.587500 1.005791 0.003228
2.592500 1.008440 0.005582
2.597500 1.016193 0.017583
2.602500 1.000000 0.011102
2.607500 0.985154 0.009314
2.612500 0.978677 0.011668
2.617500 0.962605 0.002212
2.622500 0.967563 0.008173
2.627500 0.970691 0.004716
2.632500 0.976431 0.005242
2.637500 0.972761 0.004031
2.642500 0.968954 0.004100
2.647500 0.944813 0.012380
2.652500 0.915955 0.004388
2.657500 0.894316 0.024786
2.662500 0.842446 0.001689
2.667500 0.814577 0.004152
2.672500 0.800516 0.014480
2.677500 0.713533 0.013725
2.682500 0.675638 0.013027
2.687500 0.649261 0.021580
2.692500 0.627807 0.009713
2.697500 0.636844 0.003389
2.702500 0.674204 0.015660
2.707500 0.717781 0.031414
2.712500 0.780647 0.006135
2.717500 0.821134 0.015361
2.722500 0.841795 0.011504
2.727500 0.845477 0.015238
2.732500 0.813696 0.021408
2.737500 0.762291 0.013812
2.742500 0.747931 0.009766
2.747500 0.723797 0.010594
2.752500 0.700572 0.013628
2.757500 0.669436 0.015687
2.762500 0.637551 0.005277
2.767500 0.621968 0.008933
2.772500 0.585836 0.016172
2.777500 0.573805 0.011999
2.782500 0.582522 0.007167
2.787500 0.596260 0.009751
2.792500 0.594216 0.004624
2.797500 0.598087 0.018063
2.802500 0.593905 0.012586
2.807500 0.568149 0.017737
2.812500 0.550047 0.007177
2.817500 0.540787 0.009365
2.822500 0.528766 0.014192
2.827500 0.502268 0.012696
2.832500 0.460667 0.006339
2.837500 0.447904 0.009690
2.842500 0.419301 0.015946
2.847500 0.395825 0.011682
2.852500 0.383462 0.008862
2.857500 0.379239 0.010663
2.862500 0.352994 0.007451
2.867500 0.346460 0.008783
2.872500 0.319366 0.004751
2.877500 0.306563 0.003559
2.882500 0.293589 0.007523
2.887500 0.285054 0.001939
2.892500 0.284435 0.004217
2.897500 0.264118 0.003279
2.902500 0.251559 0.001951
2.907500 0.243719 0.003623
2.912500 0.236019 0.013066
2.917500 0.215675 0.003509
2.922500 0.216447 0.007518
2.927500 0.219477 0.008794
2.932500 0.219118 0.010445
2.937500 0.208462 0.006081
2.942500 0.193165 0.002022
2.947500 0.187196 0.002795
2.952500 0.182115 0.004608
2.957500 0.192770 0.006827
2.962500 0.199842 0.001397
2.967500 0.201516 0.002337
2.972500 0.197400 0.003823
2.977500 0.193664 0.005381
2.982500 0.184235 0.001996
2.987500 0.185831 0.005701
2.992500 0.183752 0.013615
2.997500 0.166539 0.002008
3.002500 0.171361 0.006106
3.007500 0.173013 0.002009
3.012500 0.180404 0.003611
3.017500 0.186820 0.003363
3.022500 0.172268 0.004314
3.027500 0.174606 0.003806
3.032500 0.170937 0.005750
3.037500 0.171075 0.009473
3.042500 0.161214 0.013199
3.047500 0.169251 0.012604
3.052500 0.162964 0.006974
3.057500 0.170373 0.006911
3.062500 0.165722 0.007539
3.067500 0.169453 0.003750
3.072500 0.165833 0.004749
3.077500 0.167176 0.008673
3.082500 0.163836 0.005507
3.087500 0.175364 0.003965
3.092500 0.182243 0.008523
3.097500 0.187171 0.004454
3.102500 0.183280 0.003819
3.107500 0.181966 0.005232
3.112500 0.179130 0.009938
3.117500 0.175269 0.009723
3.122500 0.177528 0.005756
3.127500 0.178765 0.003777
3.132500 0.183471 0.004504
3.137500 0.187350 0.007755
3.142500 0.203656 0.015766
3.147500 0.205773 0.015175
3.152500 0.209014 0.010066
3.157500 0.199816 0.011277
3.162500 0.212254 0.011491
3.167500 0.207943 0.008524
3.172500 0.210001 0.004038
3.177500 0.208023 0.004220
3.182500 0.221816 0.011063
3.187500 0.228030 0.017285
3.192500 0.236281 0.008515
3.197500 0.246202 0.003468
3.202500 0.261289 0.002374
3.207500 0.257128 0.009661
3.212500 0.254674 0.012613
3.217500 0.269068 0.018806
3.222500 0.277546 0.023263
3.227500 0.292083 0.010958
3.232500 0.291001 0.011824
3.237500 0.303063 0.004823
3.242500 0.299494 0.011812
3.247500 0.288418 0.013548
3.252500 0.289546 0.006313
3.257500 0.318438 0.016213
3.262500 0.325540 0.012455
3.267500 0.342557 0.018217
3.272500 0.352569 0.008752
3.277500 0.387607 0.002431
3.282500 0.396543 0.007022
3.287500 0.403343 0.004211
3.292500 0.423292 0.002671
3.297500 0.437652 0.002533
3.302500 0.433312 0.014260
3.307500 0.431431 0.007138
3.312500 0.472220 0.027775
3.317500 0.466094 0.011807
3.322500 0.468633 0.004778
3.327500 0.462117 0.009069
3.332500 0.488357 0.017904
3.337500 0.509851 0.012678
3.342500 0.499040 0.019627
3.347500 0.475664 0.014681
3.352500 0.468894 0.025638
3.357500 0.464152 0.022314
3.362500 0.457924 0.026410
3.367500 0.472087 0.021403
3.372500 0.457965 0.017932
3.377500 0.445692 0.013578
3.382500 0.448814 0.004415
3.387500 0.479111 0.020354
3.392500 0.500246 0.017647
3.397500 0.515461 0.016671
3.402500 0.504717 0.014995
3.407500 0.531185 0.012490
3.412500 0.526527 0.007996
3.417500 0.533914 0.004116
3.422500 0.537046 0.006077
3.427500 0.533132 0.011647
3.432500 0.511063 0.032694
3.437500 0.505428 0.027479
3.442500 0.523442 0.018999
3.447500 0.531082 0.017861
3.452500 0.530487 0.012499
3.457500 0.542480 0.030794
3.462500 0.561727 0.019173
3.467500 0.546161 0.025944
3.472500 0.550897 0.023480
3.477500 0.549630 0.018500
3.482500 0.555484 0.020563
3.487500 0.572313 0.018586
3.492500 0.558077 0.028233
3.497500 0.548517 0.020188
3.502500 0.546800 0.012034
3.507500 0.542342 0.009812
3.512500 0.551081 0.014309
3.517500 0.557605 0.001160
3.522500 0.573239 0.003514
3.527500 0.576329 0.018939
3.532500 0.591044 0.024085
3.537500 0.592766 0.019638
3.542500 0.569832 0.015468
3.547500 0.571460 0.019053
3.552500 0.599658 0.003447
3.557500 0.623105 0.013324
3.562500 0.600283 0.018812
3.567500 0.584823 0.032303
3.572500 0.598946 0.019598
3.577500 0.654139 0.005971
3.582500 0.655751 0.005129
3.587500 0.674538 0.010753
3.592500 0.682120 0.014300
3.597500 0.686762 0.009290
3.602500 0.688630 0.017642
3.607500 0.698615 0.016914
3.612500 0.664345 0.015261
3.617500 0.670654 0.013803
3.622500 0.694710 0.012232
3.627500 0.707338 0.022362
3.632500 0.717334 0.021265
3.637500 0.708389 0.022729
3.642500 0.728956 0.005084
3.647500 0.730830 0.006020
3.652500 0.716166 0.009939
3.657500 0.728682 0.005696
3.662500 0.735178 0.012594
3.667500 0.725323 0.017479
3.672500 0.721748 0.019317
3.677500 0.727386 0.013316
3.682500 0.736599 0.010306
3.687500 0.738840 0.024984
3.692500 0.726495 0.027461
3.697500 0.685835 0.019472
3.702500 0.682881 0.016232
3.707500 0.701571 0.023258
3.712500 0.688523 0.023079
3.717500 0.679626 0.014541
3.722500 0.670045 0.015695
3.727500 0.689017 0.011959
3.732500 0.707655 0.005768
3.737500 0.703470 0.017446
3.742500 0.711836 0.018623
3.747500 0.739862 0.002254
3.752500 0.720360 0.009169
3.757500 0.699616 0.014101
3.762500 0.685522 0.009064
3.767500 0.691724 0.008054
3.772500 0.675406 0.012219
3.777500 0.702731 0.021600
3.782500 0.742101 0.012435
3.787500 0.719556 0.014519
3.792500 0.667813 0.028239
3.797500 0.674302 0.004732
3.802500 0.702840 0.030578
3.807500 0.693607 0.033925
3.812500 0.646557 0.011716
3.817500 0.656599 0.026891
3.822500 0.643741 0.035362
3.827500 0.607130 0.027070
3.832500 0.593899 0.029259
3.837500 0.599048 0.026554
3.842500 0.674737 0.009603
3.847500 0.695785 0.008497
3.852500 0.656696 0.035575
3.857500 0.641884 0.029907
3.862500 0.621221 0.037946
3.867500 0.600578 0.018386
3.872500 0.624072 0.020546
3.877500 0.622270 0.034196
3.882500 0.645164 0.029199
3.887500 0.655305 0.018208
3.892500 0.641887 0.028431
3.897500 0.611127 0.029926
3.902500 0.617367 0.015701
3.907500 0.603686 0.013605
3.912500 0.569643 0.020583
3.917500 0.569292 0.026101
3.922500 0.611302 0.010830
3.927500 0.592725 0.006957
3.932500 0.570488 0.002776
3.937500 0.522718 0.022484
3.942500 0.549883 0.030040
3.947500 0.529847 0.004114
3.952500 0.530582 0.009362
3.957500 0.516901 0.022682
3.962500 0.544938 0.004532
3.967500 0.559833 0.010422
3.972500 0.547476 0.010506
3.977500 0.525389 0.028891
3.982500 0.551701 0.026022
3.987500 0.550875 0.003920
3.992500 0.489738 0.031499
3.997500 0.486808 0.014466
4.002500 0.482782 0.007426
4.007500 0.485480 0.004058
4.012500 0.473308 0.008378
4.017500 0.417128 0.008438
4.022500 0.421166 0.027829
4.027500 0.422942 0.016816
4.032500 0.422086 0.017120
4.037500 0.404417 0.026689
4.042500 0.358120 0.008213
4.047500 0.360705 0.004950
4.052500 0.352140 0.007302
4.057500 0.342441 0.009168
4.062500 0.327355 0.020813
4.067500 0.328564 0.013248
4.072500 0.299572 0.030199
4.077500 0.306907 0.021113
4.082500 0.369219 0.016205
4.087500 0.350744 0.028910
4.092500 0.312499 0.016723
4.097500 0.322104 0.014088
4.102500 0.358921 0.007693
4.107500 0.359512 0.020818
4.112500 0.332337 0.040697
4.117500 0.323480 0.010248
4.122500 0.381281 0.005433
4.127500 0.381923 0.009834
4.132500 0.390136 0.013592
4.137500 0.489698 0.020422
4.142500 0.451270 0.030558
4.147500 0.480925 0.015095
4.152500 0.525502 0.024730
4.157500 0.650909 0.070810
4.162500 0.557626 0.026115
4.167500 0.642149 0.013182
4.172500 0.631346 0.024981
4.177500 0.681746 0.029493
4.182500 0.761374 0.018025
4.187500 0.842993 0.040206
4.192500 1.002052 0.032968
4.197500 1.174540 0.050122
4.202500 1.097496 0.006491
4.207500 1.039891 0.025593
4.212500 0.886588 0.029684
4.217500 0.713642 0.014629
4.222500 0.624941 0.019493
4.227500 0.529429 0.028633
4.232500 0.500773 0.039834
4.237500 0.522781 0.042040
4.242500 0.517775 0.021740
4.247500 0.530834 0.014081
4.252500 0.512481 0.033374
4.257500 0.540838 0.012745
4.262500 0.519820 0.022157
4.267500 0.478907 0.025470
4.272500 0.400158 0.046335
4.277500 0.371987 0.011975
4.282500 0.415583 0.010526
4.287500 0.490363 0.006656
4.292500 0.581127 0.019079
4.297500 0.730309 0.012616
4.302500 0.874452 0.039009
4.307500 0.948383 0.017806
4.312500 0.998041 0.076147
4.317500 1.081715 0.079816
4.322500 1.101088 0.045463
4.327500 1.115670 0.048862
4.332500 1.119321 0.043373
4.337500 1.138403 0.058193
4.342500 1.176509 0.037209
4.347500 1.117895 0.031334
4.352500 1.067700 0.027060
4.357500 1.001386 0.045011
4.362500 0.997073 0.049109
4.367500 0.885107 0.037318
4.372500 0.737303 0.047355
4.377500 0.605080 0.025190
4.382500 0.548752 0.068761
4.387500 0.576313 0.033975
4.392500 0.760135 0.030164
4.397500 0.831715 0.026793
4.402500 0.908896 0.055644
4.407500 0.905299 0.015651
4.412500 0.872221 0.003964
4.417500 0.878745 0.003282
4.422500 0.930723 0.004079
4.427500 0.903456 0.024570
4.432500 0.889981 0.021797
4.437500 0.877012 0.045781
4.442500 0.909425 0.028073
4.447500 0.913522 0.015834
4.452500 0.858119 0.018241
4.457500 0.886052 0.086872
4.462500 0.844872 0.068959
4.467500 0.849678 0.042253
4.472500 0.874849 0.026194
4.477500 0.816588 0.041294
4.482500 0.808489 0.005266
4.487500 0.838117 0.011109
4.492500 0.795868 0.027935
4.497500 0.868724 0.017735
4.502500 0.890776 0.011770
4.507500 0.923100 0.023933
4.512500 0.936665 0.010394
4.517500 0.928832 0.011842
4.522500 0.937570 0.019686
4.527500 0.818273 0.058113
4.532500 0.883750 0.017476
4.537500 0.926834 0.013299
4.542500 0.923347 0.060800
4.547500 0.895556 0.032552
4.552500 0.880157 0.037282
4.557500 0.883800 0.019483
4.562500 0.928579 0.013730
4.567500 0.897817 0.014369
4.572500 0.863941 0.077089
4.577500 0.872084 0.033721
4.582500 0.866782 0.018546
4.587500 0.857008 0.042030
4.592500 0.822144 0.029679
4.597500 0.824424 0.036172
4.602500 0.886248 0.042520
4.607500 0.875169 0.074698
4.612500 0.928166 0.040577
4.617500 0.896805 0.019092
4.622500 0.899507 0.046012
4.627500 0.766846 0.108162
4.632500 0.811076 0.057997
4.637500 0.841633 0.017729
4.642500 0.792902 0.019396
4.647500 0.818712 0.025216
4.652500 0.788977 0.009474
4.657500 0.751382 0.024664
4.662500 0.714954 0.038693
4.667500 0.543984 0.077023
4.672500 0.446029 0.033790
4.677500 0.478507 0.052248
4.682500 0.478813 0.030064
4.687500 0.470849 0.031619
4.692500 0.562695 0.021395
4.697500 0.661178 0.018928
4.702500 0.765010 0.043195
4.707500 0.822989 0.004340
4.712500 0.870295 0.008674
4.717500 0.872478 0.034585
4.722500 0.915090 0.063773
4.727500 0.891046 0.044086
4.732500 0.977161 0.022099
4.737500 0.937572 0.017458
4.742500 0.968931 0.016681
4.747500 0.959168 0.036905
4.752500 0.931163 0.054780
4.757500 0.904656 0.055812
4.762500 0.902622 0.058696
4.767500 0.990785 0.057326
4.772500 0.943777 0.021408
4.777500 0.919865 0.008892
4.782500 1.036647 0.044233
4.787500 0.985090 0.070915
4.792500 0.829198 0.021470
4.797500 0.851713 0.042049
4.802500 0.889257 0.042148
4.807500 0.952132 0.009302
4.812500 0.962197 0.023026
4.817500 0.878686 0.054210
4.822500 0.916804 0.094223
4.827500 0.876932 0.079100
4.832500 0.884909 0.053189
4.837500 0.880409 0.045514
4.842500 0.942581 0.079240
4.847500 0.909447 0.029317
4.852500 0.925435 0.060451
4.857500 1.006275 0.045420
4.862500 0.979554 0.039381
4.867500 0.970239 0.043090
4.872500 0.885676 0.050031
4.877500 0.748774 0.050454
4.882500 0.758269 0.063404
4.887500 0.780932 0.008432
4.892500 0.796285 0.104030
4.897500 0.855097 0.088234
4.902500 0.858172 0.067991
4.907500 0.849531 0.070281
4.912500 0.862755 0.060788
4.917500 0.856654 0.038906
4.922500 0.867671 0.019824
4.927500 0.823481 0.065519
4.932500 0.851071 0.079459
4.937500 1.066977 0.094613
4.942500 1.088472 0.029945
4.947500 0.938486 0.018611
4.952500 0.981897 0.011490
4.957500 1.024919 0.050760
4.962500 0.974771 0.068394
4.967500 0.941069 0.036879
4.972500 0.998494 0.018273
4.977500 0.916559 0.024897
4.982500 0.945264 0.046534
4.987500 1.021214 0.079767
4.992500 0.910729 0.069652
4.997500 0.996672 0.069884
5.002500 0.952184 0.105114
5.007500 0.893096 0.091413
5.012500 0.930629 0.077760
5.017500 0.919694 0.067185
5.022500 0.870844 0.037315
5.027500 0.881194 0.037674
5.032500 0.945273 0.081259
5.037500 0.927606 0.048977
5.042500 1.013011 0.045341
5.047500 0.949628 0.064010
5.052500 0.785110 0.145498
5.057500 0.782419 0.105629
5.062500 0.957534 0.133105
5.067500 0.927037 0.035929
5.072500 0.949281 0.036460
5.077500 1.031622 0.086706
5.082500 0.986014 0.154064
5.087500 0.972384 0.071178
5.092500 0.886177 0.062338
5.097500 0.851260 0.010242
