# DATE = 2025-03-12
# PIPE_VER = 1.17.1
# PMAP = jwst_1322.pmap
# STANDARD_STAR = SNAP-2
# 
# Wavelength (microns), arbitrary reflectance, uncertainty
0.702500 0.540733 0.010410
0.707500 0.526811 0.007205
0.712500 0.521757 0.005421
0.717500 0.537321 0.007190
0.722500 0.544770 0.009791
0.727500 0.533487 0.018593
0.732500 0.556820 0.007450
0.737500 0.565250 0.005880
0.742500 0.543994 0.010000
0.747500 0.546098 0.011010
0.752500 0.545672 0.005096
0.757500 0.557534 0.007409
0.762500 0.565970 0.014060
0.767500 0.561216 0.009579
0.772500 0.575238 0.007311
0.777500 0.585970 0.006946
0.782500 0.583261 0.008124
0.787500 0.571882 0.012251
0.792500 0.570752 0.010355
0.797500 0.585037 0.003407
0.802500 0.590430 0.003514
0.807500 0.585249 0.005488
0.812500 0.593016 0.007273
0.817500 0.595305 0.006917
0.822500 0.597027 0.004954
0.827500 0.601489 0.006288
0.832500 0.605710 0.007459
0.837500 0.608190 0.008879
0.842500 0.598441 0.007839
0.847500 0.596264 0.011712
0.852500 0.596089 0.009472
0.857500 0.599393 0.011741
0.862500 0.618331 0.011965
0.867500 0.617290 0.003710
0.872500 0.619702 0.007136
0.877500 0.626715 0.009140
0.882500 0.623307 0.007036
0.887500 0.625165 0.006800
0.892500 0.624433 0.009333
0.897500 0.631974 0.011534
0.902500 0.642928 0.006387
0.907500 0.639696 0.003065
0.912500 0.634985 0.006336
0.917500 0.641747 0.008273
0.922500 0.650346 0.008689
0.927500 0.655428 0.006297
0.932500 0.655021 0.007862
0.937500 0.652458 0.006850
0.942500 0.658074 0.010551
0.947500 0.663447 0.009631
0.952500 0.666037 0.007986
0.957500 0.663700 0.011273
0.962500 0.659461 0.003380
0.967500 0.665623 0.006669
0.972500 0.674611 0.013954
0.977500 0.674846 0.011751
0.982500 0.681824 0.013914
0.987500 0.685486 0.010968
0.992500 0.687655 0.009110
0.997500 0.685316 0.013594
1.002500 0.687495 0.012657
1.007500 0.693008 0.010813
1.012500 0.689274 0.010150
1.017500 0.691560 0.009494
1.022500 0.691152 0.008167
1.027500 0.692765 0.008041
1.032500 0.693539 0.006682
1.037500 0.696358 0.007671
1.042500 0.701140 0.011125
1.047500 0.703269 0.014107
1.052500 0.706668 0.010456
1.057500 0.706515 0.007423
1.062500 0.710399 0.007542
1.067500 0.709596 0.009854
1.072500 0.714429 0.014336
1.077500 0.717245 0.014558
1.082500 0.721439 0.013624
1.087500 0.720344 0.007194
1.092500 0.725536 0.004124
1.097500 0.726411 0.004273
1.102500 0.727318 0.009004
1.107500 0.728439 0.008418
1.112500 0.727620 0.006734
1.117500 0.730684 0.007136
1.122500 0.737505 0.011950
1.127500 0.746231 0.008594
1.132500 0.744843 0.008211
1.137500 0.746032 0.010147
1.142500 0.753175 0.011154
1.147500 0.753283 0.012494
1.152500 0.759150 0.016420
1.157500 0.764492 0.018120
1.162500 0.763614 0.018588
1.167500 0.762536 0.017165
1.172500 0.761431 0.013496
1.177500 0.764303 0.011578
1.182500 0.771188 0.012046
1.187500 0.772696 0.012305
1.192500 0.768291 0.013173
1.197500 0.770907 0.012760
1.202500 0.768721 0.012721
1.207500 0.770157 0.013246
1.212500 0.777858 0.011052
1.217500 0.777893 0.011696
1.222500 0.772816 0.013910
1.227500 0.782842 0.014596
1.232500 0.780723 0.015699
1.237500 0.771825 0.009370
1.242500 0.779176 0.015972
1.247500 0.773684 0.018170
1.252500 0.772486 0.024602
1.257500 0.776046 0.017940
1.262500 0.775441 0.031211
1.267500 0.782648 0.027449
1.272500 0.789347 0.016974
1.277500 0.783368 0.025610
1.282500 0.785917 0.020369
1.287500 0.790644 0.015611
1.292500 0.796587 0.015883
1.297500 0.800441 0.011717
1.302500 0.805822 0.010378
1.307500 0.806884 0.011409
1.312500 0.811315 0.013307
1.317500 0.815150 0.019984
1.322500 0.819260 0.017475
1.327500 0.817363 0.014529
1.332500 0.821291 0.015648
1.337500 0.819408 0.010184
1.342500 0.817046 0.013708
1.347500 0.816507 0.013797
1.352500 0.829862 0.014750
1.357500 0.830452 0.021849
1.362500 0.828246 0.022127
1.367500 0.825940 0.022143
1.372500 0.827998 0.021360
1.377500 0.826630 0.022255
1.382500 0.830256 0.022086
1.387500 0.832882 0.021311
1.392500 0.834014 0.020782
1.397500 0.832401 0.021473
1.402500 0.830511 0.025609
1.407500 0.833172 0.025122
1.412500 0.841942 0.025289
1.417500 0.841657 0.021922
1.422500 0.843398 0.017460
1.427500 0.845476 0.015806
1.432500 0.844409 0.015587
1.437500 0.846506 0.019367
1.442500 0.838199 0.025670
1.447500 0.836983 0.027079
1.452500 0.843250 0.028643
1.457500 0.842231 0.029725
1.462500 0.851325 0.024825
1.467500 0.856596 0.022086
1.472500 0.850390 0.019123
1.477500 0.847701 0.018108
1.482500 0.841753 0.020413
1.487500 0.839024 0.020203
1.492500 0.841106 0.021331
1.497500 0.834494 0.016634
1.502500 0.845579 0.010088
1.507500 0.852730 0.013536
1.512500 0.850580 0.012299
1.517500 0.852520 0.011801
1.522500 0.844286 0.015159
1.527500 0.842778 0.017850
1.532500 0.842800 0.024542
1.537500 0.841544 0.020973
1.542500 0.845442 0.024808
1.547500 0.850171 0.021065
1.552500 0.851476 0.020628
1.557500 0.848884 0.018846
1.562500 0.839388 0.017460
1.567500 0.842565 0.018571
1.572500 0.850863 0.017747
1.577500 0.850893 0.019738
1.582500 0.858606 0.021648
1.587500 0.865937 0.019785
1.592500 0.867522 0.016173
1.597500 0.858952 0.020063
1.602500 0.863994 0.018028
1.607500 0.863931 0.019163
1.612500 0.870726 0.022797
1.617500 0.871191 0.021642
1.622500 0.871073 0.020505
1.627500 0.881720 0.012318
1.632500 0.891068 0.015038
1.637500 0.886038 0.017479
1.642500 0.880872 0.018276
1.647500 0.885370 0.016217
1.652500 0.891177 0.019871
1.657500 0.893447 0.025253
1.662500 0.927661 0.005107
1.667500 0.937201 0.005976
1.672500 0.934259 0.007694
1.677500 0.901604 0.012513
1.682500 0.912852 0.014248
1.687500 0.918449 0.014343
1.692500 0.924536 0.009071
1.697500 0.920787 0.015383
1.702500 0.917395 0.018740
1.707500 0.922486 0.018254
1.712500 0.921841 0.015549
1.717500 0.918436 0.016549
1.722500 0.917379 0.020245
1.727500 0.926918 0.019629
1.732500 0.921836 0.019122
1.737500 0.915683 0.022383
1.742500 0.918603 0.021683
1.747500 0.921792 0.022146
1.752500 0.924079 0.014831
1.757500 0.920245 0.018710
1.762500 0.912563 0.023302
1.767500 0.917675 0.022420
1.772500 0.914354 0.020158
1.777500 0.912940 0.021227
1.782500 0.917074 0.021295
1.787500 0.924841 0.020100
1.792500 0.920931 0.014276
1.797500 0.901532 0.018632
1.802500 0.911709 0.020333
1.807500 0.918593 0.016874
1.812500 0.910806 0.007958
1.817500 0.914648 0.008610
1.822500 0.918409 0.010242
1.827500 0.929173 0.014806
1.832500 0.938857 0.017260
1.837500 0.934737 0.020198
1.842500 0.941299 0.020049
1.847500 0.946420 0.021347
1.852500 0.938341 0.021957
1.857500 0.936609 0.031051
1.862500 0.944730 0.028123
1.867500 0.940703 0.024559
1.872500 0.939826 0.021753
1.877500 0.944988 0.025428
1.882500 0.955511 0.026781
1.887500 0.947825 0.018945
1.892500 0.947921 0.014574
1.897500 0.949907 0.019959
1.902500 0.951279 0.024136
1.907500 0.964300 0.026738
1.912500 0.956324 0.029701
1.917500 0.952808 0.029916
1.922500 0.930189 0.010398
1.927500 0.927575 0.011072
1.932500 0.923288 0.017536
1.937500 0.936472 0.018488
1.942500 0.940477 0.015767
1.947500 0.941113 0.016289
1.952500 0.943082 0.016761
1.957500 0.942016 0.014304
1.962500 0.934452 0.013644
1.967500 0.915884 0.014370
1.972500 0.919857 0.016565
1.977500 0.915961 0.015504
1.982500 0.903992 0.014203
1.987500 0.901153 0.021614
1.992500 0.897312 0.018395
1.997500 0.913531 0.025594
2.002500 0.921317 0.030579
2.007500 0.917781 0.040271
2.012500 0.914545 0.035245
2.017500 0.906164 0.023520
2.022500 0.904469 0.021136
2.027500 0.908823 0.018900
2.032500 0.905736 0.017487
2.037500 0.906816 0.015976
2.042500 0.911961 0.019358
2.047500 0.916559 0.018301
2.052500 0.915077 0.014230
2.057500 0.918470 0.016565
2.062500 0.929186 0.013746
2.067500 0.925340 0.019181
2.072500 0.931040 0.014996
2.077500 0.930327 0.017632
2.082500 0.939869 0.016772
2.087500 0.947311 0.018013
2.092500 0.962673 0.011613
2.097500 0.977785 0.007643
2.102500 0.978850 0.006782
2.107500 0.968683 0.007012
2.112500 0.945376 0.017370
2.117500 0.953479 0.018905
2.122500 0.956051 0.022290
2.127500 0.968739 0.021302
2.132500 0.981690 0.020389
2.137500 0.984842 0.022212
2.142500 0.989312 0.018291
2.147500 0.984434 0.026876
2.152500 0.994756 0.026147
2.157500 1.007487 0.027544
2.162500 0.991625 0.032988
2.167500 0.992546 0.035410
2.172500 0.994086 0.035647
2.177500 0.989703 0.029863
2.182500 0.993331 0.026963
2.187500 0.996440 0.021811
2.192500 1.000013 0.019586
2.197500 0.989787 0.014503
2.202500 0.990907 0.023171
2.207500 1.004371 0.027185
2.212500 1.000784 0.028533
2.217500 1.012532 0.027306
2.222500 1.019432 0.025954
2.227500 1.007491 0.018475
2.232500 1.004398 0.012128
2.237500 1.005406 0.010751
2.242500 1.010030 0.018607
2.247500 1.006893 0.015671
2.252500 1.005008 0.017607
2.257500 1.007142 0.014415
2.262500 1.002408 0.007963
2.267500 0.996382 0.007762
2.272500 1.002153 0.005457
2.277500 1.008308 0.005113
2.282500 1.001865 0.007399
2.287500 1.018891 0.022926
2.292500 1.024206 0.016225
2.297500 1.024388 0.017963
2.302500 1.034392 0.012682
2.307500 1.018291 0.014471
2.312500 1.015824 0.011536
2.317500 1.018095 0.004551
2.322500 1.033180 0.010927
2.327500 1.028332 0.014667
2.332500 1.037743 0.021208
2.337500 1.044635 0.017534
2.342500 1.040960 0.005237
2.347500 1.000885 0.011408
2.352500 1.006441 0.012379
2.357500 1.011644 0.011387
2.362500 1.003664 0.005801
2.367500 1.022151 0.026883
2.372500 1.032515 0.027078
2.377500 1.040407 0.015998
2.382500 1.053041 0.011710
2.387500 1.063807 0.015075
2.392500 1.030282 0.024970
2.397500 1.009968 0.013746
2.402500 1.012627 0.011552
2.407500 1.032998 0.003078
2.412500 1.026473 0.010253
2.417500 1.030797 0.009922
2.422500 1.021085 0.003885
2.427500 1.022303 0.005356
2.432500 1.022157 0.009376
2.437500 1.035662 0.006321
2.442500 1.030241 0.005985
2.447500 1.008567 0.005107
2.452500 1.016893 0.007776
2.457500 1.002920 0.002958
2.462500 1.007427 0.006295
2.467500 1.016663 0.006927
2.472500 1.006259 0.008961
2.477500 0.988165 0.003805
2.482500 0.993958 0.003397
2.487500 1.002460 0.008377
2.492500 0.999068 0.007373
2.497500 0.994841 0.013984
2.502500 0.998363 0.013788
2.507500 1.017932 0.015154
2.512500 1.028783 0.014058
2.517500 1.037347 0.013277
2.522500 1.021648 0.011640
2.527500 1.023143 0.015518
2.532500 1.028426 0.008904
2.537500 1.026807 0.007082
2.542500 1.028555 0.009858
2.547500 1.032098 0.002978
2.552500 1.017448 0.009936
2.557500 1.011289 0.014300
2.562500 1.008418 0.012271
2.567500 1.004913 0.012750
2.572500 0.994355 0.013473
2.577500 1.000000 0.016462
2.582500 0.997611 0.016592
2.587500 0.989791 0.006279
2.592500 1.000433 0.004558
2.597500 0.996286 0.009967
2.602500 1.004512 0.020604
2.607500 1.006581 0.014118
2.612500 1.007826 0.016515
2.617500 1.006019 0.019693
2.622500 0.999633 0.011462
2.627500 0.999016 0.014405
2.632500 1.004746 0.022044
2.637500 1.023328 0.009560
2.642500 1.022526 0.023281
2.647500 1.018436 0.025042
2.652500 0.991233 0.010044
2.657500 0.987893 0.006114
2.662500 0.976309 0.021395
2.667500 1.004438 0.019393
2.672500 0.978487 0.012628
2.677500 0.987198 0.012373
2.682500 0.980718 0.010801
2.687500 0.961024 0.008701
2.692500 0.944487 0.011327
2.697500 0.936787 0.005018
2.702500 0.925476 0.007456
2.707500 0.922912 0.018432
2.712500 0.932209 0.010434
2.717500 0.922029 0.015068
2.722500 0.927125 0.017012
2.727500 0.906741 0.008498
2.732500 0.902819 0.004834
2.737500 0.905698 0.006782
2.742500 0.885726 0.013347
2.747500 0.821973 0.040329
2.752500 0.814623 0.037020
2.757500 0.836714 0.018049
2.762500 0.842369 0.017890
2.767500 0.810609 0.013111
2.772500 0.799575 0.013564
2.777500 0.784571 0.013892
2.782500 0.786056 0.009702
2.787500 0.762972 0.007251
2.792500 0.758275 0.004939
2.797500 0.717996 0.006379
2.802500 0.685991 0.010645
2.807500 0.662637 0.005828
2.812500 0.658380 0.004816
2.817500 0.661172 0.009205
2.822500 0.655947 0.011937
2.827500 0.628852 0.009001
2.832500 0.606293 0.010113
2.837500 0.598444 0.009086
2.842500 0.588825 0.004786
2.847500 0.571377 0.016935
2.852500 0.551679 0.023918
2.857500 0.532665 0.016039
2.862500 0.514004 0.012749
2.867500 0.509166 0.006643
2.872500 0.481164 0.012785
2.877500 0.468849 0.019990
2.882500 0.480221 0.016789
2.887500 0.469764 0.017267
2.892500 0.458275 0.012019
2.897500 0.457208 0.001460
2.902500 0.443431 0.004280
2.907500 0.436005 0.012176
2.912500 0.408184 0.000664
2.917500 0.408987 0.006165
2.922500 0.406100 0.005738
2.927500 0.400325 0.002588
2.932500 0.406799 0.012454
2.937500 0.412790 0.012854
2.942500 0.403234 0.008469
2.947500 0.405761 0.006588
2.952500 0.388422 0.001951
2.957500 0.378557 0.010580
2.962500 0.378743 0.008614
2.967500 0.355048 0.016012
2.972500 0.353851 0.018826
2.977500 0.352326 0.011787
2.982500 0.354214 0.013280
2.987500 0.364862 0.017934
2.992500 0.343298 0.008428
2.997500 0.355169 0.013522
3.002500 0.357290 0.010564
3.007500 0.348315 0.007230
3.012500 0.347149 0.004850
3.017500 0.329876 0.013634
3.022500 0.340723 0.005371
3.027500 0.355425 0.007578
3.032500 0.352949 0.019488
3.037500 0.331793 0.021157
3.042500 0.314711 0.013109
3.047500 0.324504 0.022889
3.052500 0.348046 0.010462
3.057500 0.363505 0.008646
3.062500 0.360898 0.011155
3.067500 0.365838 0.020574
3.072500 0.388950 0.014796
3.077500 0.415418 0.006354
3.082500 0.419639 0.010207
3.087500 0.412468 0.010179
3.092500 0.406351 0.011000
3.097500 0.406822 0.010317
3.102500 0.402837 0.012097
3.107500 0.402802 0.006269
3.112500 0.405127 0.006474
3.117500 0.393817 0.006190
3.122500 0.403614 0.005758
3.127500 0.395450 0.013023
3.132500 0.392816 0.018243
3.137500 0.380257 0.020474
3.142500 0.379085 0.022507
3.147500 0.358982 0.008763
3.152500 0.366295 0.019716
3.157500 0.370584 0.018241
3.162500 0.379426 0.010597
3.167500 0.382920 0.004358
3.172500 0.394764 0.005780
3.177500 0.376436 0.007242
3.182500 0.375262 0.001338
3.187500 0.371520 0.002635
3.192500 0.371419 0.002787
3.197500 0.382208 0.008744
3.202500 0.387522 0.009932
3.207500 0.377252 0.002401
3.212500 0.393564 0.005486
3.217500 0.399966 0.009039
3.222500 0.414723 0.014634
3.227500 0.402993 0.012017
3.232500 0.411316 0.004344
3.237500 0.435864 0.019452
3.242500 0.444953 0.020111
3.247500 0.428956 0.004601
3.252500 0.429952 0.008428
3.257500 0.455457 0.013129
3.262500 0.468100 0.004761
3.267500 0.465006 0.008773
3.272500 0.483581 0.009736
3.277500 0.496877 0.012748
3.282500 0.533477 0.015295
3.287500 0.545529 0.019676
3.292500 0.550579 0.016466
3.297500 0.566369 0.003429
3.302500 0.550818 0.018958
3.307500 0.573043 0.032969
3.312500 0.583254 0.029818
3.317500 0.607201 0.036778
3.322500 0.602396 0.022449
3.327500 0.608837 0.005477
3.332500 0.612201 0.011116
3.337500 0.641854 0.015193
3.342500 0.641169 0.012465
3.347500 0.636535 0.023612
3.352500 0.650167 0.019552
3.357500 0.701644 0.004840
3.362500 0.707321 0.010125
3.367500 0.705959 0.002180
3.372500 0.707019 0.014157
3.377500 0.714139 0.001823
3.382500 0.703295 0.014923
3.387500 0.704386 0.019433
3.392500 0.711236 0.005658
3.397500 0.736450 0.035842
3.402500 0.801046 0.031158
3.407500 0.809356 0.026223
3.412500 0.804991 0.004657
3.417500 0.809621 0.017053
3.422500 0.821581 0.010407
3.427500 0.830522 0.007786
3.432500 0.831874 0.007961
3.437500 0.827303 0.005199
3.442500 0.826347 0.014714
3.447500 0.829927 0.007738
3.452500 0.824948 0.016393
3.457500 0.849283 0.019367
3.462500 0.868557 0.010270
3.467500 0.874566 0.003802
3.472500 0.857340 0.002408
3.477500 0.863832 0.004904
3.482500 0.860447 0.029973
3.487500 0.843880 0.028734
3.492500 0.865857 0.019170
3.497500 0.864403 0.042255
3.502500 0.822170 0.015008
3.507500 0.891483 0.005283
3.512500 0.916138 0.009789
3.517500 0.917718 0.005756
3.522500 0.920232 0.010791
3.527500 0.959954 0.004106
3.532500 0.959289 0.003246
3.537500 0.963612 0.004923
3.542500 0.971010 0.005853
3.547500 0.952404 0.007878
3.552500 0.934203 0.009672
3.557500 0.938808 0.010563
3.562500 0.954463 0.007510
3.567500 0.959074 0.020227
3.572500 0.947321 0.005109
3.577500 0.948359 0.016810
3.582500 0.962791 0.006008
3.587500 0.972665 0.012086
3.592500 0.983545 0.019409
3.597500 0.985981 0.011920
3.602500 0.980383 0.007827
3.607500 0.980807 0.007630
3.612500 1.002594 0.008254
3.617500 0.993185 0.031331
3.622500 0.990049 0.030659
3.627500 0.954582 0.021430
3.632500 0.973641 0.018401
3.637500 0.955404 0.007988
3.642500 0.956252 0.026201
3.647500 0.954191 0.009338
3.652500 0.977817 0.009190
3.657500 0.974704 0.007901
3.662500 0.978242 0.005619
3.667500 0.983863 0.008599
3.672500 0.993814 0.013664
3.677500 0.977754 0.030577
3.682500 0.972564 0.021616
3.687500 0.943505 0.021714
3.692500 0.970708 0.013747
3.697500 0.972257 0.006252
3.702500 0.945438 0.026763
3.707500 0.946196 0.016643
3.712500 0.932374 0.012816
3.717500 0.916035 0.012704
3.722500 0.925983 0.021746
3.727500 0.941408 0.021925
3.732500 0.911116 0.019599
3.737500 0.937510 0.004477
3.742500 0.924859 0.011412
3.747500 0.920293 0.034029
3.752500 0.941649 0.010254
3.757500 0.919438 0.018929
3.762500 0.914281 0.022706
3.767500 0.970153 0.026516
3.772500 0.960607 0.041135
3.777500 0.915028 0.024102
3.782500 0.939424 0.012562
3.787500 0.925357 0.015676
3.792500 0.899778 0.031793
3.797500 0.879964 0.038949
3.802500 0.924789 0.031454
3.807500 0.937185 0.021930
3.812500 0.894146 0.022400
3.817500 0.896169 0.025222
3.822500 0.867035 0.005352
3.827500 0.863476 0.021005
3.832500 0.863362 0.003234
3.837500 0.877836 0.011467
3.842500 0.896564 0.032018
3.847500 0.914703 0.007731
3.852500 0.883175 0.012389
3.857500 0.858341 0.008567
3.862500 0.883446 0.009282
3.867500 0.918410 0.033019
3.872500 0.879490 0.016961
3.877500 0.884907 0.032306
3.882500 0.883651 0.041821
3.887500 0.836295 0.041528
3.892500 0.789214 0.025624
3.897500 0.790764 0.010451
3.902500 0.806171 0.030285
3.907500 0.821783 0.021194
3.912500 0.885221 0.022326
3.917500 0.853675 0.017325
3.922500 0.832468 0.028669
3.927500 0.850990 0.013407
3.932500 0.851962 0.015428
3.937500 0.868626 0.024069
3.942500 0.898639 0.005743
3.947500 0.834747 0.014289
3.952500 0.803011 0.023718
3.957500 0.806833 0.022718
3.962500 0.810574 0.018260
3.967500 0.797709 0.009007
3.972500 0.801111 0.002234
3.977500 0.786492 0.027076
3.982500 0.782778 0.056861
3.987500 0.782198 0.013688
3.992500 0.825498 0.017986
3.997500 0.858442 0.029243
4.002500 0.846228 0.005532
4.007500 0.858899 0.002456
4.012500 0.822426 0.017437
4.017500 0.767063 0.013264
4.022500 0.810853 0.045598
4.027500 0.837025 0.039028
4.032500 0.830505 0.014320
4.037500 0.849945 0.025578
4.042500 0.819021 0.026048
4.047500 0.757153 0.045467
4.052500 0.733042 0.031274
4.057500 0.757062 0.021487
4.062500 0.747034 0.018658
4.067500 0.736360 0.027085
4.072500 0.758315 0.052705
4.077500 0.823559 0.009791
4.082500 0.787526 0.032653
4.087500 0.779343 0.008924
4.092500 0.771992 0.014546
4.097500 0.807313 0.013772
4.102500 0.772296 0.002271
4.107500 0.745552 0.021458
4.112500 0.794924 0.055148
4.117500 0.827909 0.042876
4.122500 0.728798 0.032142
4.127500 0.717663 0.018570
4.132500 0.700711 0.024774
4.137500 0.726116 0.018214
4.142500 0.731815 0.012709
4.147500 0.690541 0.038494
4.152500 0.686248 0.021525
4.157500 0.741350 0.015867
4.162500 0.768287 0.009271
4.167500 0.782272 0.029520
4.172500 0.779682 0.033168
4.177500 0.751310 0.055587
4.182500 0.716193 0.019808
4.187500 0.710475 0.025364
4.192500 0.697938 0.043499
4.197500 0.715743 0.028876
4.202500 0.690446 0.036312
4.207500 0.681712 0.014520
4.212500 0.646197 0.025082
4.217500 0.638084 0.004043
4.222500 0.601185 0.057713
4.227500 0.498495 0.014346
4.232500 0.534629 0.026515
4.237500 0.548933 0.015784
4.242500 0.530942 0.049752
4.247500 0.422352 0.035230
4.252500 0.400854 0.013685
4.257500 0.453008 0.043354
4.262500 0.492739 0.036791
4.267500 0.461368 0.014955
4.272500 0.428748 0.037464
4.277500 0.428267 0.020496
4.282500 0.494316 0.020679
4.287500 0.519992 0.029720
4.292500 0.546373 0.018236
4.297500 0.660646 0.062115
4.302500 0.685100 0.072497
4.307500 0.696168 0.008397
4.312500 0.762240 0.012536
4.317500 0.803476 0.042963
4.322500 0.837998 0.038328
4.327500 0.765742 0.047005
4.332500 0.775206 0.040061
4.337500 0.814972 0.015609
4.342500 0.776519 0.043944
4.347500 0.730222 0.029062
4.352500 0.670252 0.011927
4.357500 0.700456 0.073313
4.362500 0.725930 0.031272
4.367500 0.700737 0.004274
4.372500 0.704514 0.038280
4.377500 0.768477 0.027720
4.382500 0.748940 0.017140
4.387500 0.668944 0.009220
4.392500 0.681496 0.072998
4.397500 0.682687 0.047302
4.402500 0.687565 0.033152
4.407500 0.747089 0.014645
4.412500 0.672738 0.006649
4.417500 0.580424 0.043289
4.422500 0.567632 0.016711
4.427500 0.596002 0.012154
4.432500 0.571452 0.012104
4.437500 0.591451 0.042297
4.442500 0.701946 0.013979
4.447500 0.718618 0.028349
4.452500 0.708725 0.046116
4.457500 0.709495 0.029184
4.462500 0.669098 0.039057
4.467500 0.661978 0.037080
4.472500 0.678169 0.029142
4.477500 0.651463 0.040798
4.482500 0.722587 0.033878
4.487500 0.766129 0.010449
4.492500 0.716010 0.056935
4.497500 0.658824 0.032192
4.502500 0.645549 0.035696
4.507500 0.688585 0.062459
4.512500 0.762631 0.037621
4.517500 0.727332 0.026023
4.522500 0.640976 0.025095
4.527500 0.711582 0.061119
4.532500 0.761003 0.022406
4.537500 0.651828 0.065559
4.542500 0.616516 0.033428
4.547500 0.703076 0.037591
4.552500 0.623840 0.065131
4.557500 0.619371 0.063698
4.562500 0.707731 0.017933
4.567500 0.667927 0.055503
4.572500 0.658175 0.103581
4.577500 0.730560 0.029885
4.582500 0.741633 0.018598
4.587500 0.742520 0.013238
4.592500 0.688512 0.083633
4.597500 0.643727 0.008048
4.602500 0.595204 0.037225
4.607500 0.625420 0.042512
4.612500 0.644343 0.026344
4.617500 0.694560 0.057522
4.622500 0.599577 0.054937
4.627500 0.585454 0.018747
4.632500 0.603212 0.021732
4.637500 0.667245 0.016423
4.642500 0.669576 0.035182
4.647500 0.662354 0.075194
4.652500 0.688601 0.051795
4.657500 0.668321 0.022779
4.662500 0.629815 0.050696
4.667500 0.604146 0.017763
4.672500 0.725816 0.045658
4.677500 0.721620 0.038790
4.682500 0.711294 0.016334
4.687500 0.673990 0.045855
4.692500 0.660858 0.075866
4.697500 0.778667 0.092989
4.702500 0.772432 0.047309
4.707500 0.779489 0.088005
4.712500 0.679001 0.094533
4.717500 0.733704 0.040998
4.722500 0.769114 0.043269
4.727500 0.765213 0.033522
4.732500 0.837639 0.069396
4.737500 0.904905 0.103724
4.742500 0.801256 0.055645
4.747500 0.786851 0.032078
4.752500 0.837290 0.032859
4.757500 0.777643 0.014525
4.762500 0.762042 0.039916
4.767500 0.773754 0.077646
4.772500 0.847741 0.041848
4.777500 0.828296 0.053848
4.782500 0.834633 0.019833
4.787500 0.848687 0.032221
4.792500 0.874933 0.012327
4.797500 0.895987 0.014939
4.802500 0.870434 0.037840
4.807500 0.799862 0.042382
4.812500 0.790818 0.023171
4.817500 0.832141 0.026720
4.822500 0.838075 0.035916
4.827500 0.795033 0.088094
4.832500 0.927484 0.076130
4.837500 0.852893 0.035469
4.842500 0.717519 0.029343
4.847500 0.846373 0.116441
4.852500 0.911297 0.101394
4.857500 0.902895 0.031008
4.862500 0.953442 0.014751
4.867500 0.951296 0.070124
4.872500 0.986513 0.048688
4.877500 0.955843 0.046352
4.882500 0.853239 0.007497
4.887500 0.818439 0.013733
4.892500 0.823604 0.012318
4.897500 0.816063 0.123374
4.902500 1.010718 0.047764
4.907500 0.958623 0.066729
4.912500 0.897033 0.049495
4.917500 1.054434 0.080605
4.922500 1.070647 0.059255
4.927500 0.908414 0.088222
4.932500 0.972322 0.100679
4.937500 1.053406 0.085377
4.942500 0.913661 0.049394
4.947500 1.098493 0.059879
4.952500 1.048712 0.065736
4.957500 0.962078 0.023029
4.962500 0.897029 0.026797
4.967500 0.821171 0.043114
4.972500 0.780579 0.038104
4.977500 0.885359 0.094441
4.982500 0.892228 0.035375
4.987500 0.854295 0.047766
4.992500 0.939235 0.065418
4.997500 0.979017 0.067403
5.002500 1.031901 0.032817
5.007500 0.807095 0.071681
5.012500 0.926172 0.044976
5.017500 0.914071 0.023700
5.022500 0.910397 0.106575
5.027500 1.042563 0.064869
5.032500 0.855865 0.078276
5.037500 0.841629 0.063466
5.042500 1.040366 0.085826
5.047500 0.994631 0.088069
5.052500 0.778193 0.017801
5.057500 0.860328 0.037757
5.062500 0.802348 0.027028
5.067500 0.885166 0.139026
5.072500 0.769411 0.112365
5.077500 0.704434 0.049236
5.082500 0.655949 0.050194
5.087500 0.787872 0.027965
5.092500 0.833552 0.167629
5.097500 0.712949 0.085210
