# DATE = 2025-03-12
# PIPE_VER = 1.17.1
# PMAP = jwst_1322.pmap
# STANDARD_STAR = SNAP-2
# 
# Wavelength (microns), arbitrary reflectance, uncertainty
0.702500 0.805448 0.010374
0.707500 0.804847 0.014081
0.712500 0.821274 0.016223
0.717500 0.824225 0.014601
0.722500 0.820926 0.013628
0.727500 0.827207 0.011956
0.732500 0.814757 0.010874
0.737500 0.827324 0.015115
0.742500 0.830076 0.013768
0.747500 0.820759 0.011551
0.752500 0.810975 0.013777
0.757500 0.826652 0.015740
0.762500 0.840196 0.011168
0.767500 0.842430 0.008773
0.772500 0.834544 0.005426
0.777500 0.833327 0.009508
0.782500 0.841910 0.013835
0.787500 0.845928 0.010765
0.792500 0.831903 0.006079
0.797500 0.834892 0.006799
0.802500 0.845573 0.004385
0.807500 0.849161 0.005914
0.812500 0.849503 0.004882
0.817500 0.850473 0.005456
0.822500 0.852493 0.005384
0.827500 0.854719 0.004832
0.832500 0.854182 0.004184
0.837500 0.861807 0.004943
0.842500 0.862897 0.004112
0.847500 0.867651 0.004841
0.852500 0.872182 0.007782
0.857500 0.867915 0.009755
0.862500 0.872312 0.010690
0.867500 0.870853 0.006740
0.872500 0.875333 0.010625
0.877500 0.880911 0.006771
0.882500 0.873378 0.006592
0.887500 0.871510 0.009979
0.892500 0.879491 0.008204
0.897500 0.892470 0.012657
0.902500 0.892609 0.010659
0.907500 0.882346 0.005940
0.912500 0.875544 0.006762
0.917500 0.883670 0.009973
0.922500 0.887880 0.012127
0.927500 0.891478 0.017846
0.932500 0.893987 0.010009
0.937500 0.885182 0.006313
0.942500 0.892697 0.009170
0.947500 0.890883 0.007118
0.952500 0.892751 0.008314
0.957500 0.900866 0.007903
0.962500 0.898266 0.009419
0.967500 0.902468 0.010953
0.972500 0.905658 0.011038
0.977500 0.904599 0.008826
0.982500 0.913789 0.012737
0.987500 0.924019 0.013849
0.992500 0.921364 0.012242
0.997500 0.918484 0.010591
1.002500 0.913393 0.011431
1.007500 0.914674 0.011995
1.012500 0.915400 0.013573
1.017500 0.925608 0.011852
1.022500 0.931671 0.008358
1.027500 0.929503 0.008490
1.032500 0.928019 0.009448
1.037500 0.929831 0.008641
1.042500 0.922462 0.008370
1.047500 0.925540 0.005309
1.052500 0.932215 0.009116
1.057500 0.932696 0.005589
1.062500 0.934093 0.004848
1.067500 0.935621 0.006822
1.072500 0.938611 0.005213
1.077500 0.938918 0.006023
1.082500 0.941809 0.005274
1.087500 0.938073 0.005759
1.092500 0.937181 0.005842
1.097500 0.940855 0.009403
1.102500 0.943504 0.013092
1.107500 0.946663 0.011085
1.112500 0.954434 0.008468
1.117500 0.958911 0.008652
1.122500 0.957267 0.010028
1.127500 0.959543 0.010577
1.132500 0.958905 0.010173
1.137500 0.954047 0.013380
1.142500 0.964740 0.007760
1.147500 0.966859 0.008625
1.152500 0.971950 0.010918
1.157500 0.973537 0.011587
1.162500 0.980615 0.007702
1.167500 0.976374 0.005564
1.172500 0.967992 0.006270
1.177500 0.969704 0.005585
1.182500 0.982591 0.007027
1.187500 0.982453 0.006507
1.192500 0.981705 0.006195
1.197500 0.981114 0.007127
1.202500 0.976300 0.008113
1.207500 0.972305 0.008568
1.212500 0.974653 0.008666
1.217500 0.974498 0.007325
1.222500 0.975164 0.011166
1.227500 0.969356 0.006888
1.232500 0.974153 0.005015
1.237500 0.970764 0.004332
1.242500 0.966838 0.004820
1.247500 0.970148 0.005907
1.252500 0.969646 0.004980
1.257500 0.969067 0.003580
1.262500 0.972917 0.007303
1.267500 0.974623 0.005886
1.272500 0.972392 0.008616
1.277500 0.989916 0.014014
1.282500 0.990968 0.007369
1.287500 0.980968 0.015708
1.292500 0.979893 0.011645
1.297500 0.973594 0.005119
1.302500 0.980173 0.005095
1.307500 0.982704 0.006756
1.312500 0.982069 0.006085
1.317500 0.988944 0.005394
1.322500 0.991978 0.006128
1.327500 0.986365 0.005461
1.332500 0.988071 0.006062
1.337500 0.991112 0.005625
1.342500 0.992882 0.005245
1.347500 0.997236 0.004233
1.352500 0.996804 0.004538
1.357500 1.000114 0.004507
1.362500 0.999222 0.004911
1.367500 0.998922 0.004617
1.372500 0.999448 0.004466
1.377500 0.993469 0.005174
1.382500 0.997145 0.006719
1.387500 1.001712 0.005528
1.392500 1.000569 0.005945
1.397500 1.002396 0.005516
1.402500 1.000996 0.005267
1.407500 1.004677 0.007550
1.412500 1.011753 0.007390
1.417500 1.015046 0.006643
1.422500 1.012989 0.009377
1.427500 1.017650 0.006220
1.432500 1.009634 0.005343
1.437500 1.010625 0.005353
1.442500 1.004640 0.005821
1.447500 0.997584 0.005941
1.452500 0.991293 0.008889
1.457500 0.993761 0.010438
1.462500 0.987264 0.008890
1.467500 0.982083 0.007830
1.472500 0.983441 0.008013
1.477500 0.977774 0.007258
1.482500 0.976729 0.008604
1.487500 0.974522 0.006971
1.492500 0.964202 0.006894
1.497500 0.965675 0.004550
1.502500 0.966428 0.006333
1.507500 0.968709 0.006185
1.512500 0.972066 0.006047
1.517500 0.971345 0.003962
1.522500 0.970759 0.006329
1.527500 0.965553 0.006972
1.532500 0.961742 0.003832
1.537500 0.964172 0.005566
1.542500 0.968709 0.006475
1.547500 0.959283 0.009084
1.552500 0.967835 0.008121
1.557500 0.974453 0.010709
1.562500 0.970766 0.010595
1.567500 0.968675 0.008051
1.572500 0.971171 0.005072
1.577500 0.972896 0.007005
1.582500 0.971221 0.010269
1.587500 0.975621 0.011041
1.592500 0.975843 0.013228
1.597500 0.980491 0.013183
1.602500 0.988025 0.011305
1.607500 0.991878 0.010091
1.612500 0.991836 0.007896
1.617500 0.992327 0.007987
1.622500 0.989623 0.005353
1.627500 0.991466 0.005402
1.632500 0.992184 0.004147
1.637500 0.994564 0.004328
1.642500 0.992631 0.004559
1.647500 0.998846 0.005039
1.652500 1.010689 0.012702
1.657500 1.012894 0.015877
1.662500 1.005933 0.015105
1.667500 1.008417 0.012535
1.672500 1.012508 0.010050
1.677500 1.018998 0.010004
1.682500 1.028761 0.005919
1.687500 1.028452 0.004851
1.692500 1.024442 0.005458
1.697500 1.024887 0.003605
1.702500 1.023925 0.004853
1.707500 1.026330 0.005523
1.712500 1.031574 0.004121
1.717500 1.033241 0.005987
1.722500 1.032771 0.005785
1.727500 1.032457 0.006280
1.732500 1.036045 0.006266
1.737500 1.029667 0.004148
1.742500 1.023344 0.008949
1.747500 1.023527 0.007122
1.752500 1.019430 0.005799
1.757500 1.027983 0.010210
1.762500 1.028343 0.004276
1.767500 1.037045 0.004105
1.772500 1.036449 0.007713
1.777500 1.026535 0.008721
1.782500 1.029663 0.005386
1.787500 1.033259 0.006387
1.792500 1.031793 0.005050
1.797500 1.030455 0.004270
1.802500 1.038019 0.007610
1.807500 1.043847 0.004553
1.812500 1.043413 0.008695
1.817500 1.035414 0.011069
1.822500 1.023356 0.004580
1.827500 1.024700 0.005763
1.832500 1.025855 0.007796
1.837500 1.021550 0.008720
1.842500 1.030320 0.004739
1.847500 1.031774 0.004692
1.852500 1.034044 0.005082
1.857500 1.045213 0.004493
1.862500 1.047311 0.012991
1.867500 1.047635 0.011318
1.872500 1.038046 0.004043
1.877500 1.035600 0.006888
1.882500 1.036592 0.004273
1.887500 1.034507 0.004168
1.892500 1.037358 0.005798
1.897500 1.035168 0.005023
1.902500 1.028503 0.006315
1.907500 1.025251 0.010760
1.912500 1.014295 0.008854
1.917500 1.016872 0.006723
1.922500 1.018066 0.008013
1.927500 1.019244 0.006832
1.932500 1.002937 0.011207
1.937500 0.992948 0.013338
1.942500 0.991184 0.014141
1.947500 0.980098 0.003720
1.952500 0.978872 0.004414
1.957500 0.980273 0.008113
1.962500 0.981126 0.009151
1.967500 0.974623 0.011114
1.972500 0.970012 0.005331
1.977500 0.970075 0.004599
1.982500 0.967278 0.003332
1.987500 0.959428 0.008095
1.992500 0.952180 0.003903
1.997500 0.952632 0.003166
2.002500 0.959498 0.009600
2.007500 0.960657 0.008294
2.012500 0.961005 0.012573
2.017500 0.958015 0.015366
2.022500 0.957266 0.011762
2.027500 0.958441 0.007004
2.032500 0.953544 0.008809
2.037500 0.953146 0.005750
2.042500 0.954619 0.011217
2.047500 0.960853 0.010870
2.052500 0.963137 0.012184
2.057500 0.977137 0.009105
2.062500 0.976912 0.006180
2.067500 0.978077 0.006392
2.072500 0.977503 0.007517
2.077500 0.973125 0.009418
2.082500 0.968286 0.006085
2.087500 0.969755 0.008172
2.092500 0.978190 0.006282
2.097500 0.979922 0.004836
2.102500 0.983428 0.004939
2.107500 0.989355 0.003822
2.112500 0.996371 0.008749
2.117500 1.017929 0.006255
2.122500 1.018911 0.005273
2.127500 1.019827 0.005548
2.132500 1.024320 0.005085
2.137500 1.023699 0.009093
2.142500 1.025062 0.007225
2.147500 1.030914 0.004324
2.152500 1.051766 0.007012
2.157500 1.055412 0.007807
2.162500 1.058436 0.005417
2.167500 1.054244 0.008321
2.172500 1.063630 0.003020
2.177500 1.064188 0.006238
2.182500 1.048295 0.009751
2.187500 1.057336 0.008029
2.192500 1.053490 0.008896
2.197500 1.069358 0.003963
2.202500 1.072232 0.003979
2.207500 1.076178 0.005492
2.212500 1.074133 0.006230
2.217500 1.065027 0.006134
2.222500 1.074187 0.008068
2.227500 1.075615 0.005301
2.232500 1.074653 0.004847
2.237500 1.078405 0.003958
2.242500 1.078993 0.004143
2.247500 1.080920 0.003763
2.252500 1.082213 0.005976
2.257500 1.083361 0.004370
2.262500 1.084770 0.002887
2.267500 1.078382 0.003607
2.272500 1.083515 0.004893
2.277500 1.085173 0.004357
2.282500 1.074113 0.006322
2.287500 1.062337 0.006338
2.292500 1.062254 0.006983
2.297500 1.059336 0.006671
2.302500 1.055098 0.009278
2.307500 1.052429 0.007165
2.312500 1.059770 0.004548
2.317500 1.071155 0.003454
2.322500 1.073009 0.007694
2.327500 1.077543 0.002801
2.332500 1.057249 0.003035
2.337500 1.052557 0.006009
2.342500 1.056423 0.007297
2.347500 1.044822 0.008304
2.352500 1.020054 0.016359
2.357500 1.037635 0.012637
2.362500 1.048663 0.003862
2.367500 1.040168 0.014275
2.372500 1.062475 0.013775
2.377500 1.046775 0.019022
2.382500 1.043538 0.025957
2.387500 1.037460 0.016420
2.392500 1.029820 0.017763
2.397500 1.025819 0.009986
2.402500 1.035754 0.009300
2.407500 1.037255 0.003700
2.412500 1.054669 0.010938
2.417500 1.058747 0.006636
2.422500 1.041318 0.008852
2.427500 1.042274 0.007148
2.432500 1.046662 0.003092
2.437500 1.045898 0.001597
2.442500 1.042445 0.003538
2.447500 1.030746 0.011301
2.452500 1.024311 0.002629
2.457500 1.021951 0.004173
2.462500 1.029814 0.009159
2.467500 1.029301 0.006374
2.472500 1.032540 0.003796
2.477500 1.027452 0.006980
2.482500 1.029785 0.014345
2.487500 1.035854 0.010726
2.492500 1.036994 0.008421
2.497500 1.015825 0.010953
2.502500 1.017976 0.012623
2.507500 1.012228 0.004857
2.512500 1.021347 0.010164
2.517500 1.021650 0.013220
2.522500 1.016385 0.006362
2.527500 1.004608 0.008575
2.532500 1.013344 0.013930
2.537500 1.008524 0.009327
2.542500 1.008138 0.008784
2.547500 1.007919 0.008524
2.552500 1.005463 0.006101
2.557500 0.999795 0.006779
2.562500 0.997675 0.008599
2.567500 0.984396 0.005280
2.572500 0.986269 0.004146
2.577500 0.993705 0.002302
2.582500 1.008705 0.004965
2.587500 1.009440 0.006780
2.592500 1.004209 0.006781
2.597500 1.003414 0.004428
2.602500 0.999379 0.004424
2.607500 1.001894 0.006692
2.612500 1.000000 0.008580
2.617500 0.981588 0.015576
2.622500 0.992919 0.008218
2.627500 0.987616 0.005477
2.632500 0.995555 0.014725
2.637500 0.997368 0.012034
2.642500 1.002319 0.010345
2.647500 0.997126 0.003107
2.652500 1.006457 0.014756
2.657500 0.973954 0.005793
2.662500 0.964130 0.012192
2.667500 0.964062 0.004908
2.672500 0.961445 0.012719
2.677500 0.960155 0.006134
2.682500 0.970523 0.009383
2.687500 0.943771 0.008560
2.692500 0.917568 0.014806
2.697500 0.907375 0.008038
2.702500 0.906660 0.005502
2.707500 0.886677 0.004037
2.712500 0.869828 0.001516
2.717500 0.865844 0.004547
2.722500 0.840864 0.003243
2.727500 0.847409 0.004396
2.732500 0.841989 0.009809
2.737500 0.839761 0.012368
2.742500 0.805977 0.005787
2.747500 0.783548 0.005098
2.752500 0.762372 0.007588
2.757500 0.754588 0.003395
2.762500 0.717145 0.010717
2.767500 0.693914 0.003975
2.772500 0.680127 0.010422
2.777500 0.664337 0.006482
2.782500 0.651651 0.005128
2.787500 0.625181 0.015873
2.792500 0.603327 0.007405
2.797500 0.595026 0.004724
2.802500 0.559931 0.006037
2.807500 0.547449 0.007965
2.812500 0.531143 0.003705
2.817500 0.506246 0.007983
2.822500 0.487201 0.004145
2.827500 0.460241 0.009163
2.832500 0.438188 0.002261
2.837500 0.435655 0.007700
2.842500 0.421158 0.004193
2.847500 0.400934 0.014110
2.852500 0.378797 0.023935
2.857500 0.367397 0.009949
2.862500 0.362603 0.003383
2.867500 0.357868 0.003842
2.872500 0.338253 0.009058
2.877500 0.330277 0.006743
2.882500 0.324254 0.004849
2.887500 0.318366 0.004872
2.892500 0.316256 0.003391
2.897500 0.313317 0.004549
2.902500 0.302796 0.003477
2.907500 0.292278 0.002564
2.912500 0.285378 0.006166
2.917500 0.276761 0.010200
2.922500 0.261008 0.004626
2.927500 0.261137 0.003378
2.932500 0.250775 0.006311
2.937500 0.246580 0.005922
2.942500 0.240761 0.010107
2.947500 0.236233 0.008391
2.952500 0.238984 0.009655
2.957500 0.240987 0.010576
2.962500 0.249449 0.005225
2.967500 0.246059 0.003194
2.972500 0.245345 0.004544
2.977500 0.233489 0.001132
2.982500 0.228727 0.005348
2.987500 0.227355 0.005440
2.992500 0.222230 0.001790
2.997500 0.217266 0.007112
3.002500 0.222733 0.007082
3.007500 0.219299 0.011028
3.012500 0.217489 0.007682
3.017500 0.222680 0.008003
3.022500 0.227940 0.011587
3.027500 0.225272 0.004152
3.032500 0.231868 0.011423
3.037500 0.232267 0.016889
3.042500 0.245779 0.008914
3.047500 0.260747 0.007602
3.052500 0.277436 0.003230
3.057500 0.289467 0.011172
3.062500 0.291953 0.009717
3.067500 0.300716 0.006228
3.072500 0.308764 0.016853
3.077500 0.353793 0.018825
3.082500 0.384921 0.007803
3.087500 0.390511 0.010431
3.092500 0.394964 0.003596
3.097500 0.407808 0.003614
3.102500 0.430543 0.010456
3.107500 0.438238 0.002853
3.112500 0.412691 0.015021
3.117500 0.392379 0.013507
3.122500 0.359212 0.017662
3.127500 0.322989 0.006729
3.132500 0.315021 0.001192
3.137500 0.307941 0.005188
3.142500 0.302063 0.003122
3.147500 0.296616 0.009551
3.152500 0.292998 0.010412
3.157500 0.278263 0.000843
3.162500 0.286661 0.005013
3.167500 0.284198 0.006187
3.172500 0.302316 0.007711
3.177500 0.312568 0.010924
3.182500 0.311619 0.008551
3.187500 0.294990 0.002967
3.192500 0.300435 0.012863
3.197500 0.297903 0.006324
3.202500 0.304792 0.006454
3.207500 0.310064 0.002651
3.212500 0.308059 0.018209
3.217500 0.328086 0.009696
3.222500 0.319224 0.003196
3.227500 0.332401 0.004075
3.232500 0.334847 0.005937
3.237500 0.359536 0.005017
3.242500 0.373185 0.000656
3.247500 0.381356 0.006224
3.252500 0.379794 0.008425
3.257500 0.394608 0.012464
3.262500 0.437685 0.007383
3.267500 0.468231 0.005608
3.272500 0.492511 0.002778
3.277500 0.510987 0.001849
3.282500 0.527099 0.008700
3.287500 0.568662 0.004987
3.292500 0.587233 0.010661
3.297500 0.615714 0.010828
3.302500 0.634738 0.007926
3.307500 0.653598 0.008344
3.312500 0.690486 0.015608
3.317500 0.732837 0.015030
3.322500 0.759183 0.015086
3.327500 0.773739 0.008127
3.332500 0.779386 0.008456
3.337500 0.806339 0.007478
3.342500 0.811947 0.009299
3.347500 0.826678 0.010935
3.352500 0.835399 0.003296
3.357500 0.834405 0.026527
3.362500 0.858700 0.012172
3.367500 0.860692 0.006956
3.372500 0.878246 0.008771
3.377500 0.887883 0.009560
3.382500 0.879598 0.007985
3.387500 0.872902 0.016493
3.392500 0.889746 0.011896
3.397500 0.895170 0.015327
3.402500 0.922310 0.003989
3.407500 0.959787 0.016069
3.412500 0.986266 0.017070
3.417500 0.981414 0.025800
3.422500 0.967108 0.016156
3.427500 0.950146 0.009764
3.432500 0.938645 0.005273
3.437500 0.941593 0.004384
3.442500 0.947116 0.015739
3.447500 0.941686 0.012837
3.452500 0.954615 0.017932
3.457500 0.970962 0.014249
3.462500 1.008371 0.013507
3.467500 0.999919 0.014793
3.472500 0.968870 0.004403
3.477500 0.996193 0.007459
3.482500 1.003352 0.008842
3.487500 1.006787 0.009116
3.492500 1.027841 0.008333
3.497500 1.017133 0.005758
3.502500 0.998398 0.003583
3.507500 1.006840 0.016369
3.512500 1.002880 0.022147
3.517500 1.001881 0.004561
3.522500 1.032688 0.018363
3.527500 1.022393 0.014197
3.532500 0.972149 0.005913
3.537500 0.975506 0.014680
3.542500 0.986607 0.010576
3.547500 0.983514 0.016594
3.552500 0.987662 0.010652
3.557500 0.997602 0.011876
3.562500 0.997544 0.006512
3.567500 1.010949 0.014025
3.572500 1.008983 0.008877
3.577500 1.006220 0.020471
3.582500 0.997985 0.021000
3.587500 0.997878 0.006733
3.592500 0.982475 0.016518
3.597500 0.982360 0.006677
3.602500 0.972207 0.012368
3.607500 0.994198 0.002918
3.612500 1.013908 0.010911
3.617500 0.994751 0.009949
3.622500 0.990083 0.011130
3.627500 1.013185 0.014427
3.632500 1.036514 0.006539
3.637500 1.030682 0.013601
3.642500 0.999379 0.009828
3.647500 0.985702 0.005110
3.652500 0.988906 0.007054
3.657500 0.994702 0.002900
3.662500 0.992068 0.019241
3.667500 0.995514 0.014447
3.672500 0.990325 0.009192
3.677500 0.975264 0.004651
3.682500 0.989896 0.008150
3.687500 0.963062 0.009278
3.692500 0.933757 0.016632
3.697500 0.946825 0.021854
3.702500 0.941472 0.011149
3.707500 0.944006 0.012258
3.712500 0.929446 0.009732
3.717500 0.948900 0.019161
3.722500 0.944896 0.010691
3.727500 0.917278 0.017099
3.732500 0.921526 0.020605
3.737500 0.921943 0.032011
3.742500 0.914115 0.017031
3.747500 0.913052 0.002829
3.752500 0.861005 0.028587
3.757500 0.861649 0.018759
3.762500 0.922073 0.025865
3.767500 0.927647 0.008299
3.772500 0.881469 0.021404
3.777500 0.876560 0.013511
3.782500 0.858255 0.005184
3.787500 0.858221 0.002333
3.792500 0.860090 0.007056
3.797500 0.866415 0.007004
3.802500 0.851531 0.013504
3.807500 0.847341 0.023139
3.812500 0.882731 0.036548
3.817500 0.877963 0.007734
3.822500 0.852891 0.023780
3.827500 0.869671 0.007176
3.832500 0.853716 0.013686
3.837500 0.852943 0.014706
3.842500 0.813022 0.007895
3.847500 0.807689 0.006955
3.852500 0.823209 0.005995
3.857500 0.835077 0.012581
3.862500 0.822912 0.019468
3.867500 0.844709 0.017496
3.872500 0.839345 0.016693
3.877500 0.826411 0.007790
3.882500 0.808804 0.006413
3.887500 0.784419 0.002634
3.892500 0.779731 0.012544
3.897500 0.796979 0.008918
3.902500 0.772094 0.012234
3.907500 0.728046 0.021608
3.912500 0.729503 0.026043
3.917500 0.757912 0.024253
3.922500 0.796810 0.017434
3.927500 0.799003 0.032866
3.932500 0.764676 0.011376
3.937500 0.768495 0.015480
3.942500 0.709204 0.015700
3.947500 0.703956 0.020390
3.952500 0.718373 0.020629
3.957500 0.771012 0.009039
3.962500 0.768392 0.011500
3.967500 0.742521 0.026215
3.972500 0.715644 0.015049
3.977500 0.716850 0.011611
3.982500 0.735058 0.007869
3.987500 0.733293 0.011697
3.992500 0.721820 0.015050
3.997500 0.703301 0.016507
4.002500 0.706299 0.008562
4.007500 0.700432 0.015272
4.012500 0.695700 0.015507
4.017500 0.666633 0.010647
4.022500 0.705371 0.026014
4.027500 0.705788 0.038571
4.032500 0.662234 0.021183
4.037500 0.667503 0.005655
4.042500 0.706209 0.019893
4.047500 0.682971 0.018675
4.052500 0.662524 0.039474
4.057500 0.686372 0.016409
4.062500 0.693080 0.009952
4.067500 0.695485 0.003037
4.072500 0.658515 0.008966
4.077500 0.657851 0.005325
4.082500 0.677965 0.021223
4.087500 0.660849 0.005079
4.092500 0.703392 0.012537
4.097500 0.658475 0.022705
4.102500 0.603227 0.008415
4.107500 0.610535 0.038695
4.112500 0.674922 0.027432
4.117500 0.666573 0.030704
4.122500 0.683677 0.006853
4.127500 0.679643 0.022209
4.132500 0.675798 0.009363
4.137500 0.651755 0.008710
4.142500 0.649274 0.022050
4.147500 0.626611 0.051132
4.152500 0.608451 0.030530
4.157500 0.670512 0.018218
4.162500 0.619478 0.018983
4.167500 0.604932 0.025296
4.172500 0.602336 0.015371
4.177500 0.600401 0.020971
4.182500 0.651605 0.054720
4.187500 0.740533 0.011481
4.192500 0.774325 0.019925
4.197500 0.788197 0.007890
4.202500 0.746438 0.007852
4.207500 0.739311 0.021063
4.212500 0.743901 0.017407
4.217500 0.709182 0.018558
4.222500 0.658105 0.006538
4.227500 0.592606 0.037299
4.232500 0.586689 0.033557
4.237500 0.605634 0.022676
4.242500 0.603154 0.012365
4.247500 0.581066 0.018997
4.252500 0.590011 0.008022
4.257500 0.561151 0.027708
4.262500 0.555642 0.020775
4.267500 0.518466 0.003555
4.272500 0.506547 0.023379
4.277500 0.492671 0.016766
4.282500 0.476769 0.026786
4.287500 0.510694 0.013494
4.292500 0.548651 0.008247
4.297500 0.586242 0.012447
4.302500 0.634165 0.015498
4.307500 0.624522 0.040739
4.312500 0.605931 0.051571
4.317500 0.648151 0.031725
4.322500 0.670084 0.030816
4.327500 0.619739 0.012293
4.332500 0.634705 0.011920
4.337500 0.609965 0.014762
4.342500 0.609382 0.001717
4.347500 0.627185 0.014273
4.352500 0.627872 0.027088
4.357500 0.606829 0.005047
4.362500 0.616776 0.040645
4.367500 0.622573 0.013637
4.372500 0.599116 0.042525
4.377500 0.568342 0.055056
4.382500 0.509195 0.049233
4.387500 0.492353 0.012206
4.392500 0.503451 0.020767
4.397500 0.556557 0.013049
4.402500 0.595897 0.014233
4.407500 0.561509 0.008663
4.412500 0.522177 0.023986
4.417500 0.527656 0.035988
4.422500 0.549146 0.036679
4.427500 0.595909 0.015614
4.432500 0.580247 0.017322
4.437500 0.576396 0.014994
4.442500 0.536743 0.031550
4.447500 0.549185 0.051276
4.452500 0.577446 0.037313
4.457500 0.541464 0.029899
4.462500 0.568309 0.006765
4.467500 0.611835 0.017410
4.472500 0.566149 0.010530
4.477500 0.537704 0.002587
4.482500 0.562515 0.028144
4.487500 0.503449 0.022137
4.492500 0.540564 0.039443
4.497500 0.605680 0.034410
4.502500 0.566639 0.048592
4.507500 0.550431 0.037044
4.512500 0.554018 0.021767
4.517500 0.518184 0.030736
4.522500 0.506118 0.017956
4.527500 0.537690 0.002143
4.532500 0.500896 0.020268
4.537500 0.508472 0.015647
4.542500 0.498248 0.009904
4.547500 0.544584 0.026915
4.552500 0.548229 0.033160
4.557500 0.540742 0.022973
4.562500 0.580239 0.007104
4.567500 0.545204 0.001847
4.572500 0.538345 0.020384
4.577500 0.559884 0.054464
4.582500 0.536772 0.037461
4.587500 0.542964 0.041633
4.592500 0.574311 0.062691
4.597500 0.549764 0.026068
4.602500 0.551373 0.029671
4.607500 0.595930 0.018026
4.612500 0.560099 0.020648
4.617500 0.517608 0.015043
4.622500 0.538908 0.046410
4.627500 0.527563 0.052808
4.632500 0.581040 0.069503
4.637500 0.564690 0.069163
4.642500 0.494333 0.047591
4.647500 0.505479 0.083258
4.652500 0.525589 0.038016
4.657500 0.521063 0.007366
4.662500 0.549674 0.019656
4.667500 0.496456 0.030038
4.672500 0.498325 0.042748
4.677500 0.584034 0.041110
4.682500 0.622972 0.030427
4.687500 0.537346 0.006102
4.692500 0.535126 0.055198
4.697500 0.658195 0.037237
4.702500 0.660000 0.019026
4.707500 0.616552 0.044249
4.712500 0.558288 0.029494
4.717500 0.579599 0.016053
4.722500 0.585176 0.023616
4.727500 0.595696 0.027201
4.732500 0.578626 0.054800
4.737500 0.568634 0.031591
4.742500 0.609101 0.008525
4.747500 0.626674 0.025964
4.752500 0.579431 0.050545
4.757500 0.626455 0.022756
4.762500 0.689939 0.015668
4.767500 0.660503 0.008938
4.772500 0.612442 0.025990
4.777500 0.608699 0.040823
4.782500 0.587363 0.045488
4.787500 0.626818 0.044235
4.792500 0.729433 0.036492
4.797500 0.699037 0.015807
4.802500 0.672937 0.025496
4.807500 0.748091 0.071203
4.812500 0.823671 0.088309
4.817500 0.697277 0.048755
4.822500 0.732488 0.044364
4.827500 0.750152 0.040150
4.832500 0.714649 0.064432
4.837500 0.641325 0.029909
4.842500 0.738352 0.040963
4.847500 0.721623 0.015889
4.852500 0.701714 0.015491
4.857500 0.783667 0.017917
4.862500 0.776484 0.024008
4.867500 0.823659 0.036248
4.872500 0.834468 0.076494
4.877500 0.776372 0.082635
4.882500 0.731486 0.038617
4.887500 0.750121 0.092431
4.892500 0.669794 0.031169
4.897500 0.636877 0.057181
4.902500 0.741997 0.039986
4.907500 0.814133 0.016596
4.912500 0.782112 0.038984
4.917500 0.739241 0.032930
4.922500 0.763967 0.081131
4.927500 0.752118 0.038428
4.932500 0.748707 0.051602
4.937500 0.699719 0.062869
4.942500 0.715325 0.035481
4.947500 0.699619 0.005038
4.952500 0.712897 0.014101
4.957500 0.867145 0.035578
4.962500 0.851369 0.030872
4.967500 0.858638 0.048913
4.972500 0.829631 0.068774
4.977500 0.819247 0.086614
4.982500 0.770930 0.036152
4.987500 0.761885 0.006457
4.992500 0.726710 0.029630
4.997500 0.837166 0.012168
5.002500 0.869394 0.080727
5.007500 0.771159 0.017322
5.012500 0.740237 0.052930
5.017500 0.759527 0.064350
5.022500 0.829462 0.080148
5.027500 0.713254 0.114986
5.032500 0.710886 0.021181
5.037500 0.772108 0.023652
5.042500 0.748009 0.064918
5.047500 0.858379 0.050931
5.052500 0.879583 0.035431
5.057500 0.707991 0.016824
5.062500 0.642985 0.049989
5.067500 0.606839 0.034898
5.072500 0.667208 0.057231
5.077500 0.703487 0.018704
5.082500 0.710570 0.024617
5.087500 0.775053 0.034595
5.092500 0.741713 0.009728
5.097500 0.563624 0.023895
