# DATE = 2025-03-12
# PIPE_VER = 1.17.1
# PMAP = jwst_1322.pmap
# STANDARD_STAR = SNAP-2
# 
# Wavelength (microns), arbitrary reflectance, uncertainty
0.702500 0.675884 0.011819
0.707500 0.680458 0.005191
0.712500 0.696681 0.005545
0.717500 0.671619 0.005776
0.722500 0.682763 0.005856
0.727500 0.697400 0.004649
0.732500 0.688927 0.006387
0.737500 0.697072 0.009602
0.742500 0.704843 0.006672
0.747500 0.716932 0.012889
0.752500 0.722590 0.004891
0.757500 0.720719 0.005767
0.762500 0.722537 0.003445
0.767500 0.727795 0.004149
0.772500 0.724611 0.004440
0.777500 0.734814 0.005985
0.782500 0.756432 0.004829
0.787500 0.757889 0.008522
0.792500 0.750118 0.004489
0.797500 0.753292 0.008161
0.802500 0.752479 0.003681
0.807500 0.762729 0.011657
0.812500 0.764311 0.005745
0.817500 0.766251 0.005874
0.822500 0.777429 0.009712
0.827500 0.774044 0.008820
0.832500 0.780555 0.004804
0.837500 0.781693 0.004851
0.842500 0.792866 0.008095
0.847500 0.794770 0.009169
0.852500 0.792830 0.005870
0.857500 0.794233 0.005484
0.862500 0.802720 0.010275
0.867500 0.800531 0.010140
0.872500 0.805620 0.010129
0.877500 0.811171 0.006269
0.882500 0.810122 0.004048
0.887500 0.821727 0.005925
0.892500 0.826730 0.006202
0.897500 0.826443 0.005208
0.902500 0.818652 0.005092
0.907500 0.831300 0.005259
0.912500 0.832775 0.007187
0.917500 0.827032 0.009192
0.922500 0.833766 0.006493
0.927500 0.837024 0.005486
0.932500 0.847991 0.005942
0.937500 0.849251 0.005801
0.942500 0.850689 0.006207
0.947500 0.850805 0.004942
0.952500 0.846308 0.004760
0.957500 0.857034 0.010483
0.962500 0.858087 0.010965
0.967500 0.867467 0.008311
0.972500 0.868882 0.010975
0.977500 0.872782 0.008108
0.982500 0.881607 0.008095
0.987500 0.887766 0.009947
0.992500 0.889398 0.004828
0.997500 0.886939 0.007898
1.002500 0.884181 0.010961
1.007500 0.889774 0.007718
1.012500 0.889308 0.006947
1.017500 0.889987 0.004947
1.022500 0.888363 0.006382
1.027500 0.886075 0.009288
1.032500 0.893065 0.005260
1.037500 0.906673 0.005916
1.042500 0.903395 0.007761
1.047500 0.899667 0.007618
1.052500 0.901027 0.007210
1.057500 0.903789 0.010632
1.062500 0.903516 0.008584
1.067500 0.905280 0.009644
1.072500 0.902573 0.007079
1.077500 0.906127 0.007912
1.082500 0.912489 0.006230
1.087500 0.914691 0.006030
1.092500 0.912929 0.006770
1.097500 0.917396 0.005686
1.102500 0.922030 0.005879
1.107500 0.927569 0.010582
1.112500 0.933720 0.008188
1.117500 0.938066 0.007172
1.122500 0.941617 0.010013
1.127500 0.947941 0.009088
1.132500 0.943343 0.009997
1.137500 0.938318 0.007924
1.142500 0.938329 0.007067
1.147500 0.941016 0.005325
1.152500 0.941299 0.005316
1.157500 0.938108 0.004894
1.162500 0.941876 0.004764
1.167500 0.942589 0.005178
1.172500 0.945681 0.004997
1.177500 0.947370 0.005911
1.182500 0.960118 0.006692
1.187500 0.958470 0.006604
1.192500 0.955203 0.005873
1.197500 0.961321 0.005874
1.202500 0.956528 0.006374
1.207500 0.962445 0.006331
1.212500 0.969663 0.005397
1.217500 0.964203 0.006284
1.222500 0.959816 0.007158
1.227500 0.955683 0.011157
1.232500 0.959019 0.005584
1.237500 0.966311 0.007466
1.242500 0.958347 0.006493
1.247500 0.968266 0.006847
1.252500 0.969086 0.009159
1.257500 0.973224 0.008688
1.262500 0.973423 0.010954
1.267500 0.971579 0.004368
1.272500 0.966795 0.004727
1.277500 0.966637 0.007556
1.282500 0.966621 0.008001
1.287500 0.961442 0.007326
1.292500 0.964608 0.008316
1.297500 0.971891 0.004101
1.302500 0.965731 0.010777
1.307500 0.972418 0.004960
1.312500 0.972353 0.004473
1.317500 0.974743 0.004912
1.322500 0.972844 0.005915
1.327500 0.971821 0.005915
1.332500 0.969872 0.006480
1.337500 0.980754 0.005941
1.342500 0.979599 0.007160
1.347500 0.983619 0.006669
1.352500 0.985303 0.005166
1.357500 0.986773 0.004725
1.362500 0.990009 0.004296
1.367500 0.989375 0.005618
1.372500 0.994786 0.004888
1.377500 0.989775 0.004303
1.382500 0.989468 0.004610
1.387500 0.990103 0.004533
1.392500 0.992973 0.005492
1.397500 0.992215 0.006935
1.402500 0.991359 0.006606
1.407500 0.991696 0.005890
1.412500 0.993747 0.004834
1.417500 0.992646 0.004481
1.422500 0.996117 0.005941
1.427500 0.990571 0.004980
1.432500 0.990184 0.005485
1.437500 0.994286 0.005170
1.442500 0.992128 0.006327
1.447500 0.988465 0.007171
1.452500 0.989547 0.007037
1.457500 0.989937 0.006034
1.462500 0.988449 0.006359
1.467500 0.986255 0.006666
1.472500 0.994046 0.005852
1.477500 1.000860 0.005498
1.482500 1.004703 0.004953
1.487500 1.005165 0.004963
1.492500 1.000418 0.005215
1.497500 0.994491 0.005393
1.502500 0.986959 0.006353
1.507500 0.984597 0.006133
1.512500 0.989049 0.003652
1.517500 0.998480 0.010228
1.522500 0.994915 0.008381
1.527500 0.999613 0.009002
1.532500 0.994462 0.006509
1.537500 0.988685 0.004769
1.542500 0.987682 0.004903
1.547500 0.991911 0.006860
1.552500 0.993565 0.005075
1.557500 0.994634 0.004453
1.562500 0.989979 0.004912
1.567500 0.997920 0.005837
1.572500 0.995896 0.005884
1.577500 0.995565 0.005058
1.582500 0.991812 0.008279
1.587500 0.988049 0.007076
1.592500 0.990520 0.004269
1.597500 0.992562 0.006194
1.602500 0.985782 0.006497
1.607500 0.983619 0.005134
1.612500 0.990486 0.007479
1.617500 0.983647 0.005966
1.622500 0.988568 0.004685
1.627500 1.001539 0.004613
1.632500 1.001443 0.004571
1.637500 0.996861 0.009809
1.642500 1.017504 0.018607
1.647500 1.006618 0.005443
1.652500 1.012421 0.007475
1.657500 1.005946 0.004314
1.662500 1.012063 0.004015
1.667500 1.013961 0.004982
1.672500 1.010699 0.006425
1.677500 1.008772 0.003842
1.682500 1.010803 0.004067
1.687500 1.020676 0.005464
1.692500 1.020480 0.006925
1.697500 1.015044 0.007020
1.702500 1.009047 0.004954
1.707500 1.017392 0.004860
1.712500 1.023140 0.004323
1.717500 1.020968 0.004027
1.722500 1.022837 0.005057
1.727500 1.028620 0.005677
1.732500 1.023533 0.008054
1.737500 1.014235 0.004723
1.742500 1.011590 0.003470
1.747500 1.014552 0.004017
1.752500 1.018168 0.004476
1.757500 1.014592 0.004397
1.762500 1.008868 0.003615
1.767500 1.021954 0.005052
1.772500 1.014775 0.005679
1.777500 1.010771 0.005328
1.782500 1.015469 0.005425
1.787500 1.018326 0.006828
1.792500 1.015360 0.005862
1.797500 1.012154 0.004015
1.802500 1.017385 0.004785
1.807500 1.023618 0.004021
1.812500 1.016693 0.004518
1.817500 1.016090 0.004884
1.822500 1.013194 0.005066
1.827500 1.012837 0.006109
1.832500 1.016581 0.006145
1.837500 1.010749 0.008182
1.842500 1.021915 0.004817
1.847500 1.030163 0.004466
1.852500 1.020795 0.006241
1.857500 1.017935 0.009714
1.862500 1.027450 0.006281
1.867500 1.029170 0.004725
1.872500 1.023226 0.003958
1.877500 1.020693 0.004945
1.882500 1.026886 0.007523
1.887500 1.033164 0.009145
1.892500 1.036958 0.005964
1.897500 1.039561 0.006287
1.902500 1.034517 0.008301
1.907500 1.028015 0.010945
1.912500 1.020915 0.005860
1.917500 1.024809 0.005014
1.922500 1.028703 0.007303
1.927500 1.020676 0.006474
1.932500 1.015776 0.007313
1.937500 1.024879 0.008691
1.942500 1.013546 0.006418
1.947500 1.010922 0.005015
1.952500 1.013126 0.004638
1.957500 1.013332 0.005837
1.962500 1.007385 0.004532
1.967500 1.003366 0.004999
1.972500 1.003398 0.006746
1.977500 1.004493 0.004371
1.982500 0.998890 0.005185
1.987500 0.999940 0.004035
1.992500 1.003766 0.005245
1.997500 0.998785 0.004050
2.002500 1.002490 0.004598
2.007500 1.004431 0.006571
2.012500 1.005653 0.007072
2.017500 1.006634 0.006485
2.022500 1.004323 0.008006
2.027500 1.012589 0.004609
2.032500 1.019530 0.007683
2.037500 1.019292 0.006341
2.042500 1.014537 0.008070
2.047500 1.019343 0.005403
2.052500 1.018894 0.006570
2.057500 1.025886 0.004301
2.062500 1.029569 0.005435
2.067500 1.027060 0.006557
2.072500 1.022186 0.007077
2.077500 1.024744 0.006758
2.082500 1.032389 0.006375
2.087500 1.024742 0.006535
2.092500 1.019089 0.005214
2.097500 1.028484 0.005707
2.102500 1.038010 0.004645
2.107500 1.032900 0.004130
2.112500 1.035923 0.006946
2.117500 1.031684 0.007748
2.122500 1.026998 0.007121
2.127500 1.033780 0.006483
2.132500 1.028341 0.003738
2.137500 1.038082 0.004459
2.142500 1.031876 0.004740
2.147500 1.029572 0.005402
2.152500 1.035349 0.007527
2.157500 1.028685 0.006066
2.162500 1.027352 0.004140
2.167500 1.029669 0.005624
2.172500 1.032554 0.004867
2.177500 1.039558 0.006241
2.182500 1.037016 0.008063
2.187500 1.038802 0.011115
2.192500 1.034030 0.013909
2.197500 1.039968 0.015191
2.202500 1.039648 0.012940
2.207500 1.046030 0.006271
2.212500 1.031704 0.004480
2.217500 1.037058 0.003368
2.222500 1.047291 0.003891
2.227500 1.045544 0.003965
2.232500 1.048367 0.005971
2.237500 1.047978 0.006150
2.242500 1.043250 0.003294
2.247500 1.037271 0.004827
2.252500 1.042360 0.006840
2.257500 1.046303 0.005823
2.262500 1.032298 0.003119
2.267500 1.030396 0.004357
2.272500 1.025661 0.005324
2.277500 1.026981 0.004439
2.282500 1.022164 0.004736
2.287500 1.030815 0.005909
2.292500 1.030519 0.005656
2.297500 1.036120 0.004964
2.302500 1.034535 0.007695
2.307500 1.033569 0.004939
2.312500 1.039014 0.006932
2.317500 1.030997 0.009965
2.322500 1.039966 0.011311
2.327500 1.024499 0.005945
2.332500 1.028050 0.007085
2.337500 1.034422 0.008874
2.342500 1.035791 0.002125
2.347500 1.023059 0.012887
2.352500 1.026822 0.013439
2.357500 1.033035 0.010482
2.362500 1.037560 0.008758
2.367500 1.032698 0.009759
2.372500 1.033269 0.010994
2.377500 1.033128 0.009733
2.382500 1.031272 0.010206
2.387500 1.041437 0.009473
2.392500 1.037419 0.004711
2.397500 1.035870 0.007543
2.402500 1.039557 0.006687
2.407500 1.025793 0.007957
2.412500 1.018540 0.005363
2.417500 1.018960 0.013335
2.422500 1.017186 0.004793
2.427500 1.024186 0.001935
2.432500 1.022916 0.007454
2.437500 1.023768 0.003339
2.442500 1.012351 0.006687
2.447500 1.015376 0.005217
2.452500 1.022628 0.004335
2.457500 1.025606 0.003970
2.462500 1.018324 0.005971
2.467500 1.027068 0.007401
2.472500 1.019834 0.003117
2.477500 1.014297 0.003453
2.482500 1.019930 0.005403
2.487500 1.016979 0.002540
2.492500 1.010433 0.002001
2.497500 1.016549 0.002187
2.502500 1.012319 0.004092
2.507500 1.019142 0.004049
2.512500 1.019417 0.003050
2.517500 1.012517 0.006213
2.522500 1.016811 0.004623
2.527500 1.023267 0.003615
2.532500 1.017169 0.003276
2.537500 1.006459 0.002090
2.542500 1.021186 0.007011
2.547500 1.026227 0.003385
2.552500 1.029362 0.007698
2.557500 1.027532 0.014840
2.562500 1.014024 0.011075
2.567500 1.004418 0.006610
2.572500 1.012038 0.002861
2.577500 1.013121 0.007265
2.582500 1.000000 0.011939
2.587500 0.996652 0.012965
2.592500 1.006075 0.005310
2.597500 0.997112 0.006276
2.602500 1.009472 0.003742
2.607500 1.003153 0.004026
2.612500 0.998373 0.003200
2.617500 1.001328 0.004225
2.622500 0.999382 0.006879
2.627500 0.980131 0.003984
2.632500 0.976293 0.009213
2.637500 0.966524 0.005614
2.642500 0.960881 0.002974
2.647500 0.955933 0.004649
2.652500 0.944435 0.005323
2.657500 0.903494 0.004932
2.662500 0.883792 0.013872
2.667500 0.837979 0.007753
2.672500 0.787987 0.006149
2.677500 0.761892 0.007656
2.682500 0.675432 0.015248
2.687500 0.622360 0.007147
2.692500 0.626333 0.005389
2.697500 0.650107 0.008000
2.702500 0.680736 0.006240
2.707500 0.717567 0.007041
2.712500 0.810895 0.017099
2.717500 0.812680 0.007507
2.722500 0.847433 0.005882
2.727500 0.867378 0.007029
2.732500 0.858253 0.009071
2.737500 0.844744 0.011599
2.742500 0.818435 0.008521
2.747500 0.778081 0.008846
2.752500 0.771970 0.010986
2.757500 0.749081 0.002896
2.762500 0.726129 0.007801
2.767500 0.691973 0.010695
2.772500 0.655633 0.010430
2.777500 0.657580 0.005231
2.782500 0.691750 0.002678
2.787500 0.721177 0.004099
2.792500 0.729495 0.004090
2.797500 0.720290 0.002511
2.802500 0.721021 0.004278
2.807500 0.719607 0.004418
2.812500 0.701942 0.006647
2.817500 0.676862 0.008925
2.822500 0.668962 0.010370
2.827500 0.646109 0.004704
2.832500 0.629559 0.004430
2.837500 0.608067 0.002256
2.842500 0.575201 0.011512
2.847500 0.554608 0.009359
2.852500 0.524239 0.013125
2.857500 0.512149 0.012453
2.862500 0.501847 0.011816
2.867500 0.486884 0.004624
2.872500 0.465185 0.001732
2.877500 0.459040 0.005164
2.882500 0.433640 0.008725
2.887500 0.427421 0.004239
2.892500 0.421222 0.003147
2.897500 0.403684 0.006646
2.902500 0.386999 0.004983
2.907500 0.372585 0.001367
2.912500 0.363619 0.004584
2.917500 0.355281 0.007500
2.922500 0.342897 0.004507
2.927500 0.325049 0.008798
2.932500 0.317964 0.007214
2.937500 0.312862 0.007226
2.942500 0.302820 0.003353
2.947500 0.303500 0.003326
2.952500 0.291678 0.004942
2.957500 0.279827 0.003618
2.962500 0.285072 0.003631
2.967500 0.284440 0.002481
2.972500 0.282945 0.001435
2.977500 0.273395 0.002064
2.982500 0.271137 0.004458
2.987500 0.268461 0.005025
2.992500 0.263061 0.002215
2.997500 0.255655 0.005860
3.002500 0.248101 0.000938
3.007500 0.250276 0.001014
3.012500 0.250837 0.002848
3.017500 0.247123 0.004527
3.022500 0.248362 0.002268
3.027500 0.249828 0.002362
3.032500 0.246911 0.003432
3.037500 0.240921 0.004157
3.042500 0.232065 0.003725
3.047500 0.234318 0.005126
3.052500 0.225816 0.003666
3.057500 0.223985 0.009762
3.062500 0.222263 0.009008
3.067500 0.229420 0.005146
3.072500 0.234132 0.002706
3.077500 0.229609 0.004914
3.082500 0.225326 0.007798
3.087500 0.223018 0.006463
3.092500 0.229987 0.004673
3.097500 0.229970 0.002312
3.102500 0.232222 0.002669
3.107500 0.230566 0.004092
3.112500 0.227364 0.004424
3.117500 0.221733 0.004282
3.122500 0.219488 0.003027
3.127500 0.225538 0.004810
3.132500 0.235208 0.005198
3.137500 0.237332 0.002485
3.142500 0.235675 0.006431
3.147500 0.237421 0.004348
3.152500 0.234438 0.004756
3.157500 0.239785 0.004212
3.162500 0.250478 0.002413
3.167500 0.256572 0.002640
3.172500 0.258799 0.004151
3.177500 0.261466 0.006108
3.182500 0.268954 0.009433
3.187500 0.274682 0.004387
3.192500 0.275758 0.002360
3.197500 0.273445 0.003850
3.202500 0.283002 0.005299
3.207500 0.299159 0.006098
3.212500 0.300188 0.004613
3.217500 0.309003 0.004050
3.222500 0.301909 0.002286
3.227500 0.324318 0.006836
3.232500 0.343861 0.005376
3.237500 0.360069 0.001417
3.242500 0.366300 0.003571
3.247500 0.378748 0.002184
3.252500 0.391891 0.005710
3.257500 0.410128 0.005244
3.262500 0.415003 0.001806
3.267500 0.435776 0.005247
3.272500 0.452060 0.004592
3.277500 0.471356 0.004250
3.282500 0.485758 0.002682
3.287500 0.516984 0.009561
3.292500 0.529935 0.010723
3.297500 0.545155 0.004248
3.302500 0.540150 0.009333
3.307500 0.547475 0.011813
3.312500 0.552988 0.007198
3.317500 0.557167 0.012384
3.322500 0.554099 0.007317
3.327500 0.578649 0.009304
3.332500 0.578242 0.006712
3.337500 0.577365 0.009066
3.342500 0.590015 0.007619
3.347500 0.603871 0.006693
3.352500 0.605856 0.002952
3.357500 0.612733 0.008929
3.362500 0.601736 0.006433
3.367500 0.576694 0.004971
3.372500 0.567803 0.008937
3.377500 0.583772 0.008511
3.382500 0.601750 0.007827
3.387500 0.596580 0.008639
3.392500 0.586142 0.008072
3.397500 0.609535 0.004223
3.402500 0.606970 0.001804
3.407500 0.611397 0.005350
3.412500 0.608958 0.010837
3.417500 0.607059 0.021062
3.422500 0.599384 0.013354
3.427500 0.595908 0.008288
3.432500 0.609845 0.009468
3.437500 0.635222 0.012178
3.442500 0.634634 0.011230
3.447500 0.629786 0.014401
3.452500 0.643445 0.014880
3.457500 0.654283 0.010597
3.462500 0.656831 0.007185
3.467500 0.643937 0.003647
3.472500 0.653983 0.007435
3.477500 0.652466 0.006814
3.482500 0.648316 0.004596
3.487500 0.638051 0.011008
3.492500 0.671378 0.016759
3.497500 0.682910 0.016335
3.502500 0.672066 0.004280
3.507500 0.691370 0.019556
3.512500 0.695816 0.013875
3.517500 0.708787 0.008179
3.522500 0.707528 0.009770
3.527500 0.700869 0.001443
3.532500 0.706603 0.006318
3.537500 0.705236 0.011512
3.542500 0.694374 0.015739
3.547500 0.698448 0.011609
3.552500 0.715668 0.010849
3.557500 0.712513 0.009077
3.562500 0.751584 0.003019
3.567500 0.751669 0.006787
3.572500 0.766372 0.007404
3.577500 0.764203 0.002527
3.582500 0.766617 0.003863
3.587500 0.775074 0.004209
3.592500 0.784095 0.007699
3.597500 0.776868 0.002834
3.602500 0.770925 0.008840
3.607500 0.777637 0.013709
3.612500 0.781923 0.010300
3.617500 0.792528 0.013719
3.622500 0.782313 0.017946
3.627500 0.786975 0.006479
3.632500 0.781322 0.007659
3.637500 0.792869 0.010943
3.642500 0.786355 0.013539
3.647500 0.798266 0.016886
3.652500 0.797728 0.005034
3.657500 0.783034 0.014059
3.662500 0.788872 0.011741
3.667500 0.789528 0.007537
3.672500 0.775833 0.004598
3.677500 0.796314 0.019536
3.682500 0.815937 0.026672
3.687500 0.817162 0.017168
3.692500 0.790537 0.006046
3.697500 0.768266 0.003911
3.702500 0.751946 0.011380
3.707500 0.746604 0.010756
3.712500 0.764977 0.012965
3.717500 0.757874 0.019229
3.722500 0.757579 0.012692
3.727500 0.786059 0.007722
3.732500 0.780184 0.005049
3.737500 0.757291 0.013292
3.742500 0.766357 0.012896
3.747500 0.757753 0.009573
3.752500 0.768092 0.003751
3.757500 0.756228 0.009101
3.762500 0.749826 0.010180
3.767500 0.741893 0.016652
3.772500 0.755042 0.014973
3.777500 0.767330 0.025375
3.782500 0.767455 0.014115
3.787500 0.746471 0.009127
3.792500 0.756390 0.012584
3.797500 0.726863 0.012192
3.802500 0.732721 0.015755
3.807500 0.723960 0.008267
3.812500 0.708778 0.005090
3.817500 0.729586 0.008898
3.822500 0.734331 0.015428
3.827500 0.713274 0.003308
3.832500 0.690553 0.015124
3.837500 0.709135 0.011659
3.842500 0.731577 0.003922
3.847500 0.709018 0.002210
3.852500 0.704432 0.008958
3.857500 0.714220 0.010857
3.862500 0.739609 0.008122
3.867500 0.721745 0.012582
3.872500 0.708645 0.015163
3.877500 0.703072 0.005577
3.882500 0.701380 0.013016
3.887500 0.676488 0.032758
3.892500 0.677510 0.035376
3.897500 0.676150 0.015887
3.902500 0.662226 0.008376
3.907500 0.671148 0.008590
3.912500 0.662069 0.011845
3.917500 0.682398 0.011882
3.922500 0.689046 0.011094
3.927500 0.690439 0.005579
3.932500 0.649842 0.023492
3.937500 0.648545 0.014658
3.942500 0.640865 0.010409
3.947500 0.629581 0.010617
3.952500 0.627020 0.012138
3.957500 0.633874 0.012348
3.962500 0.643959 0.017352
3.967500 0.650128 0.006760
3.972500 0.638241 0.028722
3.977500 0.612456 0.014645
3.982500 0.577720 0.013027
3.987500 0.566506 0.018736
3.992500 0.571860 0.007560
3.997500 0.599470 0.006114
4.002500 0.583098 0.017320
4.007500 0.566735 0.010419
4.012500 0.565278 0.002514
4.017500 0.548367 0.012154
4.022500 0.505136 0.004548
4.027500 0.497225 0.005547
4.032500 0.480787 0.018349
4.037500 0.450175 0.008187
4.042500 0.432384 0.014410
4.047500 0.403004 0.014185
4.052500 0.381569 0.002608
4.057500 0.367665 0.008000
4.062500 0.347600 0.003038
4.067500 0.361943 0.007899
4.072500 0.343704 0.013043
4.077500 0.322783 0.007564
4.082500 0.317741 0.006031
4.087500 0.336458 0.012638
4.092500 0.357931 0.007755
4.097500 0.375130 0.018458
4.102500 0.394836 0.009470
4.107500 0.393155 0.018288
4.112500 0.381145 0.008640
4.117500 0.371882 0.007818
4.122500 0.377986 0.006970
4.127500 0.402153 0.007900
4.132500 0.434848 0.001724
4.137500 0.457222 0.016831
4.142500 0.452875 0.008554
4.147500 0.459895 0.009041
4.152500 0.489925 0.007828
4.157500 0.501075 0.007003
4.162500 0.530438 0.009806
4.167500 0.598349 0.016937
4.172500 0.656628 0.020041
4.177500 0.728605 0.013575
4.182500 0.889937 0.029241
4.187500 1.058336 0.025232
4.192500 1.270825 0.010531
4.197500 1.369181 0.024457
4.202500 1.322342 0.007368
4.207500 1.230793 0.019483
4.212500 1.024079 0.011161
4.217500 0.882157 0.011096
4.222500 0.729421 0.004339
4.227500 0.603469 0.021705
4.232500 0.556240 0.026208
4.237500 0.570262 0.018358
4.242500 0.563122 0.006461
4.247500 0.598873 0.015378
4.252500 0.606466 0.017567
4.257500 0.592574 0.022554
4.262500 0.606533 0.012981
4.267500 0.540450 0.028742
4.272500 0.486754 0.007051
4.277500 0.444953 0.021296
4.282500 0.456370 0.009471
4.287500 0.507258 0.020586
4.292500 0.585696 0.030934
4.297500 0.762566 0.022269
4.302500 0.903474 0.022376
4.307500 1.035815 0.009608
4.312500 1.118646 0.022231
4.317500 1.183063 0.025460
4.322500 1.254450 0.010681
4.327500 1.221449 0.012436
4.332500 1.202077 0.003867
4.337500 1.195331 0.021737
4.342500 1.199191 0.018609
4.347500 1.204673 0.011982
4.352500 1.212367 0.003567
4.357500 1.195572 0.014866
4.362500 1.156719 0.011441
4.367500 1.041202 0.010266
4.372500 0.898050 0.013608
4.377500 0.718313 0.019188
4.382500 0.581820 0.019072
4.387500 0.660434 0.008915
4.392500 0.787980 0.008483
4.397500 0.921015 0.014685
4.402500 0.980892 0.018694
4.407500 1.029647 0.002369
4.412500 0.994839 0.019699
4.417500 0.930430 0.017956
4.422500 0.987006 0.011751
4.427500 0.998121 0.008784
4.432500 1.070011 0.017073
4.437500 1.047190 0.031551
4.442500 1.026330 0.010412
4.447500 1.020980 0.009675
4.452500 1.019802 0.018512
4.457500 0.998521 0.026873
4.462500 0.976434 0.027258
4.467500 1.056583 0.026319
4.472500 1.040670 0.014113
4.477500 1.026032 0.017651
4.482500 1.054647 0.017189
4.487500 1.027415 0.011681
4.492500 1.028912 0.005998
4.497500 0.998172 0.021513
4.502500 1.036830 0.030156
4.507500 1.083464 0.014252
4.512500 1.042208 0.020681
4.517500 1.051228 0.027415
4.522500 1.072921 0.027005
4.527500 1.025058 0.024587
4.532500 1.014060 0.009503
4.537500 0.999125 0.023511
4.542500 1.016390 0.022750
4.547500 0.985524 0.032007
4.552500 1.029466 0.020877
4.557500 1.073936 0.008706
4.562500 1.061445 0.014711
4.567500 1.020945 0.016405
4.572500 0.976784 0.006398
4.577500 0.981192 0.017974
4.582500 1.034939 0.022102
4.587500 1.041979 0.018522
4.592500 1.040896 0.057498
4.597500 1.021907 0.048715
4.602500 0.982623 0.029683
4.607500 0.981548 0.025867
4.612500 0.908034 0.011395
4.617500 0.940758 0.033267
4.622500 0.975145 0.009266
4.627500 0.981285 0.005868
4.632500 0.995955 0.005205
4.637500 1.029470 0.038465
4.642500 0.922102 0.027982
4.647500 0.988549 0.030371
4.652500 1.014088 0.009115
4.657500 0.935273 0.028117
4.662500 0.840705 0.046349
4.667500 0.704002 0.027762
4.672500 0.662457 0.020433
4.677500 0.622624 0.038223
4.682500 0.658457 0.047422
4.687500 0.688261 0.034338
4.692500 0.727818 0.019085
4.697500 0.844453 0.018502
4.702500 0.937922 0.011838
4.707500 1.006819 0.006289
4.712500 1.036303 0.011362
4.717500 1.009189 0.029714
4.722500 0.977893 0.008428
4.727500 0.998999 0.037834
4.732500 0.982201 0.027233
4.737500 1.034616 0.009775
4.742500 1.025904 0.013541
4.747500 1.005937 0.040499
4.752500 0.945616 0.048109
4.757500 0.955959 0.012850
4.762500 1.038363 0.051564
4.767500 1.049197 0.020230
4.772500 1.015066 0.005478
4.777500 1.033199 0.022038
4.782500 1.083863 0.015171
4.787500 1.079315 0.005611
4.792500 1.058755 0.013516
4.797500 1.051427 0.019865
4.802500 1.024836 0.011615
4.807500 1.008401 0.039490
4.812500 1.021990 0.069792
4.817500 1.030384 0.028644
4.822500 1.010519 0.029944
4.827500 1.041019 0.022919
4.832500 0.966208 0.044862
4.837500 1.036888 0.022095
4.842500 1.071676 0.021997
4.847500 1.027695 0.029749
4.852500 0.945113 0.047827
4.857500 0.949831 0.012779
4.862500 1.007144 0.012287
4.867500 1.092778 0.030822
4.872500 1.048929 0.018812
4.877500 1.005903 0.006468
4.882500 1.043770 0.026819
4.887500 0.969074 0.014699
4.892500 0.907844 0.004602
4.897500 0.908787 0.025283
4.902500 0.842343 0.050161
4.907500 0.986522 0.020217
4.912500 1.001106 0.036191
4.917500 0.991043 0.046133
4.922500 1.025009 0.026242
4.927500 0.980374 0.026487
4.932500 1.007456 0.031955
4.937500 1.032347 0.025011
4.942500 1.020960 0.037006
4.947500 1.013051 0.014239
4.952500 1.076059 0.012122
4.957500 1.055807 0.046238
4.962500 1.078660 0.011824
4.967500 1.061839 0.007777
4.972500 1.069429 0.007064
4.977500 1.018075 0.004611
4.982500 0.962800 0.023970
4.987500 1.014720 0.043767
4.992500 1.039745 0.007760
4.997500 0.999928 0.042060
5.002500 1.040817 0.050112
5.007500 0.991578 0.062929
5.012500 1.033295 0.032114
5.017500 0.986219 0.074271
5.022500 1.017135 0.022195
5.027500 1.030175 0.018871
5.032500 1.069126 0.004182
5.037500 1.038239 0.024614
5.042500 1.028556 0.022246
5.047500 1.059148 0.015313
5.052500 1.044358 0.042028
5.057500 1.016063 0.040123
5.062500 1.025733 0.049771
5.067500 1.036095 0.003016
5.072500 0.970587 0.084964
5.077500 0.943458 0.072288
5.082500 0.942533 0.044811
5.087500 0.952892 0.081742
5.092500 0.990320 0.052421
5.097500 1.019595 0.055685
