# DATE = 2025-03-12
# PIPE_VER = 1.17.1
# PMAP = jwst_1322.pmap
# STANDARD_STAR = SNAP-2
# 
# Wavelength (microns), arbitrary reflectance, uncertainty
0.702500 0.787186 0.006718
0.707500 0.794151 0.010847
0.712500 0.783292 0.014670
0.717500 0.778413 0.006334
0.722500 0.820667 0.009798
0.727500 0.824427 0.010401
0.732500 0.822600 0.006538
0.737500 0.819383 0.004964
0.742500 0.811484 0.010139
0.747500 0.811274 0.006108
0.752500 0.832252 0.013966
0.757500 0.843740 0.013044
0.762500 0.849612 0.007255
0.767500 0.872866 0.007775
0.772500 0.882068 0.013905
0.777500 0.888212 0.015341
0.782500 0.884914 0.025294
0.787500 0.856571 0.019532
0.792500 0.832242 0.013361
0.797500 0.869309 0.018392
0.802500 0.888473 0.010780
0.807500 0.891662 0.014456
0.812500 0.904977 0.019727
0.817500 0.920165 0.010841
0.822500 0.909812 0.010371
0.827500 0.893651 0.005482
0.832500 0.911814 0.008556
0.837500 0.924251 0.007665
0.842500 0.933605 0.011244
0.847500 0.935667 0.009259
0.852500 0.936548 0.006603
0.857500 0.928285 0.006027
0.862500 0.932464 0.010467
0.867500 0.926095 0.009235
0.872500 0.942812 0.008776
0.877500 0.949063 0.012002
0.882500 0.954930 0.012484
0.887500 0.948971 0.006888
0.892500 0.946884 0.005379
0.897500 0.954205 0.008471
0.902500 0.955578 0.007908
0.907500 0.969173 0.014309
0.912500 0.974234 0.011265
0.917500 0.972400 0.010002
0.922500 0.967889 0.010194
0.927500 0.962099 0.005711
0.932500 0.982169 0.005994
0.937500 0.966838 0.005971
0.942500 0.980069 0.006024
0.947500 0.976421 0.008335
0.952500 0.987842 0.007828
0.957500 0.975682 0.005856
0.962500 0.979492 0.005741
0.967500 0.995852 0.006494
0.972500 0.998542 0.008016
0.977500 0.997116 0.008282
0.982500 1.011319 0.004946
0.987500 1.008900 0.012454
0.992500 1.006671 0.008526
0.997500 0.999882 0.010470
1.002500 1.006056 0.009618
1.007500 1.019581 0.005460
1.012500 1.019159 0.004695
1.017500 1.016489 0.007165
1.022500 1.015913 0.007252
1.027500 1.015115 0.011889
1.032500 1.014232 0.010452
1.037500 1.025519 0.007073
1.042500 1.019246 0.004384
1.047500 1.021406 0.005752
1.052500 1.012057 0.005379
1.057500 1.017761 0.003496
1.062500 1.020425 0.004560
1.067500 1.018431 0.007738
1.072500 1.012883 0.012036
1.077500 1.014597 0.008204
1.082500 1.014331 0.008539
1.087500 1.026832 0.010549
1.092500 1.034132 0.013036
1.097500 1.031440 0.006439
1.102500 1.034441 0.009499
1.107500 1.034095 0.010550
1.112500 1.037701 0.007980
1.117500 1.048342 0.012470
1.122500 1.067308 0.012382
1.127500 1.070136 0.018790
1.132500 1.056693 0.015492
1.137500 1.053402 0.013694
1.142500 1.056267 0.009830
1.147500 1.059479 0.006691
1.152500 1.055812 0.011041
1.157500 1.054383 0.008830
1.162500 1.049014 0.016722
1.167500 1.045336 0.010913
1.172500 1.057149 0.008487
1.177500 1.058877 0.006997
1.182500 1.072068 0.008860
1.187500 1.077686 0.010370
1.192500 1.080326 0.018274
1.197500 1.078549 0.015440
1.202500 1.067431 0.012801
1.207500 1.062476 0.008424
1.212500 1.064422 0.007916
1.217500 1.071805 0.010427
1.222500 1.072688 0.010437
1.227500 1.055610 0.007481
1.232500 1.056216 0.011333
1.237500 1.062809 0.006575
1.242500 1.060497 0.005614
1.247500 1.065010 0.006580
1.252500 1.065414 0.012999
1.257500 1.065568 0.013191
1.262500 1.069068 0.009626
1.267500 1.068451 0.009794
1.272500 1.067907 0.005773
1.277500 1.079910 0.007094
1.282500 1.081563 0.018581
1.287500 1.084038 0.010463
1.292500 1.067395 0.016997
1.297500 1.061622 0.011864
1.302500 1.068938 0.018107
1.307500 1.066858 0.014722
1.312500 1.073570 0.015584
1.317500 1.075378 0.019248
1.322500 1.077821 0.016923
1.327500 1.079883 0.012305
1.332500 1.073806 0.014840
1.337500 1.080872 0.006774
1.342500 1.080572 0.008397
1.347500 1.075176 0.015427
1.352500 1.077769 0.017801
1.357500 1.087036 0.022502
1.362500 1.087275 0.019408
1.367500 1.087791 0.019027
1.372500 1.107181 0.024602
1.377500 1.105153 0.018582
1.382500 1.103940 0.007524
1.387500 1.095854 0.013031
1.392500 1.066351 0.008455
1.397500 1.067333 0.011929
1.402500 1.064314 0.006915
1.407500 1.060339 0.006785
1.412500 1.071206 0.012617
1.417500 1.078567 0.014887
1.422500 1.078665 0.012023
1.427500 1.075489 0.009550
1.432500 1.090304 0.014256
1.437500 1.090442 0.012637
1.442500 1.091210 0.018738
1.447500 1.091127 0.016610
1.452500 1.069893 0.015001
1.457500 1.072750 0.015593
1.462500 1.066674 0.015634
1.467500 1.059268 0.019409
1.472500 1.065246 0.019436
1.477500 1.072087 0.012406
1.482500 1.074605 0.005985
1.487500 1.065616 0.013918
1.492500 1.056323 0.014252
1.497500 1.060547 0.013626
1.502500 1.064628 0.011086
1.507500 1.078713 0.018784
1.512500 1.082484 0.016422
1.517500 1.082723 0.017868
1.522500 1.067496 0.025926
1.527500 1.044879 0.006055
1.532500 1.052700 0.009344
1.537500 1.057312 0.013472
1.542500 1.057332 0.009532
1.547500 1.066137 0.010139
1.552500 1.068498 0.009349
1.557500 1.071830 0.009401
1.562500 1.072491 0.009919
1.567500 1.062026 0.011723
1.572500 1.062460 0.010769
1.577500 1.069283 0.006867
1.582500 1.071952 0.006524
1.587500 1.062301 0.012032
1.592500 1.061190 0.009675
1.597500 1.064309 0.008916
1.602500 1.060661 0.009070
1.607500 1.074433 0.011722
1.612500 1.076294 0.014033
1.617500 1.074822 0.016120
1.622500 1.078791 0.021770
1.627500 1.070351 0.021029
1.632500 1.063095 0.011239
1.637500 1.067173 0.011242
1.642500 1.068240 0.010179
1.647500 1.078928 0.020266
1.652500 1.079023 0.020418
1.657500 1.080208 0.023292
1.662500 1.077681 0.025494
1.667500 1.072587 0.007618
1.672500 1.085438 0.012694
1.677500 1.085509 0.012520
1.682500 1.086638 0.013926
1.687500 1.065725 0.008060
1.692500 1.068034 0.010838
1.697500 1.065827 0.009162
1.702500 1.072435 0.015487
1.707500 1.076621 0.022658
1.712500 1.081936 0.022982
1.717500 1.086003 0.011976
1.722500 1.092789 0.009927
1.727500 1.095038 0.009061
1.732500 1.092032 0.005012
1.737500 1.095361 0.007032
1.742500 1.096057 0.012932
1.747500 1.110714 0.010258
1.752500 1.099839 0.007780
1.757500 1.094108 0.007363
1.762500 1.097763 0.005028
1.767500 1.077320 0.008219
1.772500 1.071975 0.010184
1.777500 1.076324 0.011151
1.782500 1.085632 0.017585
1.787500 1.084689 0.012443
1.792500 1.099749 0.011520
1.797500 1.101065 0.011919
1.802500 1.103917 0.010746
1.807500 1.089155 0.012433
1.812500 1.089152 0.013041
1.817500 1.091096 0.010725
1.822500 1.091818 0.013214
1.827500 1.093280 0.013796
1.832500 1.094292 0.014573
1.837500 1.095362 0.016874
1.842500 1.074363 0.022544
1.847500 1.078437 0.021703
1.852500 1.083658 0.015138
1.857500 1.079790 0.019050
1.862500 1.090907 0.024435
1.867500 1.091038 0.013672
1.872500 1.098909 0.011605
1.877500 1.104772 0.009753
1.882500 1.096143 0.015128
1.887500 1.098708 0.015901
1.892500 1.110933 0.016271
1.897500 1.093030 0.008878
1.902500 1.105194 0.012629
1.907500 1.085882 0.007865
1.912500 1.083963 0.010052
1.917500 1.080405 0.016503
1.922500 1.069615 0.011072
1.927500 1.070357 0.007099
1.932500 1.063630 0.016117
1.937500 1.065366 0.024447
1.942500 1.043102 0.010962
1.947500 1.048039 0.014465
1.952500 1.058002 0.016763
1.957500 1.041374 0.013333
1.962500 1.047002 0.007746
1.967500 1.043662 0.008697
1.972500 1.055559 0.013504
1.977500 1.063568 0.017890
1.982500 1.052965 0.010764
1.987500 1.059582 0.013353
1.992500 1.043410 0.009021
1.997500 1.042133 0.009395
2.002500 1.040176 0.010021
2.007500 1.029647 0.007995
2.012500 1.038004 0.014331
2.017500 1.027832 0.009843
2.022500 1.024350 0.014623
2.027500 1.031306 0.016220
2.032500 1.032959 0.017507
2.037500 1.057157 0.010730
2.042500 1.063863 0.009013
2.047500 1.063281 0.018168
2.052500 1.056189 0.013595
2.057500 1.053595 0.015636
2.062500 1.062686 0.010130
2.067500 1.064817 0.013610
2.072500 1.079740 0.013818
2.077500 1.085114 0.023472
2.082500 1.073969 0.022843
2.087500 1.051595 0.007830
2.092500 1.047861 0.011619
2.097500 1.066262 0.014084
2.102500 1.079635 0.008422
2.107500 1.075878 0.003810
2.112500 1.077033 0.005976
2.117500 1.072006 0.010126
2.122500 1.049915 0.009448
2.127500 1.052772 0.012771
2.132500 1.065640 0.010295
2.137500 1.063269 0.006324
2.142500 1.069095 0.008183
2.147500 1.069024 0.011679
2.152500 1.067094 0.015894
2.157500 1.054591 0.003428
2.162500 1.055914 0.007530
2.167500 1.065078 0.004590
2.172500 1.068265 0.010515
2.177500 1.077121 0.007517
2.182500 1.075604 0.013033
2.187500 1.071375 0.007034
2.192500 1.082997 0.014171
2.197500 1.071417 0.013565
2.202500 1.070228 0.016690
2.207500 1.084404 0.011100
2.212500 1.085405 0.005262
2.217500 1.086647 0.007668
2.222500 1.078915 0.009577
2.227500 1.070786 0.004114
2.232500 1.073997 0.007196
2.237500 1.071740 0.011859
2.242500 1.071338 0.005464
2.247500 1.066356 0.007314
2.252500 1.069082 0.009417
2.257500 1.054818 0.015619
2.262500 1.049269 0.010674
2.267500 1.052564 0.011345
2.272500 1.065981 0.004234
2.277500 1.066554 0.004787
2.282500 1.054070 0.003279
2.287500 1.062616 0.010306
2.292500 1.060658 0.011022
2.297500 1.052838 0.006621
2.302500 1.055267 0.018513
2.307500 1.042083 0.004516
2.312500 1.036064 0.013300
2.317500 1.042416 0.012226
2.322500 1.056567 0.011316
2.327500 1.051622 0.011462
2.332500 1.052316 0.014729
2.337500 1.058480 0.015447
2.342500 1.056842 0.008882
2.347500 1.064674 0.003742
2.352500 1.062907 0.013568
2.357500 1.037692 0.012657
2.362500 1.029689 0.013392
2.367500 1.034374 0.014012
2.372500 1.028493 0.020549
2.377500 1.048160 0.019485
2.382500 1.059233 0.021620
2.387500 1.054065 0.025553
2.392500 1.034529 0.018434
2.397500 1.036260 0.019938
2.402500 1.036790 0.014046
2.407500 1.035110 0.011888
2.412500 1.051523 0.007596
2.417500 1.043469 0.019474
2.422500 1.036883 0.009251
2.427500 1.024129 0.005802
2.432500 1.029080 0.008025
2.437500 1.025652 0.006052
2.442500 1.018034 0.009507
2.447500 1.021322 0.016285
2.452500 1.029372 0.012827
2.457500 1.045174 0.020983
2.462500 1.019534 0.024998
2.467500 1.031375 0.005808
2.472500 1.013629 0.006852
2.477500 1.029702 0.005753
2.482500 1.045010 0.008478
2.487500 1.017184 0.007777
2.492500 1.020966 0.028114
2.497500 1.007169 0.008111
2.502500 1.025788 0.011383
2.507500 1.034298 0.012431
2.512500 1.025249 0.010381
2.517500 1.031312 0.015837
2.522500 1.032905 0.015297
2.527500 1.029626 0.010897
2.532500 0.999647 0.004020
2.537500 1.013414 0.016671
2.542500 1.009195 0.009865
2.547500 1.021731 0.006429
2.552500 1.022616 0.006550
2.557500 1.025547 0.007120
2.562500 1.006536 0.001872
2.567500 0.988046 0.009177
2.572500 0.991359 0.005108
2.577500 1.001111 0.001843
2.582500 1.005770 0.004339
2.587500 1.001640 0.003954
2.592500 1.000000 0.004902
2.597500 0.995488 0.004371
2.602500 1.001647 0.005276
2.607500 1.003035 0.009609
2.612500 0.995243 0.007891
2.617500 0.990507 0.006614
2.622500 0.983659 0.007032
2.627500 0.984539 0.007592
2.632500 0.976623 0.006456
2.637500 0.964294 0.002658
2.642500 0.969548 0.004283
2.647500 0.936316 0.014072
2.652500 0.954318 0.009345
2.657500 0.952590 0.024100
2.662500 0.892724 0.013662
2.667500 0.884526 0.005370
2.672500 0.865466 0.001736
2.677500 0.838092 0.015357
2.682500 0.790977 0.014256
2.687500 0.772293 0.022873
2.692500 0.760425 0.023211
2.697500 0.740778 0.022991
2.702500 0.741227 0.021944
2.707500 0.781621 0.019394
2.712500 0.789449 0.018833
2.717500 0.788128 0.014470
2.722500 0.828593 0.006108
2.727500 0.827897 0.006959
2.732500 0.837246 0.003215
2.737500 0.799905 0.017231
2.742500 0.761833 0.009246
2.747500 0.748977 0.011843
2.752500 0.717305 0.010155
2.757500 0.690569 0.014657
2.762500 0.669494 0.005750
2.767500 0.645417 0.002783
2.772500 0.634127 0.007578
2.777500 0.602001 0.009269
2.782500 0.572590 0.002722
2.787500 0.570873 0.005915
2.792500 0.542671 0.003608
2.797500 0.547060 0.006837
2.802500 0.547841 0.006117
2.807500 0.518589 0.013037
2.812500 0.502919 0.011589
2.817500 0.478178 0.011837
2.822500 0.465935 0.013069
2.827500 0.430115 0.013219
2.832500 0.410601 0.009532
2.837500 0.374983 0.009167
2.842500 0.360700 0.004074
2.847500 0.342530 0.003632
2.852500 0.323376 0.002577
2.857500 0.322815 0.002445
2.862500 0.299817 0.006807
2.867500 0.286401 0.007890
2.872500 0.275599 0.009694
2.877500 0.248979 0.005894
2.882500 0.232346 0.009451
2.887500 0.223739 0.015807
2.892500 0.221057 0.003552
2.897500 0.204402 0.006273
2.902500 0.200298 0.005225
2.907500 0.202553 0.001323
2.912500 0.197214 0.003494
2.917500 0.189760 0.003189
2.922500 0.179358 0.001704
2.927500 0.177031 0.003995
2.932500 0.165818 0.007517
2.937500 0.164263 0.005007
2.942500 0.162291 0.014085
2.947500 0.160028 0.004034
2.952500 0.151402 0.005307
2.957500 0.147836 0.006867
2.962500 0.154888 0.011320
2.967500 0.160958 0.011835
2.972500 0.156241 0.002667
2.977500 0.141340 0.001089
2.982500 0.145675 0.004744
2.987500 0.148548 0.001544
2.992500 0.145844 0.005355
2.997500 0.146818 0.010275
3.002500 0.139433 0.009286
3.007500 0.119826 0.013792
3.012500 0.130865 0.002364
3.017500 0.145354 0.005493
3.022500 0.150087 0.001989
3.027500 0.142558 0.008741
3.032500 0.147375 0.011344
3.037500 0.131347 0.001963
3.042500 0.150941 0.005298
3.047500 0.144017 0.002132
3.052500 0.150235 0.009803
3.057500 0.154063 0.015305
3.062500 0.146052 0.000887
3.067500 0.147652 0.002738
3.072500 0.143878 0.009572
3.077500 0.140314 0.004794
3.082500 0.148592 0.003474
3.087500 0.147805 0.007335
3.092500 0.162441 0.005092
3.097500 0.152223 0.010383
3.102500 0.144203 0.000878
3.107500 0.151583 0.003446
3.112500 0.145222 0.003319
3.117500 0.155140 0.005242
3.122500 0.156976 0.005374
3.127500 0.170950 0.012582
3.132500 0.173224 0.005257
3.137500 0.165328 0.009374
3.142500 0.160077 0.003473
3.147500 0.176177 0.003118
3.152500 0.168420 0.001294
3.157500 0.169731 0.003858
3.162500 0.171881 0.003115
3.167500 0.179047 0.003172
3.172500 0.186683 0.008459
3.177500 0.184338 0.005521
3.182500 0.197116 0.019654
3.187500 0.194770 0.019042
3.192500 0.208813 0.011226
3.197500 0.212199 0.012205
3.202500 0.218491 0.006443
3.207500 0.216045 0.008867
3.212500 0.216460 0.009173
3.217500 0.230661 0.005707
3.222500 0.247062 0.005721
3.227500 0.245874 0.008636
3.232500 0.242884 0.006684
3.237500 0.250509 0.005230
3.242500 0.280324 0.014720
3.247500 0.294133 0.011149
3.252500 0.301747 0.007739
3.257500 0.319325 0.001583
3.262500 0.324208 0.007111
3.267500 0.342711 0.004035
3.272500 0.345423 0.010167
3.277500 0.371765 0.014378
3.282500 0.399574 0.013514
3.287500 0.410303 0.015293
3.292500 0.408521 0.029431
3.297500 0.394165 0.024274
3.302500 0.422592 0.023554
3.307500 0.426678 0.012113
3.312500 0.440391 0.017468
3.317500 0.452218 0.016714
3.322500 0.444592 0.015910
3.327500 0.453581 0.003402
3.332500 0.452895 0.009335
3.337500 0.483937 0.006647
3.342500 0.489925 0.006066
3.347500 0.502343 0.004468
3.352500 0.489254 0.013538
3.357500 0.468447 0.009849
3.362500 0.468888 0.006425
3.367500 0.468248 0.006569
3.372500 0.480699 0.020946
3.377500 0.496514 0.038859
3.382500 0.493425 0.029663
3.387500 0.480084 0.005675
3.392500 0.492524 0.013171
3.397500 0.485995 0.020786
3.402500 0.507459 0.028730
3.407500 0.504137 0.012355
3.412500 0.505262 0.012540
3.417500 0.498780 0.007669
3.422500 0.504716 0.019992
3.427500 0.498332 0.010847
3.432500 0.535347 0.006307
3.437500 0.536939 0.006320
3.442500 0.551483 0.003307
3.447500 0.545830 0.001402
3.452500 0.553315 0.007859
3.457500 0.563426 0.038306
3.462500 0.532210 0.020512
3.467500 0.515603 0.009719
3.472500 0.533855 0.013918
3.477500 0.538998 0.022641
3.482500 0.546582 0.025785
3.487500 0.542119 0.021685
3.492500 0.556742 0.033230
3.497500 0.599526 0.007992
3.502500 0.597131 0.022803
3.507500 0.599936 0.020946
3.512500 0.639174 0.012292
3.517500 0.647477 0.020805
3.522500 0.638837 0.009582
3.527500 0.602616 0.007598
3.532500 0.607355 0.010285
3.537500 0.599530 0.013574
3.542500 0.605523 0.007135
3.547500 0.602489 0.014512
3.552500 0.590010 0.004794
3.557500 0.637858 0.021441
3.562500 0.672237 0.027034
3.567500 0.675534 0.018306
3.572500 0.677961 0.012922
3.577500 0.690287 0.006406
3.582500 0.694613 0.002577
3.587500 0.702807 0.024306
3.592500 0.732135 0.007633
3.597500 0.725783 0.008332
3.602500 0.725993 0.024616
3.607500 0.722097 0.024067
3.612500 0.688043 0.015872
3.617500 0.710857 0.019576
3.622500 0.710623 0.008080
3.627500 0.697979 0.011574
3.632500 0.709033 0.006548
3.637500 0.708887 0.010961
3.642500 0.727025 0.013605
3.647500 0.711829 0.004235
3.652500 0.722767 0.005212
3.657500 0.746197 0.019726
3.662500 0.749351 0.011536
3.667500 0.752765 0.013646
3.672500 0.757977 0.006456
3.677500 0.779403 0.018630
3.682500 0.774369 0.014602
3.687500 0.767359 0.021569
3.692500 0.749533 0.006309
3.697500 0.743033 0.005038
3.702500 0.700504 0.012569
3.707500 0.726019 0.015877
3.712500 0.727198 0.005361
3.717500 0.752520 0.009990
3.722500 0.746037 0.009864
3.727500 0.738887 0.027370
3.732500 0.724518 0.036577
3.737500 0.729559 0.016641
3.742500 0.708866 0.022423
3.747500 0.726405 0.002883
3.752500 0.704489 0.020193
3.757500 0.729306 0.020486
3.762500 0.703508 0.003747
3.767500 0.712489 0.002842
3.772500 0.687130 0.008879
3.777500 0.692759 0.027898
3.782500 0.712326 0.003683
3.787500 0.725229 0.005636
3.792500 0.704054 0.037271
3.797500 0.696750 0.038872
3.802500 0.741839 0.032430
3.807500 0.704116 0.008152
3.812500 0.696455 0.018995
3.817500 0.708636 0.022144
3.822500 0.721363 0.027010
3.827500 0.712054 0.007619
3.832500 0.732159 0.012940
3.837500 0.705895 0.005405
3.842500 0.675521 0.014406
3.847500 0.669977 0.019948
3.852500 0.658318 0.026626
3.857500 0.671764 0.007377
3.862500 0.664936 0.013600
3.867500 0.663293 0.012258
3.872500 0.652284 0.012905
3.877500 0.614046 0.011176
3.882500 0.616833 0.005613
3.887500 0.668364 0.032293
3.892500 0.668280 0.018641
3.897500 0.643466 0.020149
3.902500 0.632143 0.014251
3.907500 0.629884 0.014987
3.912500 0.624073 0.009217
3.917500 0.616035 0.007688
3.922500 0.620176 0.016583
3.927500 0.620924 0.001555
3.932500 0.601977 0.007844
3.937500 0.599862 0.010932
3.942500 0.617146 0.015789
3.947500 0.622820 0.025912
3.952500 0.624066 0.014512
3.957500 0.580028 0.005321
3.962500 0.616768 0.007439
3.967500 0.579681 0.004174
3.972500 0.587656 0.012297
3.977500 0.592492 0.011858
3.982500 0.639764 0.010993
3.987500 0.635140 0.022561
3.992500 0.600431 0.011564
3.997500 0.556669 0.013081
4.002500 0.556038 0.007334
4.007500 0.574746 0.012973
4.012500 0.591838 0.005102
4.017500 0.582976 0.015201
4.022500 0.529255 0.009410
4.027500 0.541461 0.036668
4.032500 0.532068 0.017816
4.037500 0.547028 0.020742
4.042500 0.549926 0.027996
4.047500 0.531269 0.013679
4.052500 0.476349 0.009855
4.057500 0.501969 0.025661
4.062500 0.481376 0.019028
4.067500 0.479035 0.025337
4.072500 0.458178 0.015810
4.077500 0.509609 0.005409
4.082500 0.502829 0.016313
4.087500 0.498192 0.011687
4.092500 0.522193 0.011133
4.097500 0.528981 0.018053
4.102500 0.510267 0.014310
4.107500 0.531365 0.008936
4.112500 0.486544 0.039619
4.117500 0.491415 0.022583
4.122500 0.471055 0.024935
4.127500 0.434682 0.001820
4.132500 0.477461 0.002307
4.137500 0.517978 0.018774
4.142500 0.530619 0.032845
4.147500 0.510975 0.010739
4.152500 0.546353 0.037630
4.157500 0.484203 0.036188
4.162500 0.493383 0.011882
4.167500 0.504019 0.017308
4.172500 0.567699 0.052455
4.177500 0.644439 0.037702
4.182500 0.690657 0.022922
4.187500 0.742528 0.033142
4.192500 0.824461 0.074877
4.197500 0.782461 0.025462
4.202500 0.862782 0.006191
4.207500 0.787229 0.015424
4.212500 0.616059 0.042900
4.217500 0.537728 0.040200
4.222500 0.494748 0.049779
4.227500 0.453506 0.051460
4.232500 0.401515 0.065469
4.237500 0.312723 0.053344
4.242500 0.356407 0.025197
4.247500 0.403863 0.002362
4.252500 0.430638 0.004474
4.257500 0.383545 0.009920
4.262500 0.334817 0.016876
4.267500 0.326540 0.002619
4.272500 0.345108 0.014958
4.277500 0.350133 0.022719
4.282500 0.360602 0.020015
4.287500 0.399444 0.002627
4.292500 0.513716 0.029374
4.297500 0.659920 0.008038
4.302500 0.823656 0.020156
4.307500 0.929176 0.003266
4.312500 0.997443 0.003739
4.317500 1.021299 0.036968
4.322500 1.073686 0.015589
4.327500 1.047195 0.079015
4.332500 1.089985 0.093415
4.337500 1.040499 0.051959
4.342500 1.033747 0.018383
4.347500 1.021609 0.055245
4.352500 0.977968 0.034946
4.357500 1.015762 0.039284
4.362500 0.905075 0.026254
4.367500 0.864595 0.014729
4.372500 0.752346 0.012344
4.377500 0.653300 0.007743
4.382500 0.606914 0.031689
4.387500 0.609127 0.016679
4.392500 0.728399 0.012248
4.397500 0.773047 0.038130
4.402500 0.777725 0.016738
4.407500 0.821493 0.047066
4.412500 0.808015 0.055405
4.417500 0.824500 0.031462
4.422500 0.905692 0.022728
4.427500 0.900195 0.019138
4.432500 0.865429 0.078492
4.437500 0.762703 0.039071
4.442500 0.771546 0.011817
4.447500 0.783787 0.011011
4.452500 0.778725 0.010898
4.457500 0.771119 0.016069
4.462500 0.737102 0.043358
4.467500 0.788956 0.062488
4.472500 0.801531 0.013917
4.477500 0.765517 0.023745
4.482500 0.735831 0.019444
4.487500 0.725038 0.007766
4.492500 0.766482 0.013062
4.497500 0.780185 0.030531
4.502500 0.742535 0.015540
4.507500 0.752811 0.024919
4.512500 0.845552 0.008760
4.517500 0.806502 0.027007
4.522500 0.765740 0.037927
4.527500 0.790271 0.017471
4.532500 0.766478 0.025884
4.537500 0.790959 0.014097
4.542500 0.838524 0.049775
4.547500 0.776039 0.048169
4.552500 0.775283 0.038916
4.557500 0.813042 0.056943
4.562500 0.746856 0.056508
4.567500 0.761632 0.032300
4.572500 0.775652 0.074347
4.577500 0.786947 0.037308
4.582500 0.794282 0.049115
4.587500 0.805392 0.030034
4.592500 0.807169 0.031311
4.597500 0.767061 0.014804
4.602500 0.723934 0.035969
4.607500 0.815215 0.015595
4.612500 0.848700 0.054124
4.617500 0.760822 0.092852
4.622500 0.721097 0.020793
4.627500 0.669862 0.025433
4.632500 0.648688 0.004778
4.637500 0.672225 0.027466
4.642500 0.690839 0.004728
4.647500 0.727747 0.051940
4.652500 0.739840 0.031169
4.657500 0.706393 0.032427
4.662500 0.630295 0.020328
4.667500 0.552143 0.018918
4.672500 0.421190 0.013562
4.677500 0.428657 0.034939
4.682500 0.465315 0.074053
4.687500 0.466833 0.041428
4.692500 0.530930 0.015907
4.697500 0.602336 0.049929
4.702500 0.667484 0.023352
4.707500 0.784783 0.064441
4.712500 0.712108 0.043653
4.717500 0.809320 0.041791
4.722500 0.817135 0.046910
4.727500 0.764077 0.055981
4.732500 0.806631 0.050203
4.737500 0.788566 0.054920
4.742500 0.791695 0.020999
4.747500 0.830942 0.010543
4.752500 0.766269 0.056864
4.757500 0.751198 0.077162
4.762500 0.815246 0.079584
4.767500 0.926188 0.053213
4.772500 0.912057 0.022414
4.777500 0.892627 0.024473
4.782500 0.776927 0.010327
4.787500 0.751628 0.032142
4.792500 0.764878 0.025078
4.797500 0.864635 0.060125
4.802500 0.895377 0.082582
4.807500 0.888946 0.093999
4.812500 0.908612 0.061340
4.817500 0.903325 0.057786
4.822500 0.898044 0.124212
4.827500 0.979471 0.087731
4.832500 0.990804 0.006807
4.837500 0.918595 0.017631
4.842500 0.806038 0.023334
4.847500 0.848190 0.031911
4.852500 0.817939 0.033043
4.857500 0.777063 0.056372
4.862500 0.762302 0.038094
4.867500 0.714238 0.027319
4.872500 0.829415 0.063874
4.877500 0.868618 0.012823
4.882500 0.922510 0.102255
4.887500 0.988275 0.042972
4.892500 0.964272 0.014694
4.897500 0.850513 0.017827
4.902500 0.862148 0.027776
4.907500 0.912663 0.066357
4.912500 0.887283 0.059058
4.917500 0.906555 0.035774
4.922500 0.938657 0.074556
4.927500 0.936116 0.033544
4.932500 0.827627 0.022813
4.937500 0.917291 0.020841
4.942500 0.853409 0.027398
4.947500 0.829902 0.050970
4.952500 0.843727 0.018665
4.957500 0.956114 0.021036
4.962500 0.907258 0.041171
4.967500 0.848315 0.040851
4.972500 0.864840 0.067049
4.977500 0.878503 0.095496
4.982500 0.828161 0.082561
4.987500 0.850629 0.067669
4.992500 0.783194 0.022470
4.997500 0.931603 0.023253
5.002500 0.992060 0.088642
5.007500 0.971398 0.052557
5.012500 0.795906 0.131152
5.017500 0.844343 0.086766
5.022500 0.963773 0.074275
5.027500 0.923035 0.085809
5.032500 0.741056 0.059747
5.037500 0.800341 0.044165
5.042500 0.882238 0.079005
5.047500 0.854119 0.061844
5.052500 0.796399 0.046915
5.057500 0.694233 0.053585
5.062500 0.833647 0.141795
5.067500 0.873323 0.042142
5.072500 0.868748 0.056721
5.077500 1.032952 0.029010
5.082500 0.968126 0.104928
5.087500 0.993747 0.114026
5.092500 1.111654 0.075098
5.097500 0.793260 0.038066
