# DATE = 2025-03-12
# PIPE_VER = 1.17.1
# PMAP = jwst_1322.pmap
# STANDARD_STAR = SNAP-2
# 
# Wavelength (microns), arbitrary reflectance, uncertainty
0.702500 0.626624 0.009023
0.707500 0.643499 0.006943
0.712500 0.675024 0.016577
0.717500 0.664798 0.021534
0.722500 0.682271 0.005538
0.727500 0.678200 0.004196
0.732500 0.678026 0.014238
0.737500 0.689665 0.004933
0.742500 0.696346 0.009168
0.747500 0.702639 0.005679
0.752500 0.712645 0.004795
0.757500 0.723282 0.003676
0.762500 0.725219 0.004814
0.767500 0.727379 0.009584
0.772500 0.734036 0.006522
0.777500 0.735682 0.004569
0.782500 0.775743 0.010069
0.787500 0.782088 0.011600
0.792500 0.746850 0.005231
0.797500 0.748246 0.006793
0.802500 0.754588 0.005438
0.807500 0.768658 0.005701
0.812500 0.779155 0.005297
0.817500 0.777149 0.007967
0.822500 0.788708 0.006036
0.827500 0.801346 0.008429
0.832500 0.801358 0.004738
0.837500 0.800181 0.005021
0.842500 0.808381 0.004508
0.847500 0.818594 0.004448
0.852500 0.818811 0.006489
0.857500 0.833358 0.008613
0.862500 0.833459 0.009004
0.867500 0.835035 0.006646
0.872500 0.844092 0.004938
0.877500 0.856466 0.007879
0.882500 0.856457 0.005008
0.887500 0.858245 0.005262
0.892500 0.877184 0.005770
0.897500 0.878804 0.010298
0.902500 0.880416 0.010628
0.907500 0.879147 0.005893
0.912500 0.883480 0.005203
0.917500 0.892484 0.005485
0.922500 0.894056 0.007269
0.927500 0.897294 0.007050
0.932500 0.896584 0.006478
0.937500 0.910980 0.004996
0.942500 0.922254 0.004767
0.947500 0.930426 0.003992
0.952500 0.931363 0.004650
0.957500 0.934238 0.005314
0.962500 0.931715 0.005570
0.967500 0.932002 0.007170
0.972500 0.935587 0.007541
0.977500 0.949107 0.004335
0.982500 0.958218 0.005472
0.987500 0.962428 0.004133
0.992500 0.957617 0.004364
0.997500 0.954288 0.005180
1.002500 0.958875 0.005365
1.007500 0.975291 0.007612
1.012500 0.974846 0.008027
1.017500 0.974537 0.009922
1.022500 0.974365 0.008266
1.027500 0.985226 0.012087
1.032500 0.995082 0.005694
1.037500 1.007252 0.004492
1.042500 1.000659 0.009473
1.047500 0.993880 0.007429
1.052500 0.988899 0.008587
1.057500 0.987583 0.007331
1.062500 0.981945 0.017218
1.067500 0.986066 0.017606
1.072500 0.984851 0.006604
1.077500 1.000671 0.005230
1.082500 1.010272 0.007120
1.087500 1.017113 0.009678
1.092500 1.019614 0.009951
1.097500 1.021275 0.008019
1.102500 1.022432 0.008792
1.107500 1.025698 0.009146
1.112500 1.032797 0.006395
1.117500 1.041073 0.006915
1.122500 1.042427 0.007436
1.127500 1.051673 0.005737
1.132500 1.045946 0.011913
1.137500 1.048717 0.013622
1.142500 1.049201 0.014502
1.147500 1.050063 0.012926
1.152500 1.054639 0.015875
1.157500 1.053638 0.012650
1.162500 1.055404 0.011710
1.167500 1.054044 0.010383
1.172500 1.051239 0.008135
1.177500 1.052193 0.007408
1.182500 1.062370 0.011011
1.187500 1.062549 0.011587
1.192500 1.064786 0.010591
1.197500 1.065776 0.011086
1.202500 1.068175 0.011621
1.207500 1.070492 0.008177
1.212500 1.089623 0.010848
1.217500 1.083808 0.007670
1.222500 1.078202 0.007486
1.227500 1.082023 0.010014
1.232500 1.087060 0.005363
1.237500 1.086608 0.005909
1.242500 1.077676 0.009718
1.247500 1.064770 0.005193
1.252500 1.060623 0.010454
1.257500 1.068653 0.014200
1.262500 1.072567 0.013678
1.267500 1.077486 0.008538
1.272500 1.074709 0.009744
1.277500 1.072882 0.006736
1.282500 1.082046 0.005607
1.287500 1.071996 0.011361
1.292500 1.080523 0.014942
1.297500 1.084767 0.018845
1.302500 1.088890 0.018608
1.307500 1.097221 0.016829
1.312500 1.093819 0.010604
1.317500 1.091162 0.006132
1.322500 1.093220 0.006398
1.327500 1.090976 0.008409
1.332500 1.089327 0.008314
1.337500 1.087708 0.007356
1.342500 1.083846 0.010626
1.347500 1.088837 0.015098
1.352500 1.092251 0.016390
1.357500 1.095888 0.018424
1.362500 1.100748 0.014654
1.367500 1.104763 0.015346
1.372500 1.109202 0.015604
1.377500 1.100269 0.015263
1.382500 1.105781 0.018050
1.387500 1.105911 0.020019
1.392500 1.103715 0.017764
1.397500 1.103916 0.011765
1.402500 1.101388 0.010759
1.407500 1.103206 0.008261
1.412500 1.116717 0.010929
1.417500 1.115039 0.011359
1.422500 1.112497 0.014236
1.427500 1.116358 0.014729
1.432500 1.103041 0.010975
1.437500 1.101856 0.010508
1.442500 1.100877 0.009015
1.447500 1.105589 0.011040
1.452500 1.109759 0.013003
1.457500 1.116699 0.014988
1.462500 1.117904 0.016294
1.467500 1.117504 0.016314
1.472500 1.115326 0.014654
1.477500 1.105917 0.020112
1.482500 1.093025 0.020103
1.487500 1.094755 0.019377
1.492500 1.088014 0.014924
1.497500 1.087096 0.013348
1.502500 1.088355 0.021931
1.507500 1.091742 0.019394
1.512500 1.084940 0.018688
1.517500 1.097193 0.013458
1.522500 1.094130 0.012976
1.527500 1.094435 0.012385
1.532500 1.094749 0.015635
1.537500 1.082580 0.019039
1.542500 1.088744 0.018606
1.547500 1.101191 0.017722
1.552500 1.097109 0.017503
1.557500 1.093695 0.018527
1.562500 1.091446 0.021761
1.567500 1.091406 0.018535
1.572500 1.085579 0.010028
1.577500 1.088492 0.007647
1.582500 1.091366 0.009838
1.587500 1.095627 0.007573
1.592500 1.097257 0.005820
1.597500 1.097760 0.012686
1.602500 1.097925 0.009551
1.607500 1.093380 0.017832
1.612500 1.089208 0.020187
1.617500 1.082540 0.026204
1.622500 1.090613 0.022764
1.627500 1.097446 0.018862
1.632500 1.095240 0.021228
1.637500 1.088858 0.020695
1.642500 1.084951 0.029671
1.647500 1.093248 0.022370
1.652500 1.078439 0.016424
1.657500 1.076695 0.009953
1.662500 1.076734 0.010179
1.667500 1.095382 0.019660
1.672500 1.102742 0.019276
1.677500 1.101205 0.019065
1.682500 1.103287 0.025603
1.687500 1.108996 0.025572
1.692500 1.109223 0.017116
1.697500 1.105197 0.023718
1.702500 1.110761 0.024671
1.707500 1.113587 0.022883
1.712500 1.122488 0.025509
1.717500 1.121524 0.029755
1.722500 1.123747 0.031753
1.727500 1.125364 0.030060
1.732500 1.129312 0.017367
1.737500 1.136707 0.012657
1.742500 1.140766 0.011063
1.747500 1.124420 0.012775
1.752500 1.100409 0.014390
1.757500 1.084527 0.013520
1.762500 1.087985 0.018722
1.767500 1.101296 0.022857
1.772500 1.095100 0.022472
1.777500 1.095487 0.029385
1.782500 1.098656 0.028834
1.787500 1.104099 0.015510
1.792500 1.094886 0.021160
1.797500 1.093309 0.025689
1.802500 1.100417 0.026855
1.807500 1.100247 0.020408
1.812500 1.096564 0.018157
1.817500 1.103112 0.017414
1.822500 1.106604 0.017541
1.827500 1.100896 0.012533
1.832500 1.097939 0.018677
1.837500 1.102600 0.019863
1.842500 1.106418 0.014755
1.847500 1.110729 0.011847
1.852500 1.104272 0.018863
1.857500 1.109364 0.021995
1.862500 1.122067 0.019354
1.867500 1.113717 0.020200
1.872500 1.122088 0.018683
1.877500 1.128801 0.013663
1.882500 1.119963 0.008203
1.887500 1.104886 0.007639
1.892500 1.116204 0.006598
1.897500 1.110365 0.005289
1.902500 1.112221 0.008212
1.907500 1.092864 0.008257
1.912500 1.089018 0.017507
1.917500 1.103599 0.017155
1.922500 1.094262 0.015081
1.927500 1.093767 0.023273
1.932500 1.097578 0.022804
1.937500 1.091711 0.010749
1.942500 1.073947 0.005803
1.947500 1.077965 0.009132
1.952500 1.091614 0.019327
1.957500 1.098061 0.012291
1.962500 1.087190 0.019013
1.967500 1.086856 0.019427
1.972500 1.087255 0.014429
1.977500 1.068804 0.022190
1.982500 1.067074 0.022841
1.987500 1.071797 0.022435
1.992500 1.067813 0.021138
1.997500 1.060606 0.017665
2.002500 1.069659 0.013180
2.007500 1.065653 0.013323
2.012500 1.064867 0.007764
2.017500 1.066153 0.010790
2.022500 1.075243 0.007595
2.027500 1.071285 0.012159
2.032500 1.080810 0.011224
2.037500 1.094319 0.005581
2.042500 1.088539 0.009245
2.047500 1.077379 0.009126
2.052500 1.046975 0.012439
2.057500 1.035218 0.014973
2.062500 1.045897 0.021102
2.067500 1.048531 0.025814
2.072500 1.055694 0.018130
2.077500 1.055000 0.020232
2.082500 1.056085 0.027139
2.087500 1.070380 0.027492
2.092500 1.070504 0.028087
2.097500 1.073723 0.026274
2.102500 1.068894 0.024272
2.107500 1.062250 0.023288
2.112500 1.053998 0.024464
2.117500 1.058997 0.022900
2.122500 1.039456 0.008155
2.127500 1.053316 0.010631
2.132500 1.061221 0.008013
2.137500 1.078402 0.005572
2.142500 1.080277 0.015912
2.147500 1.082516 0.017655
2.152500 1.078654 0.009897
2.157500 1.068913 0.008628
2.162500 1.056444 0.018215
2.167500 1.058225 0.024865
2.172500 1.070645 0.024430
2.177500 1.064163 0.021901
2.182500 1.065634 0.020316
2.187500 1.067064 0.016625
2.192500 1.052313 0.009590
2.197500 1.059690 0.011087
2.202500 1.059226 0.012163
2.207500 1.063889 0.011379
2.212500 1.062815 0.006160
2.217500 1.062249 0.004530
2.222500 1.060129 0.006063
2.227500 1.047609 0.006897
2.232500 1.049127 0.009631
2.237500 1.055294 0.010218
2.242500 1.062984 0.014698
2.247500 1.059341 0.024796
2.252500 1.069711 0.031998
2.257500 1.049332 0.010667
2.262500 1.030104 0.008133
2.267500 1.027370 0.005809
2.272500 1.030199 0.005280
2.277500 1.006616 0.016090
2.282500 1.005642 0.019259
2.287500 1.034240 0.008517
2.292500 1.031573 0.015309
2.297500 1.041063 0.019116
2.302500 1.052551 0.012641
2.307500 1.047171 0.009283
2.312500 1.032345 0.003909
2.317500 1.044682 0.003723
2.322500 1.047015 0.006949
2.327500 1.038801 0.029493
2.332500 1.046028 0.029848
2.337500 1.046153 0.031568
2.342500 1.052468 0.024311
2.347500 1.047015 0.008044
2.352500 1.048151 0.020182
2.357500 1.047616 0.006941
2.362500 1.050791 0.004996
2.367500 1.046965 0.003478
2.372500 1.052748 0.005943
2.377500 1.049570 0.003333
2.382500 1.053299 0.005833
2.387500 1.044040 0.010144
2.392500 1.035086 0.011223
2.397500 1.029349 0.018977
2.402500 1.022442 0.014627
2.407500 1.011524 0.016072
2.412500 1.015646 0.021031
2.417500 1.019002 0.020798
2.422500 1.033333 0.016513
2.427500 1.044831 0.018012
2.432500 1.055100 0.016706
2.437500 1.039371 0.011504
2.442500 1.029642 0.014519
2.447500 1.031415 0.021993
2.452500 1.014162 0.016358
2.457500 1.009465 0.003622
2.462500 1.014944 0.009988
2.467500 1.016619 0.012749
2.472500 1.018179 0.007644
2.477500 1.013637 0.011608
2.482500 1.009416 0.007051
2.487500 0.989870 0.010761
2.492500 0.994436 0.007278
2.497500 1.000174 0.007140
2.502500 1.003637 0.001815
2.507500 1.006232 0.005017
2.512500 1.016197 0.005884
2.517500 1.016843 0.002580
2.522500 1.022827 0.001852
2.527500 1.014035 0.009810
2.532500 1.005485 0.017825
2.537500 1.008320 0.009893
2.542500 1.023670 0.009867
2.547500 1.021331 0.020805
2.552500 1.025147 0.027082
2.557500 1.028088 0.024301
2.562500 1.012234 0.004986
2.567500 1.014211 0.009723
2.572500 1.011445 0.006168
2.577500 1.010877 0.006936
2.582500 0.999055 0.007938
2.587500 1.000000 0.013180
2.592500 0.996690 0.011556
2.597500 1.015376 0.008214
2.602500 1.017807 0.002533
2.607500 1.007544 0.006506
2.612500 1.006883 0.009332
2.617500 0.995899 0.010737
2.622500 0.990085 0.002827
2.627500 0.992048 0.006830
2.632500 0.996518 0.001718
2.637500 0.990959 0.010567
2.642500 0.985719 0.002474
2.647500 0.967783 0.012271
2.652500 0.969192 0.002980
2.657500 0.969380 0.012621
2.662500 0.966227 0.015797
2.667500 0.963088 0.006442
2.672500 0.947911 0.014938
2.677500 0.946537 0.006753
2.682500 0.948702 0.012843
2.687500 0.932623 0.013269
2.692500 0.922951 0.007711
2.697500 0.877552 0.007876
2.702500 0.862838 0.017213
2.707500 0.853608 0.005400
2.712500 0.828369 0.001418
2.717500 0.837421 0.007373
2.722500 0.846384 0.005028
2.727500 0.850307 0.012673
2.732500 0.866586 0.016545
2.737500 0.865353 0.016928
2.742500 0.853712 0.009094
2.747500 0.796470 0.029706
2.752500 0.751269 0.009095
2.757500 0.746743 0.003983
2.762500 0.731246 0.007980
2.767500 0.682915 0.010171
2.772500 0.664284 0.003827
2.777500 0.630371 0.007389
2.782500 0.594546 0.007703
2.787500 0.571871 0.002768
2.792500 0.548373 0.003860
2.797500 0.506586 0.016826
2.802500 0.490490 0.013384
2.807500 0.462451 0.015399
2.812500 0.447898 0.008808
2.817500 0.401829 0.021171
2.822500 0.369564 0.008334
2.827500 0.342117 0.003575
2.832500 0.324007 0.007602
2.837500 0.293566 0.009911
2.842500 0.277879 0.004640
2.847500 0.243496 0.010675
2.852500 0.208587 0.021216
2.857500 0.196860 0.009506
2.862500 0.179300 0.011030
2.867500 0.179511 0.002125
2.872500 0.171284 0.002691
2.877500 0.153355 0.002506
2.882500 0.139733 0.004044
2.887500 0.141620 0.010689
2.892500 0.121138 0.012917
2.897500 0.115460 0.013798
2.902500 0.103002 0.007034
2.907500 0.110031 0.009110
2.912500 0.101428 0.006864
2.917500 0.100341 0.001218
2.922500 0.099632 0.002439
2.927500 0.092997 0.003838
2.932500 0.079408 0.006908
2.937500 0.072010 0.011429
2.942500 0.069551 0.014644
2.947500 0.066500 0.010555
2.952500 0.071616 0.002256
2.957500 0.078584 0.007441
2.962500 0.079884 0.004476
2.967500 0.079734 0.004805
2.972500 0.069875 0.007838
2.977500 0.064884 0.009818
2.982500 0.059743 0.004812
2.987500 0.053140 0.003257
2.992500 0.052330 0.010729
2.997500 0.052802 0.006628
3.002500 0.057129 0.008950
3.007500 0.061765 0.008049
3.012500 0.054335 0.006214
3.017500 0.048544 0.002922
3.022500 0.050553 0.005582
3.027500 0.050622 0.002906
3.032500 0.053108 0.004249
3.037500 0.048978 0.003504
3.042500 0.049661 0.004185
3.047500 0.044893 0.004424
3.052500 0.050395 0.005983
3.057500 0.056672 0.002694
3.062500 0.065030 0.001997
3.067500 0.059516 0.006783
3.072500 0.054827 0.005860
3.077500 0.043457 0.004416
3.082500 0.053267 0.009945
3.087500 0.054525 0.012368
3.092500 0.057326 0.008358
3.097500 0.053354 0.006710
3.102500 0.061412 0.003925
3.107500 0.065947 0.014117
3.112500 0.069587 0.014486
3.117500 0.066672 0.014225
3.122500 0.070276 0.010196
3.127500 0.077384 0.010517
3.132500 0.084994 0.004930
3.137500 0.085603 0.002011
3.142500 0.069702 0.008977
3.147500 0.052163 0.006106
3.152500 0.060787 0.003581
3.157500 0.073827 0.011348
3.162500 0.082752 0.003818
3.167500 0.082966 0.003617
3.172500 0.083033 0.003645
3.177500 0.092658 0.011534
3.182500 0.101116 0.020653
3.187500 0.101540 0.012563
3.192500 0.097976 0.006350
3.197500 0.104938 0.012672
3.202500 0.102216 0.014021
3.207500 0.107560 0.011477
3.212500 0.093760 0.006964
3.217500 0.103688 0.002869
3.222500 0.092471 0.001129
3.227500 0.099073 0.001326
3.232500 0.129580 0.003898
3.237500 0.147954 0.014619
3.242500 0.139489 0.020699
3.247500 0.115259 0.010434
3.252500 0.135833 0.020776
3.257500 0.165616 0.025134
3.262500 0.185078 0.006709
3.267500 0.198151 0.002001
3.272500 0.204914 0.010175
3.277500 0.197403 0.018011
3.282500 0.210818 0.012844
3.287500 0.222816 0.008141
3.292500 0.232396 0.009307
3.297500 0.239829 0.016535
3.302500 0.249152 0.009133
3.307500 0.208354 0.013307
3.312500 0.208729 0.019434
3.317500 0.207034 0.008610
3.322500 0.229215 0.014469
3.327500 0.211630 0.013713
3.332500 0.204578 0.005252
3.337500 0.215830 0.018780
3.342500 0.224316 0.022849
3.347500 0.230114 0.030126
3.352500 0.178328 0.015642
3.357500 0.205983 0.018584
3.362500 0.211699 0.006085
3.367500 0.192185 0.016974
3.372500 0.232302 0.016069
3.377500 0.237930 0.008389
3.382500 0.242784 0.007913
3.387500 0.269526 0.015612
3.392500 0.242966 0.011470
3.397500 0.251746 0.010679
3.402500 0.267123 0.011471
3.407500 0.271102 0.003385
3.412500 0.245524 0.018441
3.417500 0.235206 0.012761
3.422500 0.208485 0.002692
3.427500 0.192826 0.023897
3.432500 0.197049 0.009485
3.437500 0.241502 0.004455
3.442500 0.244305 0.006963
3.447500 0.226241 0.009238
3.452500 0.214662 0.008486
3.457500 0.226284 0.011554
3.462500 0.259313 0.010289
3.467500 0.259476 0.015380
3.472500 0.256890 0.021006
3.477500 0.262731 0.011288
3.482500 0.284146 0.007227
3.487500 0.290446 0.005983
3.492500 0.267276 0.006255
3.497500 0.267455 0.013694
3.502500 0.271837 0.014241
3.507500 0.272578 0.012071
3.512500 0.272876 0.003588
3.517500 0.245099 0.008025
3.522500 0.253466 0.009940
3.527500 0.257648 0.004338
3.532500 0.258028 0.007265
3.537500 0.260653 0.006940
3.542500 0.257808 0.015738
3.547500 0.271509 0.006522
3.552500 0.286458 0.009847
3.557500 0.312606 0.011878
3.562500 0.324020 0.024737
3.567500 0.343997 0.037614
3.572500 0.303279 0.035804
3.577500 0.318995 0.019066
3.582500 0.345541 0.027770
3.587500 0.355503 0.022447
3.592500 0.358277 0.014837
3.597500 0.325651 0.018321
3.602500 0.356441 0.020257
3.607500 0.387795 0.011078
3.612500 0.401318 0.008765
3.617500 0.433992 0.002989
3.622500 0.407637 0.012925
3.627500 0.402589 0.009082
3.632500 0.406474 0.001268
3.637500 0.400923 0.009395
3.642500 0.390552 0.008611
3.647500 0.431059 0.021986
3.652500 0.445292 0.011264
3.657500 0.408957 0.015932
3.662500 0.418459 0.023477
3.667500 0.444239 0.025312
3.672500 0.455623 0.018315
3.677500 0.425588 0.025815
3.682500 0.409382 0.025769
3.687500 0.448752 0.009707
3.692500 0.444024 0.014685
3.697500 0.430848 0.011485
3.702500 0.460147 0.009489
3.707500 0.461686 0.013055
3.712500 0.461095 0.020005
3.717500 0.469557 0.018563
3.722500 0.455178 0.005394
3.727500 0.455760 0.020698
3.732500 0.477826 0.042928
3.737500 0.481834 0.033698
3.742500 0.455550 0.038930
3.747500 0.427586 0.041242
3.752500 0.457182 0.016843
3.757500 0.463643 0.013340
3.762500 0.459800 0.005044
3.767500 0.440112 0.025653
3.772500 0.462556 0.040705
3.777500 0.505926 0.025462
3.782500 0.507630 0.014459
3.787500 0.478317 0.036777
3.792500 0.492161 0.023943
3.797500 0.461468 0.026170
3.802500 0.492644 0.025524
3.807500 0.495589 0.010835
3.812500 0.516200 0.001856
3.817500 0.472831 0.015216
3.822500 0.469986 0.011579
3.827500 0.500428 0.011968
3.832500 0.482059 0.023000
3.837500 0.498381 0.023447
3.842500 0.511171 0.021866
3.847500 0.505423 0.022098
3.852500 0.491523 0.047977
3.857500 0.502534 0.030812
3.862500 0.514653 0.021902
3.867500 0.533358 0.008657
3.872500 0.506788 0.027368
3.877500 0.462309 0.045570
3.882500 0.455243 0.035969
3.887500 0.425657 0.029518
3.892500 0.415058 0.029879
3.897500 0.501854 0.022036
3.902500 0.509085 0.026046
3.907500 0.440810 0.024069
3.912500 0.476135 0.047646
3.917500 0.511897 0.027472
3.922500 0.456281 0.016454
3.927500 0.465027 0.014404
3.932500 0.472605 0.015881
3.937500 0.445967 0.014561
3.942500 0.442432 0.006264
3.947500 0.449954 0.015016
3.952500 0.448169 0.024117
3.957500 0.474269 0.015813
3.962500 0.454667 0.015953
3.967500 0.435566 0.026444
3.972500 0.457538 0.016304
3.977500 0.451160 0.028662
3.982500 0.445620 0.027246
3.987500 0.411723 0.016218
3.992500 0.447396 0.030020
3.997500 0.458080 0.013036
4.002500 0.506043 0.031427
4.007500 0.458080 0.030758
4.012500 0.483085 0.059827
4.017500 0.447285 0.025914
4.022500 0.462204 0.002075
4.027500 0.471180 0.008788
4.032500 0.484938 0.004002
4.037500 0.475252 0.026977
4.042500 0.482180 0.042213
4.047500 0.503798 0.021509
4.052500 0.434829 0.049771
4.057500 0.450638 0.026823
4.062500 0.478693 0.019273
4.067500 0.468970 0.010596
4.072500 0.533587 0.021834
4.077500 0.534579 0.021724
4.082500 0.539011 0.033508
4.087500 0.514427 0.031545
4.092500 0.448192 0.034026
4.097500 0.451020 0.028969
4.102500 0.527580 0.064113
4.107500 0.558708 0.037399
4.112500 0.529826 0.048399
4.117500 0.481808 0.030500
4.122500 0.510531 0.035711
4.127500 0.562715 0.006910
4.132500 0.535084 0.033297
4.137500 0.437552 0.041219
4.142500 0.491054 0.029172
4.147500 0.461741 0.055179
4.152500 0.471875 0.064175
4.157500 0.504287 0.016535
4.162500 0.497990 0.025931
4.167500 0.503769 0.019567
4.172500 0.462121 0.029970
4.177500 0.377179 0.003930
4.182500 0.378857 0.008180
4.187500 0.403650 0.010065
4.192500 0.398327 0.023282
4.197500 0.377536 0.023371
4.202500 0.404794 0.036190
4.207500 0.409735 0.014576
4.212500 0.391279 0.009992
4.217500 0.418070 0.017076
4.222500 0.372799 0.050424
4.227500 0.316293 0.008972
4.232500 0.267308 0.008165
4.237500 0.221585 0.038892
4.242500 0.193138 0.059266
4.247500 0.179878 0.041213
4.252500 0.146836 0.034809
4.257500 0.120759 0.008454
4.262500 0.127380 0.022221
4.267500 0.189791 0.016453
4.272500 0.142105 0.001640
4.277500 0.136670 0.013076
4.282500 0.163453 0.034259
4.287500 0.245381 0.069464
4.292500 0.320049 0.038038
4.297500 0.410134 0.003771
4.302500 0.445802 0.031596
4.307500 0.503304 0.024428
4.312500 0.514897 0.034155
4.317500 0.530574 0.013817
4.322500 0.485719 0.047811
4.327500 0.547973 0.013350
4.332500 0.596141 0.028106
4.337500 0.577160 0.039828
4.342500 0.584111 0.005453
4.347500 0.546924 0.034785
4.352500 0.570706 0.034419
4.357500 0.575822 0.028319
4.362500 0.553191 0.039059
4.367500 0.517855 0.037092
4.372500 0.498857 0.020566
4.377500 0.476257 0.019934
4.382500 0.434160 0.009397
4.387500 0.434566 0.001931
4.392500 0.423182 0.061412
4.397500 0.420048 0.033919
4.402500 0.437601 0.027975
4.407500 0.500966 0.019961
4.412500 0.359424 0.032295
4.417500 0.372115 0.054787
4.422500 0.364681 0.080704
4.427500 0.392181 0.040377
4.432500 0.540513 0.014866
4.437500 0.565964 0.035652
4.442500 0.426201 0.020658
4.447500 0.458204 0.018556
4.452500 0.549017 0.027659
4.457500 0.573499 0.030856
4.462500 0.506947 0.015006
4.467500 0.476723 0.047206
4.472500 0.537338 0.006390
4.477500 0.509567 0.075147
4.482500 0.425405 0.061069
4.487500 0.341260 0.008665
4.492500 0.359031 0.037517
4.497500 0.455189 0.044825
4.502500 0.386961 0.024675
4.507500 0.383921 0.018448
4.512500 0.378530 0.003173
4.517500 0.394614 0.010635
4.522500 0.376069 0.066852
4.527500 0.439473 0.039835
4.532500 0.330785 0.011110
4.537500 0.238718 0.016865
4.542500 0.357476 0.023811
4.547500 0.299592 0.022577
4.552500 0.323963 0.056696
4.557500 0.444556 0.050421
4.562500 0.382523 0.040465
4.567500 0.325959 0.019105
4.572500 0.278132 0.001464
4.577500 0.372269 0.009801
4.582500 0.392430 0.073241
4.587500 0.322769 0.047610
4.592500 0.288484 0.039289
4.597500 0.259058 0.055706
4.602500 0.285942 0.023650
4.607500 0.373239 0.045058
4.612500 0.304473 0.059994
4.617500 0.272155 0.027707
4.622500 0.377662 0.103605
4.627500 0.386605 0.068377
4.632500 0.264969 0.010539
4.637500 0.228998 0.023482
4.642500 0.187761 0.025489
4.647500 0.254414 0.017061
4.652500 0.243754 0.015296
4.657500 0.256681 0.009544
4.662500 0.199242 0.019037
4.667500 0.216720 0.040722
4.672500 0.268704 0.022131
4.677500 0.245385 0.045234
4.682500 0.201838 0.061123
4.687500 0.190016 0.009278
4.692500 0.272845 0.011394
4.697500 0.268478 0.018459
4.702500 0.352749 0.054707
4.707500 0.433849 0.054292
4.712500 0.441942 0.042558
4.717500 0.378489 0.018123
4.722500 0.470042 0.036222
4.727500 0.492960 0.024331
4.732500 0.490544 0.021196
4.737500 0.554615 0.081422
4.742500 0.429433 0.057799
4.747500 0.486994 0.043833
4.752500 0.520191 0.024895
4.757500 0.401736 0.042753
4.762500 0.443996 0.011249
4.767500 0.456748 0.046471
4.772500 0.434805 0.002823
4.777500 0.511908 0.058649
4.782500 0.603339 0.031102
4.787500 0.534333 0.049053
4.792500 0.504568 0.053898
4.797500 0.500074 0.026821
4.802500 0.533817 0.045958
4.807500 0.548299 0.087573
4.812500 0.475657 0.046963
4.817500 0.468664 0.066668
4.822500 0.411715 0.044940
4.827500 0.562761 0.025804
4.832500 0.458780 0.059336
4.837500 0.405184 0.029380
4.842500 0.509238 0.036284
4.847500 0.541981 0.079387
4.852500 0.403098 0.064483
4.857500 0.364759 0.063900
4.862500 0.480143 0.014177
4.867500 0.498725 0.026625
4.872500 0.385488 0.014092
4.877500 0.348676 0.055256
4.882500 0.379560 0.056088
4.887500 0.482216 0.080732
4.892500 0.550155 0.027659
4.897500 0.463150 0.061679
4.902500 0.457451 0.050524
4.907500 0.347503 0.059097
4.912500 0.392417 0.065756
4.917500 0.423920 0.013401
4.922500 0.387173 0.026426
4.927500 0.362763 0.036165
4.932500 0.317955 0.046741
4.937500 0.376397 0.038626
4.942500 0.532758 0.059947
4.947500 0.434320 0.046931
4.952500 0.573821 0.176059
4.957500 0.593464 0.114067
4.962500 0.667992 0.129061
4.967500 0.651216 0.020352
4.972500 0.501534 0.081225
4.977500 0.601621 0.012094
4.982500 0.556756 0.079531
4.987500 0.607615 0.012829
4.992500 0.545163 0.057174
4.997500 0.515897 0.081154
5.002500 0.492160 0.080300
5.007500 0.548982 0.041130
5.012500 0.668527 0.060581
5.017500 0.540538 0.053476
5.022500 0.522262 0.073902
5.027500 0.492491 0.115243
5.032500 0.551713 0.165313
5.037500 0.551616 0.075375
5.042500 0.454389 0.039574
5.047500 0.550413 0.138501
5.052500 0.575029 0.048749
5.057500 0.398044 0.021709
5.062500 0.426173 0.022147
5.067500 0.459724 0.085423
5.072500 0.420526 0.041224
5.077500 0.523319 0.072377
5.082500 0.522361 0.082274
5.087500 0.475360 0.051955
5.092500 0.360234 0.038750
5.097500 0.300778 0.044877
