# DATE = 2025-03-12
# PIPE_VER = 1.17.1
# PMAP = jwst_1322.pmap
# STANDARD_STAR = SNAP-2
# 
# Wavelength (microns), arbitrary reflectance, uncertainty
0.702500 0.758946 0.008889
0.707500 0.751384 0.017063
0.712500 0.725541 0.006183
0.717500 0.732154 0.008151
0.722500 0.760247 0.010645
0.727500 0.759353 0.005030
0.732500 0.760897 0.005993
0.737500 0.756485 0.006706
0.742500 0.759653 0.006824
0.747500 0.790657 0.005963
0.752500 0.786990 0.007612
0.757500 0.793378 0.007372
0.762500 0.805610 0.010323
0.767500 0.795280 0.005223
0.772500 0.801988 0.006590
0.777500 0.815691 0.005456
0.782500 0.819676 0.010878
0.787500 0.810309 0.007768
0.792500 0.800717 0.004671
0.797500 0.792104 0.004393
0.802500 0.790408 0.007119
0.807500 0.805248 0.009179
0.812500 0.835844 0.011582
0.817500 0.858948 0.007946
0.822500 0.859238 0.010263
0.827500 0.857781 0.008073
0.832500 0.853805 0.004956
0.837500 0.858332 0.006871
0.842500 0.852875 0.006696
0.847500 0.852933 0.007850
0.852500 0.857693 0.005973
0.857500 0.866375 0.005428
0.862500 0.865128 0.006385
0.867500 0.867639 0.006672
0.872500 0.874880 0.007729
0.877500 0.883451 0.006974
0.882500 0.880245 0.004687
0.887500 0.883534 0.005198
0.892500 0.894308 0.006370
0.897500 0.896679 0.008133
0.902500 0.896528 0.010803
0.907500 0.887859 0.006686
0.912500 0.890933 0.005834
0.917500 0.889508 0.004827
0.922500 0.893767 0.004863
0.927500 0.897040 0.008487
0.932500 0.906558 0.005917
0.937500 0.906934 0.006549
0.942500 0.909684 0.006323
0.947500 0.916603 0.007573
0.952500 0.923728 0.006612
0.957500 0.926612 0.008842
0.962500 0.929871 0.004137
0.967500 0.931622 0.004923
0.972500 0.930707 0.004715
0.977500 0.930734 0.005063
0.982500 0.937612 0.004707
0.987500 0.934919 0.003909
0.992500 0.937375 0.003987
0.997500 0.936864 0.004900
1.002500 0.945959 0.008546
1.007500 0.953299 0.009875
1.012500 0.950581 0.006772
1.017500 0.952515 0.007938
1.022500 0.955767 0.007713
1.027500 0.952188 0.006474
1.032500 0.955339 0.009459
1.037500 0.957079 0.007848
1.042500 0.952572 0.006935
1.047500 0.953481 0.007967
1.052500 0.951638 0.005871
1.057500 0.954052 0.005986
1.062500 0.954076 0.006918
1.067500 0.948681 0.003420
1.072500 0.949686 0.004143
1.077500 0.950955 0.004512
1.082500 0.959887 0.005646
1.087500 0.962383 0.006602
1.092500 0.970952 0.006379
1.097500 0.972950 0.006502
1.102500 0.974110 0.003817
1.107500 0.973367 0.004221
1.112500 0.976210 0.004991
1.117500 0.978279 0.004061
1.122500 0.981649 0.004276
1.127500 0.989023 0.006862
1.132500 0.992846 0.005897
1.137500 0.988899 0.005459
1.142500 0.993908 0.005180
1.147500 0.990457 0.004437
1.152500 0.989577 0.004831
1.157500 0.988728 0.006870
1.162500 0.991041 0.006216
1.167500 0.993512 0.005898
1.172500 0.991952 0.006064
1.177500 1.000718 0.005387
1.182500 1.008757 0.007470
1.187500 1.003242 0.008216
1.192500 0.998671 0.006972
1.197500 1.001253 0.008408
1.202500 0.999936 0.009091
1.207500 1.005453 0.008611
1.212500 1.013592 0.006721
1.217500 1.014027 0.007161
1.222500 1.005166 0.006196
1.227500 0.997729 0.005529
1.232500 1.002448 0.005168
1.237500 1.003443 0.005809
1.242500 1.004337 0.007439
1.247500 0.998200 0.004357
1.252500 0.998093 0.004748
1.257500 0.998712 0.004235
1.262500 0.994969 0.005953
1.267500 0.998064 0.005098
1.272500 1.001760 0.005724
1.277500 1.003669 0.007148
1.282500 1.002734 0.005635
1.287500 1.000155 0.005084
1.292500 1.010545 0.008046
1.297500 1.017241 0.008842
1.302500 1.017236 0.011622
1.307500 1.020672 0.011465
1.312500 1.015036 0.006119
1.317500 1.020572 0.006487
1.322500 1.021970 0.006384
1.327500 1.010881 0.004999
1.332500 1.014267 0.006767
1.337500 1.014328 0.006812
1.342500 1.004950 0.006161
1.347500 1.015617 0.013358
1.352500 1.020268 0.012205
1.357500 1.027395 0.010759
1.362500 1.031035 0.009862
1.367500 1.028537 0.006316
1.372500 1.030918 0.005184
1.377500 1.022221 0.007054
1.382500 1.016622 0.006857
1.387500 1.013947 0.004631
1.392500 1.010367 0.006152
1.397500 1.010301 0.005719
1.402500 1.010947 0.006889
1.407500 1.016748 0.008733
1.412500 1.023667 0.009075
1.417500 1.021308 0.008395
1.422500 1.022774 0.010032
1.427500 1.024526 0.010298
1.432500 1.022690 0.008877
1.437500 1.021953 0.010770
1.442500 1.017071 0.011467
1.447500 1.014701 0.008707
1.452500 1.011194 0.006402
1.457500 1.017705 0.008999
1.462500 1.022823 0.009985
1.467500 1.023377 0.009044
1.472500 1.024776 0.007565
1.477500 1.025966 0.012483
1.482500 1.027202 0.011198
1.487500 1.017667 0.004789
1.492500 1.012275 0.006704
1.497500 1.011178 0.005572
1.502500 1.004177 0.003669
1.507500 1.013501 0.006167
1.512500 1.014727 0.006589
1.517500 1.016275 0.006908
1.522500 1.011969 0.010914
1.527500 1.015903 0.011962
1.532500 1.022242 0.013917
1.537500 1.016033 0.017561
1.542500 1.014087 0.018014
1.547500 1.015455 0.014156
1.552500 1.018692 0.012522
1.557500 1.021111 0.014467
1.562500 1.017282 0.015356
1.567500 1.017126 0.010568
1.572500 1.021700 0.007399
1.577500 1.019552 0.012103
1.582500 1.021980 0.012613
1.587500 1.017413 0.007509
1.592500 1.015243 0.008958
1.597500 1.020217 0.009306
1.602500 1.024476 0.007714
1.607500 1.031943 0.009342
1.612500 1.032389 0.008042
1.617500 1.026182 0.011330
1.622500 1.026319 0.014110
1.627500 1.028574 0.015742
1.632500 1.031068 0.013994
1.637500 1.034364 0.012415
1.642500 1.034753 0.013099
1.647500 1.038357 0.008674
1.652500 1.037848 0.008681
1.657500 1.030043 0.013540
1.662500 1.031380 0.012920
1.667500 1.036020 0.012819
1.672500 1.043099 0.012959
1.677500 1.046131 0.014018
1.682500 1.044964 0.011638
1.687500 1.049502 0.010667
1.692500 1.048925 0.011105
1.697500 1.044787 0.014927
1.702500 1.047672 0.017328
1.707500 1.051350 0.015760
1.712500 1.047902 0.010331
1.717500 1.039670 0.015407
1.722500 1.040905 0.018720
1.727500 1.046644 0.017541
1.732500 1.046635 0.017995
1.737500 1.042957 0.017333
1.742500 1.043851 0.012063
1.747500 1.043081 0.009863
1.752500 1.045498 0.009470
1.757500 1.039680 0.010865
1.762500 1.037044 0.008907
1.767500 1.044255 0.007830
1.772500 1.043343 0.009942
1.777500 1.040477 0.012905
1.782500 1.038544 0.010072
1.787500 1.041475 0.006533
1.792500 1.042906 0.008568
1.797500 1.035795 0.015113
1.802500 1.036836 0.009058
1.807500 1.043976 0.008247
1.812500 1.037374 0.010042
1.817500 1.037691 0.014689
1.822500 1.032144 0.009473
1.827500 1.042070 0.016251
1.832500 1.050566 0.014591
1.837500 1.042668 0.010545
1.842500 1.044971 0.007073
1.847500 1.047629 0.008523
1.852500 1.048526 0.012375
1.857500 1.041561 0.013184
1.862500 1.050628 0.010865
1.867500 1.056092 0.010231
1.872500 1.054970 0.014043
1.877500 1.051263 0.008536
1.882500 1.047384 0.004044
1.887500 1.051005 0.006003
1.892500 1.051252 0.006680
1.897500 1.048706 0.004846
1.902500 1.048870 0.006420
1.907500 1.049119 0.010987
1.912500 1.036553 0.009700
1.917500 1.042564 0.010483
1.922500 1.045343 0.011321
1.927500 1.040438 0.018441
1.932500 1.034364 0.016535
1.937500 1.035557 0.009180
1.942500 1.034474 0.012618
1.947500 1.030442 0.017630
1.952500 1.026596 0.011893
1.957500 1.027804 0.006505
1.962500 1.028961 0.009385
1.967500 1.023937 0.012300
1.972500 1.028997 0.014013
1.977500 1.030170 0.013052
1.982500 1.028301 0.013084
1.987500 1.024356 0.014792
1.992500 1.019752 0.007041
1.997500 1.021468 0.006094
2.002500 1.019437 0.008378
2.007500 1.009176 0.007815
2.012500 1.007194 0.005591
2.017500 1.006437 0.004305
2.022500 1.014956 0.005558
2.027500 1.027951 0.005732
2.032500 1.029161 0.007516
2.037500 1.025679 0.012297
2.042500 1.017823 0.013778
2.047500 1.019497 0.009592
2.052500 1.018643 0.008837
2.057500 1.027904 0.009930
2.062500 1.028705 0.007540
2.067500 1.032437 0.007034
2.072500 1.036654 0.009239
2.077500 1.034446 0.009980
2.082500 1.042019 0.012468
2.087500 1.043112 0.014006
2.092500 1.045533 0.014061
2.097500 1.049255 0.013410
2.102500 1.051604 0.010802
2.107500 1.058542 0.013580
2.112500 1.041615 0.016110
2.117500 1.039396 0.008126
2.122500 1.037287 0.005506
2.127500 1.047080 0.006162
2.132500 1.052500 0.009577
2.137500 1.039504 0.009901
2.142500 1.044551 0.007916
2.147500 1.044215 0.006746
2.152500 1.057195 0.003481
2.157500 1.056244 0.005099
2.162500 1.054996 0.009553
2.167500 1.054358 0.011970
2.172500 1.051466 0.012211
2.177500 1.047915 0.014625
2.182500 1.052835 0.011156
2.187500 1.048996 0.015840
2.192500 1.050988 0.014832
2.197500 1.050534 0.009792
2.202500 1.038996 0.008667
2.207500 1.031659 0.005700
2.212500 1.037786 0.006285
2.217500 1.050831 0.006869
2.222500 1.062951 0.004105
2.227500 1.049687 0.007386
2.232500 1.051251 0.005243
2.237500 1.046033 0.006462
2.242500 1.046110 0.003008
2.247500 1.047957 0.004625
2.252500 1.054633 0.006447
2.257500 1.049606 0.005292
2.262500 1.044985 0.009887
2.267500 1.038953 0.014748
2.272500 1.042958 0.011586
2.277500 1.051048 0.010475
2.282500 1.046386 0.007816
2.287500 1.042342 0.003863
2.292500 1.041029 0.003877
2.297500 1.036465 0.004866
2.302500 1.026158 0.002370
2.307500 1.032180 0.010651
2.312500 1.031743 0.007172
2.317500 1.029311 0.005635
2.322500 1.036806 0.008859
2.327500 1.033127 0.005525
2.332500 1.033003 0.010512
2.337500 1.033984 0.009236
2.342500 1.035603 0.007808
2.347500 1.040495 0.008800
2.352500 1.040441 0.007773
2.357500 1.047588 0.011736
2.362500 1.050223 0.012869
2.367500 1.037481 0.004825
2.372500 1.039621 0.003727
2.377500 1.046193 0.005650
2.382500 1.049079 0.008759
2.387500 1.037135 0.013539
2.392500 1.037386 0.009803
2.397500 1.030720 0.004286
2.402500 1.028525 0.005154
2.407500 1.034695 0.003701
2.412500 1.028980 0.006958
2.417500 1.038769 0.008891
2.422500 1.029723 0.005059
2.427500 1.037315 0.008354
2.432500 1.044870 0.005619
2.437500 1.036227 0.008137
2.442500 1.045808 0.008419
2.447500 1.042527 0.003900
2.452500 1.039524 0.004443
2.457500 1.038476 0.004155
2.462500 1.030818 0.002484
2.467500 1.034841 0.002671
2.472500 1.036418 0.002510
2.477500 1.032827 0.008161
2.482500 1.034397 0.004652
2.487500 1.038608 0.007888
2.492500 1.025522 0.009464
2.497500 1.023118 0.010352
2.502500 1.024636 0.006657
2.507500 1.015459 0.003339
2.512500 1.025764 0.005530
2.517500 1.028516 0.007784
2.522500 1.030902 0.007614
2.527500 1.035553 0.004899
2.532500 1.036840 0.006094
2.537500 1.036357 0.002056
2.542500 1.024663 0.001820
2.547500 1.025477 0.005476
2.552500 1.021202 0.002600
2.557500 1.010371 0.001839
2.562500 1.008508 0.002692
2.567500 1.012293 0.005465
2.572500 1.007186 0.003553
2.577500 1.008575 0.002456
2.582500 1.009902 0.001916
2.587500 1.000498 0.009733
2.592500 1.003957 0.006348
2.597500 1.000822 0.008632
2.602500 1.000000 0.006553
2.607500 0.996624 0.002630
2.612500 0.996150 0.004448
2.617500 0.995606 0.004552
2.622500 0.991008 0.008018
2.627500 0.998557 0.007236
2.632500 0.989264 0.010503
2.637500 0.988565 0.009253
2.642500 0.970079 0.003996
2.647500 0.954221 0.005877
2.652500 0.945499 0.005538
2.657500 0.909419 0.011122
2.662500 0.857735 0.002633
2.667500 0.845986 0.009920
2.672500 0.799719 0.010686
2.677500 0.753431 0.015141
2.682500 0.715738 0.013832
2.687500 0.673155 0.023422
2.692500 0.642706 0.012359
2.697500 0.649928 0.010856
2.702500 0.734052 0.007361
2.707500 0.774265 0.003526
2.712500 0.789194 0.008168
2.717500 0.820912 0.020935
2.722500 0.851891 0.009916
2.727500 0.848640 0.006414
2.732500 0.829466 0.009798
2.737500 0.796722 0.010962
2.742500 0.782400 0.017917
2.747500 0.750894 0.005515
2.752500 0.735664 0.006876
2.757500 0.709116 0.009739
2.762500 0.672951 0.008874
2.767500 0.659535 0.003403
2.772500 0.647025 0.007425
2.777500 0.616388 0.008272
2.782500 0.625953 0.004503
2.787500 0.634919 0.008878
2.792500 0.643417 0.001594
2.797500 0.640813 0.004469
2.802500 0.621348 0.010028
2.807500 0.606300 0.003250
2.812500 0.590396 0.006677
2.817500 0.557586 0.008911
2.822500 0.534826 0.005322
2.827500 0.522875 0.003568
2.832500 0.492215 0.007631
2.837500 0.471970 0.002006
2.842500 0.450342 0.007562
2.847500 0.409053 0.004499
2.852500 0.401287 0.004780
2.857500 0.368993 0.007701
2.862500 0.358158 0.008890
2.867500 0.346093 0.004531
2.872500 0.341685 0.005933
2.877500 0.316374 0.007888
2.882500 0.314936 0.004354
2.887500 0.297526 0.006179
2.892500 0.284100 0.000612
2.897500 0.280709 0.006045
2.902500 0.260632 0.003259
2.907500 0.249290 0.005565
2.912500 0.241849 0.007728
2.917500 0.235869 0.008562
2.922500 0.230749 0.002304
2.927500 0.219023 0.002178
2.932500 0.212376 0.001465
2.937500 0.212365 0.002298
2.942500 0.208363 0.003143
2.947500 0.203291 0.002238
2.952500 0.203183 0.003294
2.957500 0.190475 0.008364
2.962500 0.192796 0.007631
2.967500 0.185592 0.004144
2.972500 0.192588 0.002151
2.977500 0.188915 0.005913
2.982500 0.182074 0.003263
2.987500 0.177309 0.002299
2.992500 0.181601 0.006638
2.997500 0.183726 0.006322
3.002500 0.174011 0.000331
3.007500 0.176600 0.004155
3.012500 0.173336 0.004940
3.017500 0.174627 0.003369
3.022500 0.172363 0.002925
3.027500 0.170322 0.000975
3.032500 0.166877 0.004406
3.037500 0.158848 0.005781
3.042500 0.162728 0.002425
3.047500 0.157005 0.002790
3.052500 0.157004 0.002298
3.057500 0.155041 0.002988
3.062500 0.165242 0.002854
3.067500 0.163273 0.004211
3.072500 0.160009 0.002890
3.077500 0.159976 0.001452
3.082500 0.161312 0.001424
3.087500 0.160244 0.001628
3.092500 0.163164 0.003122
3.097500 0.163251 0.006241
3.102500 0.160535 0.008728
3.107500 0.158262 0.008290
3.112500 0.168533 0.000919
3.117500 0.172138 0.005583
3.122500 0.179788 0.000950
3.127500 0.181161 0.004226
3.132500 0.177769 0.006522
3.137500 0.179708 0.003794
3.142500 0.177700 0.000521
3.147500 0.181899 0.004534
3.152500 0.176392 0.000616
3.157500 0.179327 0.003498
3.162500 0.185576 0.004692
3.167500 0.189695 0.004095
3.172500 0.197174 0.005683
3.177500 0.206702 0.005379
3.182500 0.207883 0.001869
3.187500 0.216375 0.001550
3.192500 0.232520 0.005412
3.197500 0.224520 0.003436
3.202500 0.220470 0.006471
3.207500 0.217159 0.001812
3.212500 0.233999 0.007821
3.217500 0.237599 0.003702
3.222500 0.251012 0.008458
3.227500 0.264132 0.006310
3.232500 0.273202 0.009509
3.237500 0.291394 0.000976
3.242500 0.294362 0.002165
3.247500 0.301534 0.004997
3.252500 0.312209 0.011480
3.257500 0.337816 0.012475
3.262500 0.362827 0.008491
3.267500 0.386910 0.002395
3.272500 0.398479 0.003253
3.277500 0.409626 0.002869
3.282500 0.404546 0.007792
3.287500 0.419774 0.006383
3.292500 0.425667 0.005385
3.297500 0.450085 0.005085
3.302500 0.458784 0.002510
3.307500 0.464637 0.011590
3.312500 0.475713 0.012352
3.317500 0.492319 0.005225
3.322500 0.482463 0.009653
3.327500 0.477579 0.004091
3.332500 0.488477 0.002062
3.337500 0.513272 0.005082
3.342500 0.502292 0.006073
3.347500 0.513255 0.011984
3.352500 0.527935 0.004394
3.357500 0.498482 0.003273
3.362500 0.490146 0.014762
3.367500 0.475319 0.004248
3.372500 0.484671 0.012171
3.377500 0.484931 0.006520
3.382500 0.483390 0.003716
3.387500 0.493212 0.006969
3.392500 0.525018 0.004918
3.397500 0.533712 0.005609
3.402500 0.521264 0.001402
3.407500 0.521823 0.004324
3.412500 0.523981 0.004337
3.417500 0.527772 0.002594
3.422500 0.536281 0.006450
3.427500 0.551389 0.006757
3.432500 0.555080 0.002553
3.437500 0.553328 0.003720
3.442500 0.550240 0.007457
3.447500 0.558164 0.007471
3.452500 0.574835 0.004706
3.457500 0.587507 0.006044
3.462500 0.589818 0.002840
3.467500 0.583729 0.002943
3.472500 0.583395 0.005931
3.477500 0.580838 0.005056
3.482500 0.592521 0.008308
3.487500 0.587198 0.017612
3.492500 0.571764 0.003871
3.497500 0.603586 0.015581
3.502500 0.612249 0.009678
3.507500 0.625448 0.006908
3.512500 0.635524 0.010248
3.517500 0.644498 0.020046
3.522500 0.645631 0.013063
3.527500 0.636496 0.003698
3.532500 0.628456 0.004207
3.537500 0.631674 0.007159
3.542500 0.634941 0.004169
3.547500 0.635320 0.006776
3.552500 0.670369 0.006576
3.557500 0.688652 0.006844
3.562500 0.691496 0.003323
3.567500 0.687106 0.003957
3.572500 0.702637 0.004712
3.577500 0.710302 0.003550
3.582500 0.704137 0.001961
3.587500 0.711059 0.005399
3.592500 0.717899 0.004977
3.597500 0.726937 0.008805
3.602500 0.731480 0.008710
3.607500 0.721540 0.006977
3.612500 0.710747 0.014883
3.617500 0.733836 0.004553
3.622500 0.730809 0.014455
3.627500 0.734340 0.012488
3.632500 0.733745 0.008742
3.637500 0.734840 0.005669
3.642500 0.748287 0.004301
3.647500 0.755497 0.011491
3.652500 0.757826 0.007282
3.657500 0.756443 0.007547
3.662500 0.754979 0.003952
3.667500 0.758582 0.004249
3.672500 0.745689 0.003222
3.677500 0.754492 0.015512
3.682500 0.754987 0.014546
3.687500 0.771469 0.008928
3.692500 0.776678 0.006855
3.697500 0.767348 0.011600
3.702500 0.765111 0.004218
3.707500 0.774962 0.004020
3.712500 0.785530 0.005853
3.717500 0.770927 0.009235
3.722500 0.766239 0.004020
3.727500 0.756412 0.001400
3.732500 0.752303 0.009376
3.737500 0.765475 0.005181
3.742500 0.756550 0.007279
3.747500 0.754417 0.013685
3.752500 0.748249 0.005581
3.757500 0.749323 0.002267
3.762500 0.746125 0.008500
3.767500 0.758647 0.011054
3.772500 0.744710 0.004103
3.777500 0.745887 0.006257
3.782500 0.748532 0.011614
3.787500 0.727863 0.004132
3.792500 0.725306 0.019056
3.797500 0.707243 0.011192
3.802500 0.714682 0.007699
3.807500 0.720078 0.005423
3.812500 0.702838 0.010200
3.817500 0.695339 0.002379
3.822500 0.716122 0.018254
3.827500 0.721936 0.016043
3.832500 0.689069 0.016624
3.837500 0.680965 0.006199
3.842500 0.681622 0.005484
3.847500 0.697396 0.005476
3.852500 0.695638 0.004516
3.857500 0.698997 0.006632
3.862500 0.689147 0.017674
3.867500 0.678396 0.005726
3.872500 0.668932 0.004380
3.877500 0.650261 0.004817
3.882500 0.675208 0.008761
3.887500 0.682508 0.013528
3.892500 0.647334 0.005598
3.897500 0.637772 0.004767
3.902500 0.643558 0.009369
3.907500 0.658939 0.016603
3.912500 0.664023 0.010700
3.917500 0.661341 0.003278
3.922500 0.647925 0.010038
3.927500 0.641854 0.012278
3.932500 0.630474 0.010406
3.937500 0.618757 0.004932
3.942500 0.618883 0.004252
3.947500 0.641168 0.008452
3.952500 0.636081 0.009618
3.957500 0.627948 0.017005
3.962500 0.602064 0.016328
3.967500 0.591173 0.006716
3.972500 0.604674 0.005121
3.977500 0.585195 0.004139
3.982500 0.603366 0.006870
3.987500 0.594026 0.009667
3.992500 0.573581 0.003369
3.997500 0.582309 0.008238
4.002500 0.562383 0.006192
4.007500 0.566200 0.005601
4.012500 0.552265 0.004917
4.017500 0.548274 0.011697
4.022500 0.531774 0.014019
4.027500 0.543779 0.017109
4.032500 0.507085 0.007871
4.037500 0.488695 0.002234
4.042500 0.467076 0.006895
4.047500 0.449534 0.007338
4.052500 0.427384 0.001679
4.057500 0.401526 0.006983
4.062500 0.385251 0.007175
4.067500 0.370322 0.018642
4.072500 0.375436 0.009343
4.077500 0.369365 0.011084
4.082500 0.365368 0.010367
4.087500 0.373208 0.012293
4.092500 0.404163 0.010719
4.097500 0.423499 0.008209
4.102500 0.406894 0.008343
4.107500 0.392667 0.008878
4.112500 0.424412 0.027186
4.117500 0.414821 0.016708
4.122500 0.439376 0.020495
4.127500 0.410729 0.004180
4.132500 0.422851 0.014549
4.137500 0.439477 0.007414
4.142500 0.452393 0.013670
4.147500 0.485150 0.019700
4.152500 0.503324 0.010773
4.157500 0.521525 0.010097
4.162500 0.537722 0.005161
4.167500 0.592438 0.013439
4.172500 0.631019 0.009771
4.177500 0.688412 0.029350
4.182500 0.753734 0.024192
4.187500 0.888651 0.017002
4.192500 0.981938 0.010738
4.197500 1.050232 0.038026
4.202500 1.013208 0.050503
4.207500 0.889781 0.025784
4.212500 0.723378 0.027392
4.217500 0.602667 0.005822
4.222500 0.540718 0.005909
4.227500 0.481043 0.011464
4.232500 0.450628 0.008366
4.237500 0.424540 0.013594
4.242500 0.411973 0.018628
4.247500 0.409224 0.013309
4.252500 0.445718 0.006382
4.257500 0.436275 0.011403
4.262500 0.423695 0.005130
4.267500 0.405773 0.011783
4.272500 0.367203 0.020914
4.277500 0.371130 0.017168
4.282500 0.461114 0.018554
4.287500 0.529025 0.015881
4.292500 0.640692 0.008850
4.297500 0.761805 0.013120
4.302500 0.880579 0.012316
4.307500 1.028238 0.011924
4.312500 1.108265 0.010881
4.317500 1.153785 0.006966
4.322500 1.164269 0.021438
4.327500 1.153479 0.010386
4.332500 1.115246 0.009321
4.337500 1.094127 0.011792
4.342500 1.085547 0.014569
4.347500 1.094863 0.003824
4.352500 1.105983 0.018867
4.357500 1.096215 0.005198
4.362500 1.013185 0.009728
4.367500 0.941409 0.015939
4.372500 0.781789 0.043385
4.377500 0.618899 0.026059
4.382500 0.576364 0.031972
4.387500 0.633314 0.038138
4.392500 0.768352 0.019334
4.397500 0.859864 0.019304
4.402500 0.916654 0.019740
4.407500 0.924383 0.011689
4.412500 0.896773 0.010981
4.417500 0.931324 0.011511
4.422500 0.937161 0.008643
4.427500 0.975228 0.004448
4.432500 0.948960 0.008934
4.437500 0.908871 0.005441
4.442500 0.920775 0.013795
4.447500 0.944963 0.019100
4.452500 0.932247 0.008958
4.457500 0.939962 0.039142
4.462500 0.945768 0.016275
4.467500 0.926809 0.011246
4.472500 0.906929 0.013811
4.477500 0.856358 0.011678
4.482500 0.853693 0.020247
4.487500 0.911043 0.019593
4.492500 0.930085 0.005684
4.497500 0.931942 0.003154
4.502500 0.940091 0.008232
4.507500 0.906777 0.040795
4.512500 0.890895 0.031738
4.517500 0.944552 0.013268
4.522500 0.936378 0.002894
4.527500 0.904628 0.010638
4.532500 0.931872 0.012049
4.537500 0.934477 0.014545
4.542500 0.990673 0.013157
4.547500 0.971965 0.017232
4.552500 0.911310 0.014053
4.557500 0.898814 0.007662
4.562500 0.923296 0.017037
4.567500 0.937146 0.007258
4.572500 0.921246 0.004676
4.577500 0.912363 0.027160
4.582500 0.910648 0.017177
4.587500 0.900434 0.007403
4.592500 0.887524 0.010374
4.597500 0.872290 0.026329
4.602500 0.851395 0.004859
4.607500 0.837596 0.019828
4.612500 0.874702 0.009049
4.617500 0.890599 0.030060
4.622500 0.856088 0.011963
4.627500 0.838063 0.012453
4.632500 0.830952 0.017275
4.637500 0.845413 0.001569
4.642500 0.837647 0.018879
4.647500 0.803525 0.029483
4.652500 0.796291 0.011094
4.657500 0.766982 0.010464
4.662500 0.698349 0.017251
4.667500 0.592124 0.022420
4.672500 0.552391 0.032189
4.677500 0.532113 0.036426
4.682500 0.494791 0.015493
4.687500 0.545365 0.009334
4.692500 0.602366 0.036882
4.697500 0.665836 0.026396
4.702500 0.793275 0.006945
4.707500 0.857485 0.008788
4.712500 0.835420 0.005193
4.717500 0.890984 0.017915
4.722500 0.939505 0.009276
4.727500 0.895938 0.007981
4.732500 0.923757 0.029217
4.737500 0.946743 0.038533
4.742500 0.950981 0.032656
4.747500 0.984132 0.022898
4.752500 0.944066 0.028774
4.757500 0.971213 0.020916
4.762500 0.946700 0.051210
4.767500 0.970473 0.019134
4.772500 0.974805 0.023095
4.777500 0.966508 0.009197
4.782500 0.960996 0.005951
4.787500 0.972493 0.029202
4.792500 0.951804 0.015832
4.797500 0.939874 0.024087
4.802500 0.931357 0.005741
4.807500 0.980343 0.016684
4.812500 1.018436 0.008290
4.817500 0.984191 0.019709
4.822500 0.948288 0.033851
4.827500 0.926366 0.066747
4.832500 0.858513 0.054629
4.837500 0.942962 0.006697
4.842500 0.982107 0.023980
4.847500 1.035596 0.028074
4.852500 1.011667 0.006078
4.857500 0.943733 0.015825
4.862500 0.910362 0.010518
4.867500 0.884493 0.029140
4.872500 0.949168 0.032861
4.877500 0.961006 0.011509
4.882500 0.948145 0.010271
4.887500 0.923900 0.012273
4.892500 0.886948 0.016342
4.897500 0.898294 0.008632
4.902500 0.871100 0.013303
4.907500 0.876862 0.016076
4.912500 0.902821 0.024951
4.917500 0.957540 0.015136
4.922500 0.960311 0.042009
4.927500 1.003849 0.013053
4.932500 1.011436 0.038582
4.937500 0.940034 0.020713
4.942500 0.945934 0.043893
4.947500 1.001913 0.016037
4.952500 0.982272 0.040926
4.957500 0.919598 0.018002
4.962500 0.912637 0.012405
4.967500 1.011777 0.038358
4.972500 1.015194 0.011536
4.977500 0.966795 0.021750
4.982500 0.964210 0.015099
4.987500 0.979057 0.019357
4.992500 1.017202 0.055903
4.997500 1.021780 0.057843
5.002500 0.959201 0.027155
5.007500 0.929046 0.042740
5.012500 0.940973 0.028834
5.017500 0.969476 0.029704
5.022500 0.943327 0.037856
5.027500 0.947298 0.026610
5.032500 0.952088 0.006878
5.037500 0.969847 0.037196
5.042500 0.938013 0.049768
5.047500 0.943222 0.022429
5.052500 0.871687 0.040522
5.057500 0.886782 0.018230
5.062500 0.877513 0.018638
5.067500 0.906360 0.018530
5.072500 0.963418 0.018328
5.077500 0.929660 0.034364
5.082500 0.833863 0.018733
5.087500 0.857992 0.029864
5.092500 0.915018 0.014317
5.097500 0.929335 0.027361
