# DATE = 2025-03-12
# PIPE_VER = 1.17.1
# PMAP = jwst_1322.pmap
# STANDARD_STAR = SNAP-2
# 
# Wavelength (microns), arbitrary reflectance, uncertainty
0.702500 0.730914 0.021535
0.707500 0.730952 0.016615
0.712500 0.726537 0.013147
0.717500 0.736464 0.009581
0.722500 0.729197 0.010108
0.727500 0.756191 0.010344
0.732500 0.756377 0.006874
0.737500 0.754126 0.007396
0.742500 0.753980 0.011600
0.747500 0.772467 0.007734
0.752500 0.775883 0.013648
0.757500 0.771787 0.016416
0.762500 0.768525 0.009640
0.767500 0.789839 0.017091
0.772500 0.791339 0.014640
0.777500 0.791722 0.014448
0.782500 0.805030 0.005292
0.787500 0.773793 0.010127
0.792500 0.748671 0.006678
0.797500 0.763544 0.011474
0.802500 0.801350 0.009885
0.807500 0.824375 0.009532
0.812500 0.826813 0.008928
0.817500 0.826950 0.006079
0.822500 0.824519 0.009447
0.827500 0.822340 0.010653
0.832500 0.826844 0.005810
0.837500 0.822753 0.009805
0.842500 0.828085 0.007311
0.847500 0.832422 0.005984
0.852500 0.836488 0.006987
0.857500 0.836828 0.012688
0.862500 0.841770 0.008385
0.867500 0.846136 0.007474
0.872500 0.850692 0.010112
0.877500 0.863048 0.011344
0.882500 0.867650 0.015416
0.887500 0.875086 0.017940
0.892500 0.866574 0.010298
0.897500 0.864046 0.008909
0.902500 0.861930 0.012777
0.907500 0.861931 0.013922
0.912500 0.870772 0.016279
0.917500 0.879701 0.015777
0.922500 0.884065 0.012874
0.927500 0.875181 0.011053
0.932500 0.874819 0.007099
0.937500 0.881971 0.013087
0.942500 0.890325 0.016312
0.947500 0.890306 0.014099
0.952500 0.889185 0.013806
0.957500 0.894429 0.010801
0.962500 0.893980 0.011436
0.967500 0.895716 0.014248
0.972500 0.900500 0.007898
0.977500 0.911246 0.009138
0.982500 0.910634 0.005427
0.987500 0.915923 0.006052
0.992500 0.930832 0.015506
0.997500 0.936635 0.012724
1.002500 0.940485 0.010764
1.007500 0.936470 0.013870
1.012500 0.929721 0.012637
1.017500 0.937870 0.014970
1.022500 0.941178 0.014680
1.027500 0.937425 0.013715
1.032500 0.936262 0.018378
1.037500 0.934966 0.017066
1.042500 0.934792 0.017543
1.047500 0.933252 0.017637
1.052500 0.930904 0.014632
1.057500 0.935365 0.018690
1.062500 0.944990 0.015190
1.067500 0.945368 0.014335
1.072500 0.944549 0.014061
1.077500 0.941353 0.012805
1.082500 0.943913 0.009013
1.087500 0.948193 0.010292
1.092500 0.949441 0.009076
1.097500 0.941846 0.005923
1.102500 0.946946 0.008228
1.107500 0.952520 0.008435
1.112500 0.964346 0.013208
1.117500 0.973294 0.016559
1.122500 0.972769 0.015857
1.127500 0.972038 0.022873
1.132500 0.975263 0.021840
1.137500 0.979632 0.020965
1.142500 0.990543 0.011909
1.147500 0.984241 0.011315
1.152500 0.982058 0.008783
1.157500 0.977931 0.009004
1.162500 0.979429 0.011143
1.167500 0.981172 0.011372
1.172500 0.979863 0.014738
1.177500 0.986082 0.013957
1.182500 0.983788 0.012890
1.187500 0.990072 0.015081
1.192500 1.000034 0.011333
1.197500 1.003585 0.014279
1.202500 1.004866 0.013239
1.207500 0.998321 0.016480
1.212500 0.995886 0.015393
1.217500 0.992235 0.017696
1.222500 0.987680 0.013828
1.227500 0.992297 0.010383
1.232500 1.010883 0.009931
1.237500 1.004183 0.013565
1.242500 0.999886 0.015046
1.247500 1.002694 0.017021
1.252500 0.988693 0.012548
1.257500 0.986091 0.010343
1.262500 0.984298 0.013186
1.267500 0.980235 0.010925
1.272500 0.990935 0.018310
1.277500 0.996729 0.015820
1.282500 1.004643 0.015057
1.287500 1.010441 0.015166
1.292500 1.009453 0.021204
1.297500 1.004591 0.023200
1.302500 0.997225 0.022028
1.307500 0.992990 0.016695
1.312500 0.992424 0.015347
1.317500 1.002977 0.017819
1.322500 1.011873 0.019765
1.327500 1.014981 0.014863
1.332500 1.013172 0.018266
1.337500 1.011671 0.021995
1.342500 1.001636 0.015787
1.347500 1.001669 0.015970
1.352500 1.003609 0.016606
1.357500 1.005583 0.018366
1.362500 1.009604 0.018817
1.367500 1.014649 0.017868
1.372500 1.016476 0.015772
1.377500 1.009017 0.015419
1.382500 1.014453 0.015573
1.387500 1.016260 0.018226
1.392500 1.016111 0.019743
1.397500 1.014971 0.024100
1.402500 1.009101 0.018783
1.407500 1.009820 0.018533
1.412500 1.013684 0.020761
1.417500 1.015303 0.021800
1.422500 1.016835 0.017731
1.427500 1.018644 0.012827
1.432500 1.018587 0.013034
1.437500 1.018177 0.017696
1.442500 1.007413 0.011528
1.447500 1.006073 0.010067
1.452500 1.002567 0.013278
1.457500 1.006281 0.015384
1.462500 1.007585 0.022010
1.467500 1.011977 0.022065
1.472500 1.015237 0.021710
1.477500 1.010242 0.021578
1.482500 1.007473 0.018986
1.487500 1.013226 0.019270
1.492500 1.015922 0.020828
1.497500 1.012138 0.023350
1.502500 1.015495 0.022297
1.507500 1.017078 0.022508
1.512500 1.010676 0.022130
1.517500 1.007856 0.023305
1.522500 1.000816 0.019386
1.527500 1.002487 0.019884
1.532500 1.006237 0.017875
1.537500 1.007783 0.016088
1.542500 1.005871 0.016147
1.547500 1.011233 0.015739
1.552500 1.011242 0.014244
1.557500 1.014409 0.017266
1.562500 1.007935 0.011747
1.567500 1.008015 0.010014
1.572500 1.004173 0.020306
1.577500 0.995909 0.025988
1.582500 0.995881 0.023258
1.587500 0.995977 0.018044
1.592500 1.001110 0.019920
1.597500 1.009393 0.023445
1.602500 1.008383 0.022191
1.607500 1.012108 0.024900
1.612500 1.010615 0.025857
1.617500 1.004877 0.023682
1.622500 1.009506 0.023221
1.627500 1.010164 0.021545
1.632500 1.019329 0.020756
1.637500 1.027788 0.020279
1.642500 1.030529 0.021891
1.647500 1.034808 0.021529
1.652500 1.029958 0.025011
1.657500 0.995184 0.005203
1.662500 1.013110 0.012791
1.667500 1.017178 0.014749
1.672500 1.023047 0.007993
1.677500 1.031354 0.010970
1.682500 1.039955 0.016993
1.687500 1.044582 0.014842
1.692500 1.035631 0.023031
1.697500 1.025327 0.016585
1.702500 1.028704 0.021307
1.707500 1.037842 0.021098
1.712500 1.044940 0.019818
1.717500 1.042147 0.016980
1.722500 1.049829 0.005797
1.727500 1.051773 0.008716
1.732500 1.038303 0.019575
1.737500 1.032061 0.018039
1.742500 1.028124 0.015687
1.747500 1.033373 0.014797
1.752500 1.032136 0.017769
1.757500 1.035310 0.016171
1.762500 1.029713 0.016107
1.767500 1.031834 0.018466
1.772500 1.029263 0.018075
1.777500 1.026390 0.014598
1.782500 1.031951 0.014979
1.787500 1.033772 0.018802
1.792500 1.033127 0.022927
1.797500 1.028878 0.017668
1.802500 1.033452 0.014895
1.807500 1.037597 0.020223
1.812500 1.024442 0.022410
1.817500 1.030953 0.019200
1.822500 1.032645 0.022493
1.827500 1.024274 0.026895
1.832500 1.028139 0.024779
1.837500 1.027018 0.016352
1.842500 1.034180 0.018637
1.847500 1.037674 0.020893
1.852500 1.035833 0.019001
1.857500 1.039433 0.018343
1.862500 1.048413 0.018986
1.867500 1.051360 0.020391
1.872500 1.045169 0.015848
1.877500 1.043089 0.010726
1.882500 1.045326 0.013592
1.887500 1.051738 0.013661
1.892500 1.054323 0.014821
1.897500 1.057293 0.012895
1.902500 1.054856 0.012768
1.907500 1.054450 0.012019
1.912500 1.050532 0.005607
1.917500 1.056026 0.005803
1.922500 1.045484 0.020206
1.927500 1.029114 0.011488
1.932500 1.029653 0.007670
1.937500 1.034506 0.010986
1.942500 1.020624 0.020478
1.947500 1.014276 0.019427
1.952500 1.011399 0.019135
1.957500 1.020943 0.012483
1.962500 1.025659 0.011649
1.967500 1.027990 0.010348
1.972500 1.030720 0.012425
1.977500 1.020579 0.019925
1.982500 1.018258 0.019205
1.987500 1.021837 0.017604
1.992500 1.024295 0.016585
1.997500 1.011613 0.019934
2.002500 1.013760 0.017942
2.007500 1.001941 0.017579
2.012500 1.003691 0.013710
2.017500 1.018320 0.018467
2.022500 1.026837 0.015678
2.027500 1.026652 0.018862
2.032500 1.028126 0.023690
2.037500 1.012580 0.019590
2.042500 1.007604 0.018672
2.047500 1.017579 0.018767
2.052500 1.014251 0.023059
2.057500 1.022318 0.015719
2.062500 1.018900 0.015442
2.067500 1.016384 0.014457
2.072500 1.025119 0.013751
2.077500 1.022491 0.011215
2.082500 1.032561 0.010862
2.087500 1.024031 0.015230
2.092500 1.027033 0.014734
2.097500 1.034256 0.013898
2.102500 1.033041 0.017611
2.107500 1.026368 0.020414
2.112500 1.028503 0.015431
2.117500 1.033169 0.012489
2.122500 1.024153 0.010593
2.127500 1.017692 0.016234
2.132500 1.028009 0.012692
2.137500 1.021239 0.010677
2.142500 1.036531 0.014284
2.147500 1.043638 0.006395
2.152500 1.036936 0.007860
2.157500 1.044650 0.012050
2.162500 1.036819 0.010924
2.167500 1.041787 0.012966
2.172500 1.047271 0.014445
2.177500 1.038966 0.011268
2.182500 1.032916 0.013734
2.187500 1.035862 0.013435
2.192500 1.035278 0.011048
2.197500 1.049553 0.008441
2.202500 1.038895 0.009085
2.207500 1.046061 0.007984
2.212500 1.043090 0.018495
2.217500 1.045699 0.016705
2.222500 1.057140 0.010620
2.227500 1.055896 0.010458
2.232500 1.055237 0.005248
2.237500 1.049134 0.009382
2.242500 1.048020 0.011050
2.247500 1.046230 0.007401
2.252500 1.050992 0.006421
2.257500 1.047347 0.008214
2.262500 1.030308 0.008421
2.267500 1.032066 0.007295
2.272500 1.042424 0.008212
2.277500 1.036231 0.006760
2.282500 1.040419 0.004482
2.287500 1.035953 0.004357
2.292500 1.030240 0.009344
2.297500 1.038446 0.007698
2.302500 1.036975 0.006063
2.307500 1.044332 0.006853
2.312500 1.048013 0.010930
2.317500 1.042747 0.008874
2.322500 1.045846 0.005986
2.327500 1.025003 0.021885
2.332500 1.017919 0.018325
2.337500 1.015558 0.008370
2.342500 1.019695 0.008788
2.347500 1.025897 0.004121
2.352500 1.026593 0.003793
2.357500 1.027881 0.004372
2.362500 1.032927 0.003997
2.367500 1.038392 0.004394
2.372500 1.026051 0.003182
2.377500 1.028481 0.004036
2.382500 1.032034 0.016232
2.387500 1.034340 0.014736
2.392500 1.034207 0.006960
2.397500 1.019153 0.013526
2.402500 1.013910 0.009660
2.407500 1.012975 0.009079
2.412500 1.031791 0.019938
2.417500 1.031491 0.014366
2.422500 1.037095 0.009009
2.427500 1.028712 0.011402
2.432500 1.019032 0.004718
2.437500 1.019562 0.007613
2.442500 1.006745 0.002636
2.447500 1.012842 0.008375
2.452500 1.021317 0.005979
2.457500 1.015757 0.002679
2.462500 1.017780 0.002040
2.467500 1.017753 0.006047
2.472500 1.010953 0.007355
2.477500 1.006138 0.012940
2.482500 1.015100 0.008200
2.487500 1.011754 0.005965
2.492500 1.012073 0.003273
2.497500 1.012188 0.008886
2.502500 1.014139 0.005631
2.507500 1.006726 0.003367
2.512500 1.009979 0.001927
2.517500 1.012877 0.011234
2.522500 1.015456 0.010763
2.527500 1.009199 0.008754
2.532500 1.009993 0.005662
2.537500 1.017716 0.003619
2.542500 1.018936 0.003920
2.547500 1.021316 0.009668
2.552500 1.025058 0.008633
2.557500 1.016053 0.002641
2.562500 1.000052 0.001819
2.567500 1.003929 0.004370
2.572500 1.005998 0.005884
2.577500 1.011989 0.005919
2.582500 1.008718 0.011184
2.587500 1.005913 0.005560
2.592500 1.002590 0.002047
2.597500 1.001276 0.004470
2.602500 1.000000 0.008706
2.607500 0.990352 0.008767
2.612500 0.989581 0.009040
2.617500 0.991755 0.011860
2.622500 0.979209 0.005634
2.627500 0.979300 0.007616
2.632500 0.984575 0.003398
2.637500 0.979335 0.006289
2.642500 0.968802 0.004126
2.647500 0.958175 0.002151
2.652500 0.928334 0.010520
2.657500 0.905105 0.009766
2.662500 0.881123 0.004324
2.667500 0.849339 0.009253
2.672500 0.807767 0.002351
2.677500 0.758719 0.012687
2.682500 0.721316 0.012757
2.687500 0.699618 0.008007
2.692500 0.685340 0.002344
2.697500 0.685448 0.015113
2.702500 0.685399 0.009909
2.707500 0.742043 0.020649
2.712500 0.793642 0.015052
2.717500 0.816263 0.006147
2.722500 0.835075 0.011930
2.727500 0.850107 0.021627
2.732500 0.820506 0.019862
2.737500 0.797905 0.006691
2.742500 0.780294 0.005704
2.747500 0.737582 0.012203
2.752500 0.735233 0.005000
2.757500 0.710564 0.016798
2.762500 0.689452 0.006432
2.767500 0.662270 0.002674
2.772500 0.641156 0.006744
2.777500 0.627073 0.004412
2.782500 0.622659 0.003638
2.787500 0.620281 0.005609
2.792500 0.625173 0.009543
2.797500 0.624973 0.008608
2.802500 0.619338 0.004774
2.807500 0.609956 0.004924
2.812500 0.588724 0.009320
2.817500 0.564125 0.000994
2.822500 0.551284 0.004254
2.827500 0.520566 0.011185
2.832500 0.498861 0.005605
2.837500 0.480431 0.003123
2.842500 0.469213 0.006623
2.847500 0.443031 0.001992
2.852500 0.419380 0.005504
2.857500 0.401395 0.002562
2.862500 0.383425 0.007487
2.867500 0.349728 0.009820
2.872500 0.339178 0.003222
2.877500 0.314092 0.009543
2.882500 0.314092 0.003883
2.887500 0.284401 0.012437
2.892500 0.273981 0.015911
2.897500 0.281491 0.007806
2.902500 0.276447 0.006487
2.907500 0.270216 0.006356
2.912500 0.261891 0.004196
2.917500 0.254609 0.004936
2.922500 0.237821 0.007748
2.927500 0.225626 0.002695
2.932500 0.221596 0.001122
2.937500 0.217875 0.001822
2.942500 0.213616 0.006871
2.947500 0.207907 0.005157
2.952500 0.207377 0.004682
2.957500 0.201863 0.010313
2.962500 0.192802 0.005709
2.967500 0.192804 0.004467
2.972500 0.194115 0.001581
2.977500 0.182631 0.004028
2.982500 0.181290 0.005593
2.987500 0.177256 0.006586
2.992500 0.177304 0.009013
2.997500 0.175289 0.008773
3.002500 0.167720 0.006156
3.007500 0.178642 0.005990
3.012500 0.179353 0.010180
3.017500 0.174584 0.009896
3.022500 0.166040 0.013302
3.027500 0.170715 0.011341
3.032500 0.171318 0.005628
3.037500 0.171117 0.007934
3.042500 0.169597 0.007303
3.047500 0.163842 0.005096
3.052500 0.167404 0.007022
3.057500 0.172226 0.004774
3.062500 0.177309 0.003898
3.067500 0.173781 0.005066
3.072500 0.178945 0.002190
3.077500 0.174932 0.002633
3.082500 0.186099 0.006606
3.087500 0.184903 0.004245
3.092500 0.187423 0.007707
3.097500 0.176411 0.005043
3.102500 0.177656 0.003159
3.107500 0.176292 0.005183
3.112500 0.174602 0.012277
3.117500 0.168280 0.013439
3.122500 0.177141 0.005870
3.127500 0.196461 0.007586
3.132500 0.194006 0.006382
3.137500 0.189845 0.004279
3.142500 0.187191 0.005004
3.147500 0.189089 0.002403
3.152500 0.192169 0.001232
3.157500 0.201401 0.004727
3.162500 0.208823 0.005184
3.167500 0.211651 0.005984
3.172500 0.211482 0.004290
3.177500 0.216684 0.004956
3.182500 0.220735 0.001997
3.187500 0.218575 0.007031
3.192500 0.227000 0.005643
3.197500 0.237461 0.004788
3.202500 0.239150 0.005168
3.207500 0.241590 0.010430
3.212500 0.253960 0.002307
3.217500 0.252925 0.003413
3.222500 0.256132 0.002613
3.227500 0.263268 0.005492
3.232500 0.276503 0.007861
3.237500 0.289971 0.011080
3.242500 0.294536 0.006204
3.247500 0.327547 0.012324
3.252500 0.327526 0.006822
3.257500 0.351938 0.004917
3.262500 0.360993 0.003179
3.267500 0.367617 0.003026
3.272500 0.387063 0.008623
3.277500 0.397962 0.004543
3.282500 0.406522 0.003986
3.287500 0.419800 0.006169
3.292500 0.437935 0.003948
3.297500 0.449487 0.003965
3.302500 0.460525 0.004915
3.307500 0.476381 0.007834
3.312500 0.480656 0.003048
3.317500 0.492178 0.007643
3.322500 0.488748 0.006506
3.327500 0.493125 0.004391
3.332500 0.491560 0.007338
3.337500 0.501118 0.007635
3.342500 0.512452 0.004399
3.347500 0.523049 0.005245
3.352500 0.519153 0.008174
3.357500 0.500933 0.011215
3.362500 0.501073 0.006490
3.367500 0.522782 0.016107
3.372500 0.518332 0.004788
3.377500 0.520815 0.008155
3.382500 0.522836 0.020379
3.387500 0.514698 0.015188
3.392500 0.519475 0.011835
3.397500 0.521418 0.012741
3.402500 0.528052 0.013504
3.407500 0.513928 0.015025
3.412500 0.513383 0.012424
3.417500 0.513080 0.010421
3.422500 0.530151 0.004398
3.427500 0.536228 0.010064
3.432500 0.548290 0.013493
3.437500 0.545139 0.024254
3.442500 0.556682 0.020616
3.447500 0.570208 0.017373
3.452500 0.580975 0.011229
3.457500 0.564789 0.004509
3.462500 0.575677 0.008930
3.467500 0.581612 0.013381
3.472500 0.590540 0.012562
3.477500 0.583687 0.011926
3.482500 0.578172 0.002338
3.487500 0.580556 0.003315
3.492500 0.603447 0.006737
3.497500 0.614579 0.001980
3.502500 0.636683 0.012211
3.507500 0.648317 0.013018
3.512500 0.635794 0.007150
3.517500 0.632285 0.015422
3.522500 0.639033 0.011550
3.527500 0.641348 0.009955
3.532500 0.635089 0.011705
3.537500 0.630423 0.008737
3.542500 0.617399 0.013933
3.547500 0.630469 0.004889
3.552500 0.675518 0.002558
3.557500 0.676396 0.004433
3.562500 0.699458 0.007767
3.567500 0.714292 0.009813
3.572500 0.733796 0.007121
3.577500 0.729638 0.013885
3.582500 0.733428 0.011917
3.587500 0.738849 0.003661
3.592500 0.760151 0.001586
3.597500 0.743983 0.015896
3.602500 0.745994 0.013308
3.607500 0.764638 0.005498
3.612500 0.773518 0.004853
3.617500 0.760042 0.007664
3.622500 0.744226 0.008948
3.627500 0.723963 0.012679
3.632500 0.718278 0.008346
3.637500 0.736725 0.006292
3.642500 0.740815 0.003279
3.647500 0.734120 0.012412
3.652500 0.724599 0.006613
3.657500 0.760748 0.013553
3.662500 0.777651 0.007371
3.667500 0.770030 0.006620
3.672500 0.808418 0.008749
3.677500 0.786937 0.017608
3.682500 0.746494 0.039727
3.687500 0.763151 0.015196
3.692500 0.764063 0.019251
3.697500 0.748931 0.006170
3.702500 0.767723 0.009102
3.707500 0.762299 0.008774
3.712500 0.746788 0.007349
3.717500 0.754869 0.016710
3.722500 0.728338 0.005493
3.727500 0.720090 0.005658
3.732500 0.729677 0.018034
3.737500 0.759022 0.009190
3.742500 0.747536 0.002842
3.747500 0.729732 0.002442
3.752500 0.712874 0.001473
3.757500 0.726318 0.013075
3.762500 0.740588 0.016182
3.767500 0.727862 0.029171
3.772500 0.733296 0.024847
3.777500 0.718219 0.017699
3.782500 0.729876 0.007907
3.787500 0.731357 0.006689
3.792500 0.742517 0.011935
3.797500 0.733581 0.005092
3.802500 0.736848 0.003382
3.807500 0.685590 0.002828
3.812500 0.675148 0.035915
3.817500 0.710738 0.029061
3.822500 0.699296 0.009951
3.827500 0.706171 0.012892
3.832500 0.712082 0.016813
3.837500 0.726011 0.027072
3.842500 0.723579 0.034290
3.847500 0.711784 0.010965
3.852500 0.736567 0.008852
3.857500 0.685102 0.016569
3.862500 0.681264 0.006064
3.867500 0.673987 0.002535
3.872500 0.669636 0.004009
3.877500 0.687894 0.010809
3.882500 0.715858 0.014360
3.887500 0.710790 0.016726
3.892500 0.685552 0.014285
3.897500 0.658880 0.007625
3.902500 0.654929 0.003539
3.907500 0.659659 0.011725
3.912500 0.666673 0.012949
3.917500 0.656453 0.011241
3.922500 0.665938 0.004456
3.927500 0.666141 0.015435
3.932500 0.634947 0.015396
3.937500 0.624400 0.017517
3.942500 0.613596 0.016289
3.947500 0.619244 0.016763
3.952500 0.632242 0.011984
3.957500 0.640415 0.015876
3.962500 0.616230 0.021917
3.967500 0.598531 0.011258
3.972500 0.595946 0.008390
3.977500 0.576897 0.010591
3.982500 0.571333 0.006640
3.987500 0.581736 0.004212
3.992500 0.587927 0.010324
3.997500 0.560894 0.001660
4.002500 0.559216 0.010910
4.007500 0.556412 0.017315
4.012500 0.569740 0.034870
4.017500 0.543401 0.026733
4.022500 0.516321 0.016069
4.027500 0.522464 0.010418
4.032500 0.492620 0.020420
4.037500 0.467151 0.018965
4.042500 0.474635 0.009940
4.047500 0.443663 0.012834
4.052500 0.429450 0.011945
4.057500 0.401853 0.005769
4.062500 0.405686 0.015533
4.067500 0.409660 0.003843
4.072500 0.418070 0.011155
4.077500 0.420031 0.003590
4.082500 0.422894 0.008457
4.087500 0.391166 0.019678
4.092500 0.389020 0.019721
4.097500 0.414525 0.016300
4.102500 0.414516 0.018071
4.107500 0.391093 0.021637
4.112500 0.421729 0.002905
4.117500 0.439787 0.005169
4.122500 0.424857 0.024341
4.127500 0.416312 0.038322
4.132500 0.453188 0.018461
4.137500 0.425726 0.012054
4.142500 0.453961 0.016164
4.147500 0.468632 0.017732
4.152500 0.477376 0.008842
4.157500 0.500211 0.007740
4.162500 0.505699 0.007800
4.167500 0.565195 0.003093
4.172500 0.616890 0.009386
4.177500 0.693922 0.012407
4.182500 0.756016 0.027335
4.187500 0.867508 0.012813
4.192500 0.962585 0.018684
4.197500 1.032685 0.027998
4.202500 1.020269 0.040005
4.207500 0.964973 0.005319
4.212500 0.793913 0.053999
4.217500 0.600254 0.037668
4.222500 0.535211 0.024324
4.227500 0.452054 0.029177
4.232500 0.425737 0.010551
4.237500 0.417875 0.034082
4.242500 0.408734 0.021558
4.247500 0.441641 0.007919
4.252500 0.459023 0.013942
4.257500 0.496722 0.003877
4.262500 0.472463 0.011200
4.267500 0.387705 0.018002
4.272500 0.348109 0.007248
4.277500 0.323934 0.028673
4.282500 0.382831 0.029515
4.287500 0.478506 0.022671
4.292500 0.591846 0.013272
4.297500 0.715058 0.033095
4.302500 0.815820 0.018065
4.307500 0.928143 0.027586
4.312500 1.038343 0.037958
4.317500 1.022807 0.041682
4.322500 1.061742 0.027273
4.327500 1.085681 0.027652
4.332500 1.088630 0.052688
4.337500 1.071853 0.048055
4.342500 1.029525 0.050343
4.347500 1.018366 0.054341
4.352500 1.046852 0.049054
4.357500 1.046227 0.058056
4.362500 0.990115 0.043804
4.367500 0.947633 0.018066
4.372500 0.842880 0.013479
4.377500 0.682884 0.009164
4.382500 0.603469 0.017213
4.387500 0.640441 0.021165
4.392500 0.732764 0.019787
4.397500 0.910325 0.002900
4.402500 0.939502 0.013699
4.407500 0.865259 0.016204
4.412500 0.858144 0.011449
4.417500 0.885346 0.008655
4.422500 0.917362 0.024894
4.427500 0.933227 0.013245
4.432500 0.897037 0.053803
4.437500 0.918377 0.039872
4.442500 0.932401 0.018866
4.447500 0.923652 0.016439
4.452500 0.930855 0.057020
4.457500 0.934202 0.018078
4.462500 0.970279 0.010801
4.467500 0.888597 0.026608
4.472500 0.871312 0.021324
4.477500 0.877261 0.014075
4.482500 0.883011 0.028416
4.487500 0.881349 0.035249
4.492500 0.879489 0.028163
4.497500 0.868073 0.018383
4.502500 0.844121 0.026613
4.507500 0.839055 0.048705
4.512500 0.894277 0.016689
4.517500 0.897652 0.018509
4.522500 0.874752 0.035292
4.527500 0.843571 0.052061
4.532500 0.865780 0.013608
4.537500 0.895712 0.032657
4.542500 0.903963 0.030247
4.547500 0.875669 0.019584
4.552500 0.827455 0.006659
4.557500 0.791480 0.032937
4.562500 0.747618 0.020475
4.567500 0.791541 0.020919
4.572500 0.842658 0.037996
4.577500 0.900477 0.027874
4.582500 0.891231 0.039690
4.587500 0.832176 0.039749
4.592500 0.837806 0.026625
4.597500 0.806386 0.025803
4.602500 0.797583 0.017504
4.607500 0.798617 0.039376
4.612500 0.779462 0.034246
4.617500 0.767786 0.040894
4.622500 0.795778 0.012024
4.627500 0.810822 0.033023
4.632500 0.797791 0.018951
4.637500 0.788471 0.014580
4.642500 0.777666 0.017658
4.647500 0.759533 0.018154
4.652500 0.795310 0.012026
4.657500 0.812112 0.004571
4.662500 0.697893 0.029361
4.667500 0.596481 0.034466
4.672500 0.494073 0.012362
4.677500 0.434716 0.041118
4.682500 0.462119 0.031812
4.687500 0.593811 0.053190
4.692500 0.688108 0.044726
4.697500 0.765713 0.004296
4.702500 0.767979 0.024282
4.707500 0.817954 0.018344
4.712500 0.889138 0.019271
4.717500 0.871756 0.024299
4.722500 0.823291 0.004631
4.727500 0.835797 0.016270
4.732500 0.850680 0.011187
4.737500 0.912549 0.018189
4.742500 0.922722 0.030802
4.747500 0.835045 0.010243
4.752500 0.911627 0.011169
4.757500 0.965765 0.042981
4.762500 0.909000 0.014785
4.767500 0.982727 0.007867
4.772500 0.896488 0.009686
4.777500 0.901911 0.021366
4.782500 0.934184 0.032683
4.787500 0.948564 0.035236
4.792500 0.954037 0.040735
4.797500 0.894692 0.032604
4.802500 0.923842 0.051812
4.807500 0.989088 0.078220
4.812500 1.014712 0.047848
4.817500 0.970469 0.036521
4.822500 0.911157 0.077450
4.827500 0.897740 0.037305
4.832500 0.900406 0.023912
4.837500 1.030216 0.065775
4.842500 0.957625 0.014708
4.847500 0.965264 0.038052
4.852500 0.971727 0.017883
4.857500 0.986921 0.018705
4.862500 0.969757 0.022073
4.867500 1.033892 0.013681
4.872500 1.010468 0.010068
4.877500 0.920165 0.022785
4.882500 0.967960 0.042521
4.887500 0.955931 0.070030
4.892500 0.905093 0.055891
4.897500 0.882102 0.028342
4.902500 0.881715 0.044065
4.907500 0.850659 0.064372
4.912500 0.865069 0.040018
4.917500 0.977380 0.032162
4.922500 0.975090 0.022163
4.927500 0.976447 0.033334
4.932500 1.011048 0.080175
4.937500 0.950843 0.016479
4.942500 0.882465 0.025732
4.947500 0.862349 0.061457
4.952500 0.836683 0.004957
4.957500 0.935358 0.025483
4.962500 0.916536 0.010684
4.967500 0.906931 0.023012
4.972500 0.838657 0.050718
4.977500 0.863917 0.049468
4.982500 0.866735 0.053359
4.987500 0.868568 0.033907
4.992500 0.875060 0.031226
4.997500 0.841253 0.017922
5.002500 0.861022 0.077552
5.007500 0.938054 0.070206
5.012500 0.893635 0.047233
5.017500 0.877996 0.020236
5.022500 0.952019 0.023081
5.027500 0.949076 0.015983
5.032500 0.798494 0.062371
5.037500 0.864872 0.032421
5.042500 0.927418 0.039868
5.047500 0.878796 0.008371
5.052500 0.856863 0.042593
5.057500 0.904292 0.009822
5.062500 0.929665 0.019094
5.067500 0.854385 0.042393
5.072500 0.927390 0.022007
5.077500 0.952774 0.039364
5.082500 0.937748 0.040200
5.087500 0.893603 0.003843
5.092500 0.953109 0.009091
5.097500 0.926158 0.035657
