# DATE = 2025-03-12
# PIPE_VER = 1.17.1
# PMAP = jwst_1322.pmap
# STANDARD_STAR = SNAP-2
# 
# Wavelength (microns), arbitrary reflectance, uncertainty
0.702500 0.854551 0.007964
0.707500 0.866582 0.010464
0.712500 0.866134 0.008984
0.717500 0.874655 0.013656
0.722500 0.890586 0.005666
0.727500 0.880204 0.017178
0.732500 0.882304 0.008005
0.737500 0.893015 0.012251
0.742500 0.880876 0.010793
0.747500 0.879467 0.007578
0.752500 0.905425 0.008611
0.757500 0.898927 0.017993
0.762500 0.901295 0.009521
0.767500 0.899490 0.006269
0.772500 0.903380 0.006852
0.777500 0.905350 0.010209
0.782500 0.909327 0.006969
0.787500 0.894888 0.006332
0.792500 0.878135 0.005420
0.797500 0.895588 0.005014
0.802500 0.916834 0.007282
0.807500 0.929496 0.009257
0.812500 0.928170 0.008545
0.817500 0.919217 0.008016
0.822500 0.933911 0.010301
0.827500 0.926936 0.008739
0.832500 0.922481 0.007407
0.837500 0.930682 0.004820
0.842500 0.929002 0.010995
0.847500 0.928629 0.008072
0.852500 0.923918 0.010021
0.857500 0.925514 0.009136
0.862500 0.930768 0.006370
0.867500 0.924807 0.004628
0.872500 0.930084 0.005570
0.877500 0.940040 0.005803
0.882500 0.942800 0.004488
0.887500 0.940145 0.010740
0.892500 0.944151 0.014076
0.897500 0.938550 0.007709
0.902500 0.940064 0.008873
0.907500 0.946995 0.011226
0.912500 0.955539 0.008838
0.917500 0.948422 0.008301
0.922500 0.952780 0.006040
0.927500 0.952403 0.005111
0.932500 0.959802 0.005039
0.937500 0.954309 0.005444
0.942500 0.960189 0.006504
0.947500 0.965515 0.011491
0.952500 0.966454 0.009750
0.957500 0.958609 0.006656
0.962500 0.961805 0.007470
0.967500 0.966735 0.009221
0.972500 0.969652 0.006858
0.977500 0.967617 0.006856
0.982500 0.979957 0.011501
0.987500 0.985935 0.010821
0.992500 0.985266 0.006743
0.997500 0.983444 0.007948
1.002500 0.985297 0.007237
1.007500 0.987989 0.005525
1.012500 0.990411 0.006110
1.017500 0.986998 0.005658
1.022500 0.989701 0.010115
1.027500 0.982186 0.010751
1.032500 0.983395 0.006586
1.037500 0.986782 0.006676
1.042500 0.984867 0.006573
1.047500 0.984842 0.007677
1.052500 0.981341 0.004636
1.057500 0.982193 0.004601
1.062500 0.982810 0.004523
1.067500 0.982425 0.003508
1.072500 0.988323 0.005634
1.077500 0.993847 0.006201
1.082500 1.001644 0.007926
1.087500 1.006171 0.007485
1.092500 1.003771 0.007255
1.097500 1.001048 0.007465
1.102500 1.001125 0.007551
1.107500 1.005813 0.009305
1.112500 1.010795 0.006623
1.117500 1.014582 0.007747
1.122500 1.013165 0.005751
1.127500 1.022379 0.007155
1.132500 1.032520 0.007919
1.137500 1.029120 0.005034
1.142500 1.029707 0.005084
1.147500 1.028158 0.005155
1.152500 1.025177 0.005235
1.157500 1.025393 0.006378
1.162500 1.024019 0.005013
1.167500 1.030737 0.005524
1.172500 1.028859 0.006216
1.177500 1.033186 0.007191
1.182500 1.042263 0.008343
1.187500 1.042066 0.008720
1.192500 1.043109 0.008444
1.197500 1.040849 0.007212
1.202500 1.042833 0.007381
1.207500 1.034946 0.005605
1.212500 1.043402 0.006896
1.217500 1.038239 0.006785
1.222500 1.029542 0.005122
1.227500 1.025625 0.005005
1.232500 1.026761 0.005694
1.237500 1.040950 0.005212
1.242500 1.045761 0.011466
1.247500 1.032290 0.009868
1.252500 1.033819 0.012824
1.257500 1.033409 0.005508
1.262500 1.025938 0.009486
1.267500 1.035980 0.005247
1.272500 1.025586 0.004728
1.277500 1.032515 0.009581
1.282500 1.042612 0.008036
1.287500 1.048297 0.008498
1.292500 1.059118 0.007385
1.297500 1.047511 0.006355
1.302500 1.041012 0.005512
1.307500 1.042786 0.005097
1.312500 1.043403 0.005046
1.317500 1.047132 0.007350
1.322500 1.050088 0.007985
1.327500 1.046080 0.009430
1.332500 1.044429 0.008858
1.337500 1.049050 0.009557
1.342500 1.043823 0.005429
1.347500 1.047806 0.004516
1.352500 1.047214 0.005003
1.357500 1.056568 0.004701
1.362500 1.062185 0.009782
1.367500 1.062902 0.009674
1.372500 1.062692 0.009652
1.377500 1.052096 0.005762
1.382500 1.055171 0.005834
1.387500 1.057345 0.005266
1.392500 1.061833 0.005200
1.397500 1.062087 0.006773
1.402500 1.054788 0.006127
1.407500 1.051010 0.005327
1.412500 1.054667 0.005922
1.417500 1.056484 0.005332
1.422500 1.053079 0.008146
1.427500 1.055992 0.007892
1.432500 1.058963 0.006568
1.437500 1.052534 0.005456
1.442500 1.055854 0.006558
1.447500 1.053577 0.008509
1.452500 1.048067 0.007436
1.457500 1.049043 0.007359
1.462500 1.041167 0.012362
1.467500 1.036454 0.015523
1.472500 1.039390 0.010836
1.477500 1.024705 0.006430
1.482500 1.021834 0.007221
1.487500 1.021493 0.008899
1.492500 1.016344 0.009872
1.497500 1.010265 0.006313
1.502500 1.002916 0.007078
1.507500 1.001152 0.012170
1.512500 0.997851 0.010630
1.517500 1.001742 0.011292
1.522500 0.996998 0.010826
1.527500 0.993326 0.014877
1.532500 0.991683 0.012060
1.537500 0.987088 0.010299
1.542500 0.989843 0.011436
1.547500 0.997119 0.010936
1.552500 1.005269 0.008968
1.557500 0.998340 0.009540
1.562500 0.995020 0.005098
1.567500 0.997410 0.005703
1.572500 1.007858 0.005209
1.577500 1.006288 0.004331
1.582500 1.003518 0.007640
1.587500 1.002288 0.006623
1.592500 1.006161 0.008736
1.597500 1.022212 0.015690
1.602500 1.020879 0.008858
1.607500 1.023130 0.009283
1.612500 1.027173 0.009157
1.617500 1.026737 0.008387
1.622500 1.034251 0.005519
1.627500 1.033179 0.005357
1.632500 1.040091 0.004354
1.637500 1.041357 0.007798
1.642500 1.026817 0.005259
1.647500 1.032469 0.005574
1.652500 1.032256 0.006430
1.657500 1.029624 0.011284
1.662500 1.026692 0.010929
1.667500 1.033301 0.011826
1.672500 1.044188 0.019341
1.677500 1.052410 0.011101
1.682500 1.075871 0.012510
1.687500 1.088152 0.019682
1.692500 1.084748 0.009945
1.697500 1.090593 0.006883
1.702500 1.090082 0.011442
1.707500 1.098983 0.013839
1.712500 1.095888 0.004162
1.717500 1.088013 0.004687
1.722500 1.067788 0.006106
1.727500 1.075870 0.005017
1.732500 1.079839 0.006630
1.737500 1.082144 0.011371
1.742500 1.079364 0.015541
1.747500 1.081404 0.015414
1.752500 1.074503 0.007806
1.757500 1.068033 0.004651
1.762500 1.064469 0.005938
1.767500 1.075234 0.006343
1.772500 1.075019 0.006595
1.777500 1.068455 0.007882
1.782500 1.064925 0.010206
1.787500 1.074083 0.009422
1.792500 1.071682 0.005044
1.797500 1.059082 0.006492
1.802500 1.063635 0.007491
1.807500 1.076484 0.006386
1.812500 1.069241 0.007377
1.817500 1.066483 0.014567
1.822500 1.073006 0.013637
1.827500 1.071119 0.014945
1.832500 1.072877 0.012420
1.837500 1.081378 0.006205
1.842500 1.094179 0.008382
1.847500 1.099796 0.005508
1.852500 1.096132 0.004787
1.857500 1.077854 0.018342
1.862500 1.088658 0.021522
1.867500 1.080596 0.011287
1.872500 1.077262 0.006679
1.877500 1.082059 0.004387
1.882500 1.091712 0.007527
1.887500 1.086636 0.004918
1.892500 1.088832 0.004072
1.897500 1.078311 0.005343
1.902500 1.080891 0.006672
1.907500 1.075802 0.007680
1.912500 1.069523 0.006870
1.917500 1.069675 0.007136
1.922500 1.064775 0.005679
1.927500 1.057906 0.010059
1.932500 1.034656 0.013091
1.937500 1.036834 0.015760
1.942500 1.030919 0.008369
1.947500 1.025013 0.008029
1.952500 1.021930 0.008323
1.957500 1.021773 0.005991
1.962500 1.017745 0.006839
1.967500 0.997049 0.006491
1.972500 0.993002 0.009218
1.977500 0.990716 0.006484
1.982500 0.976068 0.006478
1.987500 0.977418 0.006200
1.992500 0.975167 0.005379
1.997500 0.967533 0.005513
2.002500 0.953308 0.004420
2.007500 0.946027 0.005514
2.012500 0.952986 0.005768
2.017500 0.951158 0.005308
2.022500 0.947144 0.009686
2.027500 0.946930 0.010689
2.032500 0.948544 0.011170
2.037500 0.952637 0.007421
2.042500 0.946740 0.012250
2.047500 0.949825 0.013555
2.052500 0.950206 0.012832
2.057500 0.956082 0.011808
2.062500 0.956674 0.014518
2.067500 0.963412 0.014471
2.072500 0.972032 0.010602
2.077500 0.974477 0.010133
2.082500 0.978590 0.009917
2.087500 0.979618 0.009220
2.092500 0.984584 0.007319
2.097500 0.995309 0.008996
2.102500 1.000921 0.007248
2.107500 1.012870 0.012138
2.112500 1.018665 0.009508
2.117500 1.031594 0.006713
2.122500 1.033049 0.004173
2.127500 1.045056 0.006480
2.132500 1.055783 0.011207
2.137500 1.060541 0.012187
2.142500 1.060461 0.008297
2.147500 1.081958 0.012219
2.152500 1.092745 0.011699
2.157500 1.100363 0.009349
2.162500 1.079651 0.009919
2.167500 1.079410 0.008435
2.172500 1.087206 0.009436
2.177500 1.085382 0.006535
2.182500 1.076405 0.003641
2.187500 1.091935 0.013913
2.192500 1.097266 0.009622
2.197500 1.103039 0.005274
2.202500 1.119686 0.004273
2.207500 1.121755 0.005415
2.212500 1.116113 0.003362
2.217500 1.119657 0.005684
2.222500 1.124247 0.007464
2.227500 1.116334 0.007542
2.232500 1.110174 0.005938
2.237500 1.113543 0.003180
2.242500 1.113398 0.002859
2.247500 1.112560 0.005739
2.252500 1.110847 0.004474
2.257500 1.113953 0.005422
2.262500 1.122538 0.010083
2.267500 1.124398 0.008113
2.272500 1.129080 0.007984
2.277500 1.115600 0.003102
2.282500 1.102160 0.010580
2.287500 1.103481 0.013967
2.292500 1.104722 0.015294
2.297500 1.106734 0.013123
2.302500 1.106970 0.010074
2.307500 1.112182 0.009701
2.312500 1.101424 0.010100
2.317500 1.110113 0.003430
2.322500 1.105461 0.007478
2.327500 1.091359 0.006975
2.332500 1.082545 0.003720
2.337500 1.090470 0.003231
2.342500 1.096345 0.004080
2.347500 1.089029 0.012266
2.352500 1.083149 0.014032
2.357500 1.079971 0.004894
2.362500 1.096949 0.005342
2.367500 1.100877 0.009842
2.372500 1.106608 0.005595
2.377500 1.097117 0.007746
2.382500 1.064615 0.014168
2.387500 1.034706 0.028343
2.392500 1.032534 0.018192
2.397500 1.041779 0.015284
2.402500 1.046265 0.018649
2.407500 1.050547 0.009659
2.412500 1.049262 0.016497
2.417500 1.053607 0.007956
2.422500 1.057364 0.003582
2.427500 1.064435 0.008576
2.432500 1.059702 0.012086
2.437500 1.068902 0.010898
2.442500 1.052617 0.012832
2.447500 1.049979 0.004568
2.452500 1.052457 0.008697
2.457500 1.041046 0.005793
2.462500 1.041884 0.003477
2.467500 1.042835 0.008268
2.472500 1.031353 0.006306
2.477500 1.035394 0.004223
2.482500 1.035231 0.006962
2.487500 1.058040 0.002636
2.492500 1.034448 0.005828
2.497500 1.032741 0.007339
2.502500 1.019955 0.005801
2.507500 1.013542 0.013040
2.512500 1.017007 0.010536
2.517500 1.026608 0.006613
2.522500 1.037812 0.012000
2.527500 1.044211 0.015762
2.532500 1.031393 0.008578
2.537500 1.014724 0.010022
2.542500 0.997707 0.004634
2.547500 1.003124 0.003887
2.552500 1.007211 0.008095
2.557500 1.010623 0.012778
2.562500 1.015256 0.009524
2.567500 0.997040 0.006587
2.572500 1.005267 0.017328
2.577500 1.013703 0.024746
2.582500 0.999082 0.017542
2.587500 1.000734 0.013263
2.592500 1.000475 0.005979
2.597500 1.000000 0.007948
2.602500 0.990258 0.010786
2.607500 0.999155 0.015262
2.612500 1.003798 0.009993
2.617500 0.998572 0.014441
2.622500 1.000537 0.010232
2.627500 0.990477 0.007473
2.632500 0.975551 0.005501
2.637500 0.970544 0.006811
2.642500 0.986188 0.006244
2.647500 0.987235 0.018482
2.652500 1.000863 0.019260
2.657500 1.003618 0.019116
2.662500 1.002011 0.022084
2.667500 1.007235 0.027791
2.672500 0.985659 0.024677
2.677500 0.956178 0.026348
2.682500 0.960615 0.034529
2.687500 0.940639 0.022784
2.692500 0.947463 0.042170
2.697500 0.949800 0.037607
2.702500 0.920418 0.023726
2.707500 0.913148 0.036027
2.712500 0.909238 0.028688
2.717500 0.880331 0.025964
2.722500 0.887108 0.028351
2.727500 0.813762 0.021294
2.732500 0.791544 0.008223
2.737500 0.768572 0.006801
2.742500 0.752109 0.015522
2.747500 0.736746 0.003612
2.752500 0.719196 0.005556
2.757500 0.698581 0.008029
2.762500 0.664374 0.008736
2.767500 0.654091 0.003797
2.772500 0.624311 0.009029
2.777500 0.600447 0.002653
2.782500 0.582434 0.007828
2.787500 0.556800 0.014322
2.792500 0.538335 0.006821
2.797500 0.515470 0.008681
2.802500 0.486597 0.006134
2.807500 0.472640 0.001487
2.812500 0.450291 0.006557
2.817500 0.423624 0.004717
2.822500 0.416807 0.008402
2.827500 0.391033 0.003539
2.832500 0.369131 0.004745
2.837500 0.360283 0.004199
2.842500 0.342363 0.008801
2.847500 0.321251 0.001167
2.852500 0.302585 0.003646
2.857500 0.302254 0.002254
2.862500 0.289811 0.001506
2.867500 0.279936 0.004483
2.872500 0.267354 0.005145
2.877500 0.266348 0.006439
2.882500 0.268497 0.007555
2.887500 0.251647 0.003875
2.892500 0.247259 0.006649
2.897500 0.237798 0.002729
2.902500 0.234026 0.006596
2.907500 0.228139 0.005547
2.912500 0.218155 0.005253
2.917500 0.217688 0.002837
2.922500 0.197187 0.002505
2.927500 0.190954 0.003230
2.932500 0.172273 0.000776
2.937500 0.179614 0.004235
2.942500 0.184274 0.002800
2.947500 0.194590 0.003109
2.952500 0.202012 0.005839
2.957500 0.201525 0.001566
2.962500 0.184156 0.002284
2.967500 0.180224 0.008710
2.972500 0.184866 0.010505
2.977500 0.182722 0.007367
2.982500 0.182072 0.005023
2.987500 0.179351 0.004784
2.992500 0.181211 0.003162
2.997500 0.184843 0.004238
3.002500 0.185323 0.007426
3.007500 0.188597 0.011828
3.012500 0.195601 0.005642
3.017500 0.192016 0.011128
3.022500 0.193698 0.006842
3.027500 0.189553 0.005104
3.032500 0.198087 0.004023
3.037500 0.209659 0.003400
3.042500 0.209744 0.002394
3.047500 0.220557 0.010598
3.052500 0.228462 0.002703
3.057500 0.235317 0.001369
3.062500 0.245689 0.004065
3.067500 0.270931 0.012260
3.072500 0.276083 0.001656
3.077500 0.292026 0.008464
3.082500 0.291818 0.004965
3.087500 0.327293 0.029341
3.092500 0.378576 0.006196
3.097500 0.424893 0.004703
3.102500 0.413457 0.031817
3.107500 0.429908 0.014160
3.112500 0.415699 0.010057
3.117500 0.394879 0.013882
3.122500 0.379906 0.019118
3.127500 0.364873 0.006466
3.132500 0.342252 0.009429
3.137500 0.324910 0.008689
3.142500 0.310188 0.005213
3.147500 0.304621 0.004443
3.152500 0.289053 0.004676
3.157500 0.283004 0.003872
3.162500 0.269618 0.007289
3.167500 0.263528 0.007638
3.172500 0.266868 0.008142
3.177500 0.259312 0.007548
3.182500 0.255144 0.005765
3.187500 0.278909 0.014509
3.192500 0.280221 0.011672
3.197500 0.293547 0.008838
3.202500 0.279599 0.014617
3.207500 0.297647 0.007819
3.212500 0.303104 0.010238
3.217500 0.311941 0.003758
3.222500 0.315605 0.001771
3.227500 0.316672 0.005140
3.232500 0.336286 0.009188
3.237500 0.341988 0.009496
3.242500 0.339202 0.002816
3.247500 0.370060 0.005974
3.252500 0.378133 0.012491
3.257500 0.418258 0.003425
3.262500 0.465860 0.006269
3.267500 0.476092 0.005892
3.272500 0.495026 0.020603
3.277500 0.509302 0.020019
3.282500 0.527985 0.006944
3.287500 0.549525 0.011028
3.292500 0.583644 0.014612
3.297500 0.639662 0.005777
3.302500 0.662417 0.009300
3.307500 0.681239 0.007813
3.312500 0.696255 0.010474
3.317500 0.707350 0.003183
3.322500 0.746759 0.011353
3.327500 0.775904 0.007538
3.332500 0.830070 0.002719
3.337500 0.847506 0.009652
3.342500 0.871000 0.010522
3.347500 0.874983 0.016159
3.352500 0.875084 0.009205
3.357500 0.886796 0.007412
3.362500 0.883864 0.020033
3.367500 0.944992 0.007747
3.372500 0.964505 0.010812
3.377500 0.950688 0.006876
3.382500 0.960120 0.013155
3.387500 0.967426 0.018915
3.392500 0.986367 0.005835
3.397500 0.993714 0.003092
3.402500 1.012740 0.006607
3.407500 1.020289 0.019628
3.412500 1.061059 0.017283
3.417500 1.072303 0.007372
3.422500 1.053062 0.023872
3.427500 1.016479 0.009118
3.432500 1.019011 0.011471
3.437500 1.047107 0.010143
3.442500 1.077473 0.012278
3.447500 1.096215 0.022507
3.452500 1.096187 0.014305
3.457500 1.095275 0.007011
3.462500 1.122439 0.005468
3.467500 1.119226 0.009300
3.472500 1.129102 0.006521
3.477500 1.119068 0.003108
3.482500 1.131934 0.022375
3.487500 1.151712 0.010156
3.492500 1.149814 0.010288
3.497500 1.138355 0.013834
3.502500 1.143978 0.013893
3.507500 1.125957 0.021377
3.512500 1.131279 0.020535
3.517500 1.120938 0.013550
3.522500 1.117178 0.017075
3.527500 1.100283 0.005291
3.532500 1.125965 0.026289
3.537500 1.161328 0.011710
3.542500 1.173919 0.021080
3.547500 1.178088 0.017575
3.552500 1.149561 0.020491
3.557500 1.135200 0.018477
3.562500 1.123008 0.005145
3.567500 1.136751 0.004940
3.572500 1.147763 0.006078
3.577500 1.150052 0.010676
3.582500 1.109501 0.006865
3.587500 1.089818 0.029551
3.592500 1.081927 0.021778
3.597500 1.075775 0.020084
3.602500 1.080420 0.009424
3.607500 1.105568 0.018141
3.612500 1.130898 0.007166
3.617500 1.143341 0.022564
3.622500 1.122351 0.011079
3.627500 1.113357 0.014546
3.632500 1.124796 0.027016
3.637500 1.104182 0.009065
3.642500 1.100973 0.004499
3.647500 1.113089 0.012573
3.652500 1.099016 0.021316
3.657500 1.078302 0.013502
3.662500 1.100287 0.011699
3.667500 1.088681 0.019229
3.672500 1.077543 0.018110
3.677500 1.049792 0.006889
3.682500 1.067980 0.024874
3.687500 1.048469 0.025782
3.692500 1.051854 0.018016
3.697500 1.042396 0.010033
3.702500 1.041529 0.013886
3.707500 1.044728 0.005597
3.712500 1.033400 0.008473
3.717500 1.040254 0.006146
3.722500 1.027376 0.008342
3.727500 1.010200 0.012113
3.732500 0.984729 0.006351
3.737500 0.977324 0.019936
3.742500 0.965444 0.019604
3.747500 0.938923 0.002773
3.752500 0.917117 0.024013
3.757500 0.900144 0.003222
3.762500 0.882933 0.009243
3.767500 0.932363 0.004417
3.772500 0.910339 0.014207
3.777500 0.898003 0.030185
3.782500 0.878983 0.035312
3.787500 0.869522 0.022186
3.792500 0.887785 0.022829
3.797500 0.918650 0.008617
3.802500 0.924548 0.018592
3.807500 0.916504 0.008227
3.812500 0.904343 0.005927
3.817500 0.885082 0.005148
3.822500 0.849279 0.015583
3.827500 0.848481 0.017441
3.832500 0.820958 0.018748
3.837500 0.833256 0.042501
3.842500 0.813484 0.024948
3.847500 0.789514 0.022906
3.852500 0.822080 0.020265
3.857500 0.814483 0.024652
3.862500 0.791443 0.006808
3.867500 0.810540 0.014688
3.872500 0.852457 0.005339
3.877500 0.834470 0.019957
3.882500 0.774075 0.024874
3.887500 0.767977 0.023550
3.892500 0.739785 0.008947
3.897500 0.745185 0.008662
3.902500 0.762657 0.010172
3.907500 0.735046 0.003199
3.912500 0.738604 0.013049
3.917500 0.763230 0.014671
3.922500 0.733208 0.032044
3.927500 0.753841 0.026434
3.932500 0.761515 0.008853
3.937500 0.757187 0.022163
3.942500 0.744458 0.007612
3.947500 0.742815 0.012520
3.952500 0.685643 0.011005
3.957500 0.729282 0.029658
3.962500 0.776505 0.016399
3.967500 0.758023 0.011332
3.972500 0.778683 0.037322
3.977500 0.767123 0.033907
3.982500 0.746410 0.044183
3.987500 0.743613 0.040073
3.992500 0.700197 0.007528
3.997500 0.700653 0.011292
4.002500 0.670952 0.014201
4.007500 0.689364 0.020892
4.012500 0.652953 0.006662
4.017500 0.664861 0.005651
4.022500 0.680537 0.015305
4.027500 0.656911 0.008979
4.032500 0.661110 0.010935
4.037500 0.684101 0.013685
4.042500 0.698834 0.011219
4.047500 0.691296 0.018307
4.052500 0.645509 0.021984
4.057500 0.631862 0.022345
4.062500 0.652291 0.012454
4.067500 0.650666 0.015076
4.072500 0.657957 0.033429
4.077500 0.670925 0.026428
4.082500 0.650515 0.010819
4.087500 0.670064 0.005525
4.092500 0.661054 0.003871
4.097500 0.604739 0.039122
4.102500 0.586570 0.032013
4.107500 0.599648 0.017364
4.112500 0.578079 0.006892
4.117500 0.573528 0.034181
4.122500 0.579448 0.047885
4.127500 0.558185 0.029228
4.132500 0.557291 0.025154
4.137500 0.564374 0.024491
4.142500 0.595614 0.007544
4.147500 0.610051 0.018405
4.152500 0.600836 0.009523
4.157500 0.599556 0.017189
4.162500 0.591792 0.029254
4.167500 0.580790 0.036483
4.172500 0.617295 0.029039
4.177500 0.593644 0.001652
4.182500 0.589218 0.020236
4.187500 0.580726 0.028308
4.192500 0.587396 0.014409
4.197500 0.580361 0.014181
4.202500 0.600937 0.013930
4.207500 0.574594 0.021761
4.212500 0.545827 0.028707
4.217500 0.532864 0.009655
4.222500 0.559459 0.015091
4.227500 0.537242 0.012347
4.232500 0.481540 0.015062
4.237500 0.445035 0.012414
4.242500 0.458664 0.021706
4.247500 0.465805 0.031858
4.252500 0.486223 0.020741
4.257500 0.465553 0.027363
4.262500 0.470803 0.037050
4.267500 0.451698 0.052938
4.272500 0.442825 0.050261
4.277500 0.487019 0.057993
4.282500 0.504247 0.050379
4.287500 0.536025 0.028293
4.292500 0.535576 0.014694
4.297500 0.626354 0.015352
4.302500 0.664476 0.002275
4.307500 0.687401 0.036176
4.312500 0.704563 0.044798
4.317500 0.655742 0.026843
4.322500 0.597417 0.022224
4.327500 0.552167 0.017766
4.332500 0.586903 0.013715
4.337500 0.616339 0.035075
4.342500 0.605168 0.040606
4.347500 0.561147 0.011612
4.352500 0.563200 0.023836
4.357500 0.543833 0.038261
4.362500 0.529100 0.026203
4.367500 0.538105 0.006225
4.372500 0.532730 0.050236
4.377500 0.514960 0.040930
4.382500 0.502938 0.019516
4.387500 0.503395 0.009116
4.392500 0.464218 0.039116
4.397500 0.507097 0.022871
4.402500 0.449469 0.049918
4.407500 0.443716 0.052039
4.412500 0.500735 0.015851
4.417500 0.512464 0.021193
4.422500 0.484186 0.002221
4.427500 0.480638 0.032278
4.432500 0.472277 0.030816
4.437500 0.484090 0.009563
4.442500 0.515652 0.023131
4.447500 0.541890 0.017954
4.452500 0.474747 0.045411
4.457500 0.472790 0.037866
4.462500 0.437033 0.029785
4.467500 0.404121 0.007018
4.472500 0.464645 0.020597
4.477500 0.447708 0.060578
4.482500 0.516627 0.006515
4.487500 0.505426 0.016026
4.492500 0.468184 0.011918
4.497500 0.456496 0.005874
4.502500 0.432074 0.018958
4.507500 0.432275 0.045871
4.512500 0.512882 0.050141
4.517500 0.467366 0.022789
4.522500 0.472339 0.024192
4.527500 0.521869 0.019522
4.532500 0.512678 0.020423
4.537500 0.464582 0.030940
4.542500 0.410756 0.009242
4.547500 0.428774 0.035818
4.552500 0.480491 0.033463
4.557500 0.471245 0.009984
4.562500 0.479973 0.041672
4.567500 0.423838 0.013568
4.572500 0.489525 0.016501
4.577500 0.492022 0.016657
4.582500 0.433449 0.021793
4.587500 0.426316 0.009299
4.592500 0.482245 0.011954
4.597500 0.480560 0.032890
4.602500 0.505367 0.016306
4.607500 0.494561 0.009629
4.612500 0.527213 0.023047
4.617500 0.503676 0.017778
4.622500 0.518258 0.004470
4.627500 0.540941 0.021587
4.632500 0.526292 0.033905
4.637500 0.589011 0.013641
4.642500 0.563277 0.004331
4.647500 0.551137 0.005343
4.652500 0.616030 0.015816
4.657500 0.592746 0.053265
4.662500 0.577547 0.041995
4.667500 0.650846 0.015146
4.672500 0.638854 0.025111
4.677500 0.583539 0.039543
4.682500 0.550264 0.032362
4.687500 0.539162 0.033074
4.692500 0.576867 0.024550
4.697500 0.609429 0.053088
4.702500 0.646559 0.061001
4.707500 0.627881 0.039358
4.712500 0.635306 0.036749
4.717500 0.683739 0.054819
4.722500 0.589606 0.008879
4.727500 0.567824 0.024572
4.732500 0.639578 0.016016
4.737500 0.639468 0.045177
4.742500 0.614753 0.060915
4.747500 0.718638 0.035328
4.752500 0.690732 0.032271
4.757500 0.645659 0.091864
4.762500 0.726168 0.071129
4.767500 0.796707 0.006098
4.772500 0.735094 0.032120
4.777500 0.727766 0.031346
4.782500 0.708271 0.049638
4.787500 0.705406 0.054078
4.792500 0.651133 0.020798
4.797500 0.633661 0.057868
4.802500 0.711699 0.042326
4.807500 0.655955 0.050808
4.812500 0.708841 0.069582
4.817500 0.661639 0.041862
4.822500 0.633274 0.010531
4.827500 0.601500 0.015330
4.832500 0.766521 0.032814
4.837500 0.875235 0.032872
4.842500 0.818670 0.051284
4.847500 0.756474 0.031728
4.852500 0.670634 0.039851
4.857500 0.666485 0.041460
4.862500 0.732952 0.027870
4.867500 0.770313 0.043227
4.872500 0.739173 0.017905
4.877500 0.714547 0.031851
4.882500 0.793995 0.029458
4.887500 0.761728 0.056105
4.892500 0.722448 0.033850
4.897500 0.687134 0.032716
4.902500 0.732533 0.059825
4.907500 0.781318 0.096830
4.912500 0.670295 0.073383
4.917500 0.736715 0.064783
4.922500 0.736401 0.079296
4.927500 0.751246 0.104254
4.932500 0.771404 0.033957
4.937500 0.816030 0.026899
4.942500 0.683089 0.115982
4.947500 0.676645 0.051629
4.952500 0.728169 0.080234
4.957500 0.675015 0.109363
4.962500 0.623002 0.028270
4.967500 0.764997 0.084863
4.972500 0.819110 0.069404
4.977500 0.856842 0.057096
4.982500 0.809340 0.009703
4.987500 0.696491 0.084851
4.992500 0.728179 0.046460
4.997500 0.805801 0.048286
5.002500 0.814039 0.023486
5.007500 0.881288 0.034758
5.012500 0.776732 0.034540
5.017500 0.726752 0.034602
5.022500 0.638868 0.055036
5.027500 0.703190 0.075499
5.032500 0.772882 0.026394
5.037500 0.848027 0.066033
5.042500 0.775543 0.075553
5.047500 0.760678 0.060310
5.052500 0.731274 0.085787
5.057500 0.700691 0.076559
5.062500 0.755355 0.054317
5.067500 0.811794 0.011007
5.072500 0.822966 0.021134
5.077500 0.758505 0.051459
5.082500 0.694257 0.047390
5.087500 0.738634 0.019732
5.092500 0.735356 0.037037
5.097500 0.656691 0.031417
