# DATE = 2025-03-12
# PIPE_VER = 1.17.1
# PMAP = jwst_1322.pmap
# STANDARD_STAR = SNAP-2
# 
# Wavelength (microns), arbitrary reflectance, uncertainty
0.702500 0.761594 0.018520
0.707500 0.781641 0.011388
0.712500 0.784830 0.022542
0.717500 0.789555 0.025516
0.722500 0.789019 0.016793
0.727500 0.787324 0.016592
0.732500 0.788907 0.011004
0.737500 0.820211 0.012544
0.742500 0.810141 0.009630
0.747500 0.809898 0.012252
0.752500 0.822228 0.014011
0.757500 0.840334 0.006945
0.762500 0.834260 0.008590
0.767500 0.851848 0.010399
0.772500 0.850678 0.013604
0.777500 0.852542 0.015366
0.782500 0.864859 0.017253
0.787500 0.852783 0.017153
0.792500 0.820395 0.013414
0.797500 0.810130 0.008656
0.802500 0.850607 0.021637
0.807500 0.870500 0.018718
0.812500 0.876266 0.011683
0.817500 0.891121 0.012067
0.822500 0.885232 0.013360
0.827500 0.877952 0.014610
0.832500 0.882071 0.013037
0.837500 0.889984 0.016949
0.842500 0.891651 0.009266
0.847500 0.889889 0.005148
0.852500 0.895941 0.009930
0.857500 0.894391 0.017580
0.862500 0.898452 0.015680
0.867500 0.896989 0.013816
0.872500 0.901061 0.014254
0.877500 0.922710 0.016708
0.882500 0.937224 0.018807
0.887500 0.935021 0.015582
0.892500 0.938413 0.020517
0.897500 0.923171 0.014474
0.902500 0.917072 0.013515
0.907500 0.916385 0.011900
0.912500 0.915943 0.012354
0.917500 0.911113 0.010860
0.922500 0.920586 0.013985
0.927500 0.925819 0.024672
0.932500 0.936828 0.017417
0.937500 0.937859 0.012566
0.942500 0.943409 0.015420
0.947500 0.942939 0.012212
0.952500 0.948141 0.016819
0.957500 0.960504 0.020520
0.962500 0.964010 0.018496
0.967500 0.964713 0.018949
0.972500 0.968645 0.015860
0.977500 0.975437 0.019885
0.982500 0.979967 0.017919
0.987500 0.977885 0.020992
0.992500 0.972839 0.020125
0.997500 0.979846 0.021130
1.002500 0.986501 0.015007
1.007500 0.991257 0.013999
1.012500 0.970118 0.009383
1.017500 0.968944 0.015073
1.022500 0.971097 0.018338
1.027500 0.977466 0.017871
1.032500 0.980813 0.016426
1.037500 0.998023 0.023627
1.042500 1.001080 0.019551
1.047500 1.000636 0.019328
1.052500 0.994314 0.014528
1.057500 0.995080 0.014450
1.062500 0.998990 0.022057
1.067500 0.996050 0.018816
1.072500 1.003390 0.024278
1.077500 1.006814 0.020155
1.082500 0.998240 0.010238
1.087500 1.001230 0.010582
1.092500 1.011559 0.010177
1.097500 1.010073 0.010188
1.102500 1.003438 0.006859
1.107500 0.999636 0.013222
1.112500 1.000286 0.009551
1.117500 1.013971 0.015578
1.122500 1.012475 0.015565
1.127500 1.024138 0.021054
1.132500 1.025776 0.021735
1.137500 1.025494 0.018470
1.142500 1.033361 0.019325
1.147500 1.034738 0.018935
1.152500 1.041922 0.024321
1.157500 1.042417 0.022900
1.162500 1.038624 0.023935
1.167500 1.041633 0.024310
1.172500 1.042407 0.023015
1.177500 1.047467 0.022852
1.182500 1.056021 0.027057
1.187500 1.050881 0.026922
1.192500 1.047883 0.028284
1.197500 1.046899 0.025174
1.202500 1.036445 0.021966
1.207500 1.040754 0.015848
1.212500 1.049758 0.009153
1.217500 1.051860 0.012544
1.222500 1.048066 0.020889
1.227500 1.048688 0.020467
1.232500 1.045489 0.019982
1.237500 1.022701 0.007098
1.242500 1.024252 0.011572
1.247500 1.031683 0.016335
1.252500 1.041210 0.020397
1.257500 1.046093 0.021338
1.262500 1.044681 0.013436
1.267500 1.044424 0.015682
1.272500 1.040106 0.016020
1.277500 1.041346 0.012060
1.282500 1.052858 0.018951
1.287500 1.054447 0.017515
1.292500 1.061124 0.015878
1.297500 1.057419 0.020867
1.302500 1.049352 0.024639
1.307500 1.049805 0.023222
1.312500 1.046470 0.017595
1.317500 1.050091 0.018976
1.322500 1.049143 0.012991
1.327500 1.053653 0.017242
1.332500 1.054561 0.018480
1.337500 1.057973 0.020837
1.342500 1.055773 0.023473
1.347500 1.054594 0.022200
1.352500 1.056336 0.022254
1.357500 1.056478 0.024101
1.362500 1.059691 0.027716
1.367500 1.051493 0.024007
1.372500 1.046957 0.022132
1.377500 1.044708 0.017547
1.382500 1.055142 0.016403
1.387500 1.062031 0.019189
1.392500 1.071459 0.023025
1.397500 1.069137 0.028086
1.402500 1.061183 0.027553
1.407500 1.055237 0.023919
1.412500 1.061923 0.024092
1.417500 1.061902 0.015929
1.422500 1.059672 0.015969
1.427500 1.055006 0.011592
1.432500 1.049333 0.010660
1.437500 1.038784 0.010107
1.442500 1.044156 0.018469
1.447500 1.047933 0.018854
1.452500 1.049203 0.018108
1.457500 1.049101 0.018751
1.462500 1.049649 0.017900
1.467500 1.053731 0.015485
1.472500 1.057599 0.017057
1.477500 1.057540 0.018540
1.482500 1.058463 0.016369
1.487500 1.056234 0.016304
1.492500 1.050091 0.015473
1.497500 1.045519 0.023148
1.502500 1.044924 0.024932
1.507500 1.052149 0.027861
1.512500 1.049973 0.027824
1.517500 1.047598 0.021654
1.522500 1.041836 0.017505
1.527500 1.033070 0.010429
1.532500 1.033329 0.013763
1.537500 1.033624 0.015792
1.542500 1.035368 0.019484
1.547500 1.050355 0.024123
1.552500 1.047655 0.027253
1.557500 1.051728 0.024888
1.562500 1.042796 0.020249
1.567500 1.039901 0.015007
1.572500 1.045968 0.016900
1.577500 1.039531 0.025878
1.582500 1.033830 0.022262
1.587500 1.033251 0.019162
1.592500 1.034417 0.018800
1.597500 1.030490 0.024812
1.602500 1.036470 0.029753
1.607500 1.040740 0.029561
1.612500 1.045756 0.030627
1.617500 1.050816 0.030709
1.622500 1.059921 0.030204
1.627500 1.066118 0.029438
1.632500 1.065784 0.031064
1.637500 1.059578 0.035971
1.642500 1.035208 0.019594
1.647500 1.012605 0.036885
1.652500 1.019155 0.038681
1.657500 1.022513 0.040342
1.662500 1.035544 0.007493
1.667500 1.057197 0.016886
1.672500 1.062459 0.025069
1.677500 1.063772 0.032290
1.682500 1.062649 0.029350
1.687500 1.069685 0.031439
1.692500 1.067316 0.025761
1.697500 1.052666 0.020640
1.702500 1.061543 0.024124
1.707500 1.066663 0.022034
1.712500 1.065969 0.025770
1.717500 1.053135 0.024742
1.722500 1.046146 0.016233
1.727500 1.052019 0.012406
1.732500 1.048221 0.013404
1.737500 1.050209 0.022175
1.742500 1.056540 0.023659
1.747500 1.064808 0.024735
1.752500 1.067741 0.022867
1.757500 1.067844 0.015536
1.762500 1.061722 0.010246
1.767500 1.066996 0.012311
1.772500 1.057380 0.016549
1.777500 1.054066 0.023543
1.782500 1.061103 0.024883
1.787500 1.072117 0.023962
1.792500 1.067148 0.029447
1.797500 1.060170 0.024043
1.802500 1.063759 0.021502
1.807500 1.067901 0.021549
1.812500 1.067245 0.023954
1.817500 1.059257 0.028662
1.822500 1.064851 0.026970
1.827500 1.067168 0.028509
1.832500 1.059952 0.027205
1.837500 1.053824 0.018665
1.842500 1.062261 0.019779
1.847500 1.071661 0.022109
1.852500 1.066480 0.032544
1.857500 1.055412 0.020448
1.862500 1.070432 0.016689
1.867500 1.066539 0.020807
1.872500 1.064256 0.018913
1.877500 1.067399 0.017383
1.882500 1.067978 0.016034
1.887500 1.077138 0.019819
1.892500 1.071754 0.018087
1.897500 1.071873 0.015599
1.902500 1.073542 0.018662
1.907500 1.059177 0.015070
1.912500 1.061882 0.015811
1.917500 1.068203 0.018371
1.922500 1.069710 0.021531
1.927500 1.058887 0.027531
1.932500 1.054561 0.017605
1.937500 1.062790 0.013629
1.942500 1.045382 0.025056
1.947500 1.028809 0.022236
1.952500 1.018640 0.012902
1.957500 1.020287 0.014036
1.962500 1.026002 0.019379
1.967500 1.022016 0.017801
1.972500 1.027292 0.018633
1.977500 1.029241 0.018375
1.982500 1.015197 0.020092
1.987500 1.017775 0.021035
1.992500 1.019214 0.020857
1.997500 1.015549 0.017315
2.002500 1.012889 0.028912
2.007500 1.012536 0.017360
2.012500 1.023350 0.017030
2.017500 1.033235 0.012021
2.022500 1.046000 0.014304
2.027500 1.054363 0.013673
2.032500 1.048774 0.016904
2.037500 1.036715 0.018167
2.042500 1.034503 0.014756
2.047500 1.039511 0.017129
2.052500 1.035924 0.026312
2.057500 1.024272 0.026664
2.062500 1.024643 0.025554
2.067500 1.033171 0.022114
2.072500 1.040889 0.018226
2.077500 1.042726 0.016276
2.082500 1.054966 0.015053
2.087500 1.050226 0.017435
2.092500 1.041236 0.017023
2.097500 1.049354 0.018952
2.102500 1.049651 0.023395
2.107500 1.028984 0.020849
2.112500 1.022754 0.018709
2.117500 1.016472 0.010825
2.122500 1.028124 0.018062
2.127500 1.018091 0.009378
2.132500 1.021118 0.008882
2.137500 1.026624 0.008336
2.142500 1.040588 0.016465
2.147500 1.052181 0.027271
2.152500 1.059017 0.027807
2.157500 1.067409 0.026996
2.162500 1.056023 0.021497
2.167500 1.061935 0.016946
2.172500 1.066766 0.018900
2.177500 1.052429 0.017212
2.182500 1.057247 0.026497
2.187500 1.059535 0.023039
2.192500 1.048384 0.011697
2.197500 1.048526 0.015346
2.202500 1.048637 0.012216
2.207500 1.041722 0.006333
2.212500 1.047712 0.022213
2.217500 1.041584 0.020906
2.222500 1.044470 0.027217
2.227500 1.052938 0.024467
2.232500 1.056500 0.020255
2.237500 1.057975 0.018031
2.242500 1.061126 0.018570
2.247500 1.035160 0.012178
2.252500 1.030252 0.006699
2.257500 1.028302 0.006948
2.262500 1.021966 0.007835
2.267500 1.023102 0.010715
2.272500 1.034111 0.011922
2.277500 1.024439 0.011723
2.282500 1.012715 0.006965
2.287500 1.020119 0.005343
2.292500 1.017138 0.016954
2.297500 1.035292 0.012717
2.302500 1.043359 0.008605
2.307500 1.051559 0.005392
2.312500 1.041340 0.007598
2.317500 1.032224 0.004538
2.322500 1.039750 0.008089
2.327500 1.025795 0.017936
2.332500 1.016826 0.029908
2.337500 1.026454 0.029051
2.342500 1.033515 0.025808
2.347500 1.031067 0.018650
2.352500 1.031965 0.012977
2.357500 1.038826 0.011915
2.362500 1.043413 0.005040
2.367500 1.054174 0.006131
2.372500 1.045594 0.017542
2.377500 1.032921 0.009309
2.382500 1.032610 0.003857
2.387500 1.040660 0.006812
2.392500 1.025831 0.006603
2.397500 1.026796 0.018027
2.402500 1.022709 0.016624
2.407500 1.030146 0.022817
2.412500 1.029771 0.026261
2.417500 1.030150 0.036427
2.422500 1.025498 0.027559
2.427500 1.040934 0.017896
2.432500 1.041776 0.010119
2.437500 1.044875 0.007838
2.442500 1.018170 0.026380
2.447500 1.017651 0.028959
2.452500 1.037349 0.026249
2.457500 1.021796 0.007640
2.462500 1.019593 0.002476
2.467500 1.018721 0.004655
2.472500 1.015482 0.002594
2.477500 1.020931 0.005584
2.482500 1.040846 0.002052
2.487500 1.021174 0.010912
2.492500 0.997548 0.010488
2.497500 1.005644 0.003495
2.502500 1.001136 0.009348
2.507500 1.003241 0.018720
2.512500 1.000258 0.017337
2.517500 0.993566 0.015082
2.522500 0.986162 0.017018
2.527500 0.977443 0.007554
2.532500 0.983371 0.008366
2.537500 1.000264 0.007613
2.542500 1.006683 0.003328
2.547500 1.011128 0.003098
2.552500 1.007779 0.003971
2.557500 1.008305 0.002225
2.562500 1.015002 0.005344
2.567500 1.001105 0.004020
2.572500 1.000407 0.005583
2.577500 1.009673 0.007613
2.582500 1.003843 0.010931
2.587500 1.004755 0.012999
2.592500 1.000000 0.004140
2.597500 1.005969 0.008811
2.602500 1.013811 0.011216
2.607500 0.999254 0.009504
2.612500 0.960945 0.012930
2.617500 0.952399 0.009539
2.622500 0.953149 0.005766
2.627500 0.929011 0.003326
2.632500 0.950752 0.016046
2.637500 0.961317 0.019893
2.642500 0.973797 0.021372
2.647500 0.954800 0.004512
2.652500 0.933973 0.007394
2.657500 0.879602 0.015465
2.662500 0.848337 0.010817
2.667500 0.808736 0.007975
2.672500 0.755319 0.008050
2.677500 0.724713 0.008930
2.682500 0.655340 0.039650
2.687500 0.599611 0.027003
2.692500 0.603439 0.008581
2.697500 0.609233 0.004290
2.702500 0.631574 0.004079
2.707500 0.664496 0.018170
2.712500 0.737240 0.024671
2.717500 0.779778 0.004626
2.722500 0.768979 0.015986
2.727500 0.781944 0.008767
2.732500 0.774503 0.002399
2.737500 0.758885 0.011450
2.742500 0.741555 0.002554
2.747500 0.694647 0.009443
2.752500 0.667929 0.001274
2.757500 0.640491 0.015353
2.762500 0.608372 0.001341
2.767500 0.579970 0.013897
2.772500 0.537865 0.010155
2.777500 0.536959 0.005580
2.782500 0.541418 0.006146
2.787500 0.543646 0.007731
2.792500 0.530093 0.003313
2.797500 0.524188 0.002356
2.802500 0.531489 0.005874
2.807500 0.525432 0.000801
2.812500 0.503235 0.007188
2.817500 0.474010 0.012678
2.822500 0.456238 0.003260
2.827500 0.424437 0.004113
2.832500 0.416141 0.007216
2.837500 0.402219 0.004747
2.842500 0.371646 0.015562
2.847500 0.347097 0.010763
2.852500 0.327232 0.002342
2.857500 0.308653 0.004873
2.862500 0.288679 0.002975
2.867500 0.287046 0.004833
2.872500 0.263873 0.019335
2.877500 0.255509 0.019799
2.882500 0.234611 0.021231
2.887500 0.233859 0.012730
2.892500 0.220947 0.009820
2.897500 0.218528 0.003666
2.902500 0.211598 0.006471
2.907500 0.204120 0.010217
2.912500 0.200879 0.010257
2.917500 0.198763 0.005032
2.922500 0.186589 0.006172
2.927500 0.179460 0.009487
2.932500 0.174110 0.006578
2.937500 0.183314 0.004336
2.942500 0.174720 0.006560
2.947500 0.171972 0.009515
2.952500 0.164692 0.008332
2.957500 0.161456 0.000735
2.962500 0.160769 0.005247
2.967500 0.162549 0.002263
2.972500 0.170129 0.007709
2.977500 0.167065 0.009758
2.982500 0.168365 0.000492
2.987500 0.172975 0.000895
2.992500 0.171014 0.007462
2.997500 0.170565 0.009803
3.002500 0.156109 0.007783
3.007500 0.158993 0.001473
3.012500 0.158526 0.003593
3.017500 0.152212 0.006323
3.022500 0.150780 0.007499
3.027500 0.144106 0.011986
3.032500 0.146252 0.011537
3.037500 0.141296 0.011745
3.042500 0.143117 0.004686
3.047500 0.142641 0.000747
3.052500 0.140949 0.001699
3.057500 0.140303 0.002633
3.062500 0.147521 0.002658
3.067500 0.142007 0.003040
3.072500 0.151810 0.007255
3.077500 0.153632 0.012768
3.082500 0.158690 0.007411
3.087500 0.147240 0.003205
3.092500 0.143687 0.001214
3.097500 0.146899 0.007259
3.102500 0.153309 0.013331
3.107500 0.145284 0.006273
3.112500 0.150628 0.002684
3.117500 0.145181 0.005590
3.122500 0.146969 0.003374
3.127500 0.152879 0.010781
3.132500 0.156893 0.014496
3.137500 0.158057 0.017408
3.142500 0.157924 0.006486
3.147500 0.167303 0.002925
3.152500 0.168107 0.010715
3.157500 0.164183 0.005640
3.162500 0.168139 0.010522
3.167500 0.166849 0.012552
3.172500 0.178868 0.007794
3.177500 0.160458 0.012124
3.182500 0.183765 0.006984
3.187500 0.188737 0.005484
3.192500 0.192436 0.006501
3.197500 0.186875 0.002629
3.202500 0.181567 0.003574
3.207500 0.185065 0.006960
3.212500 0.194934 0.003946
3.217500 0.217468 0.009005
3.222500 0.246100 0.010523
3.227500 0.247524 0.012220
3.232500 0.230564 0.003244
3.237500 0.234934 0.008072
3.242500 0.236070 0.004777
3.247500 0.260744 0.005738
3.252500 0.268528 0.007911
3.257500 0.286259 0.006864
3.262500 0.305037 0.002792
3.267500 0.307529 0.014020
3.272500 0.296835 0.012938
3.277500 0.298635 0.015736
3.282500 0.334495 0.013064
3.287500 0.369858 0.021647
3.292500 0.382400 0.011555
3.297500 0.364761 0.005684
3.302500 0.372532 0.011650
3.307500 0.371039 0.013672
3.312500 0.381219 0.009632
3.317500 0.368301 0.005216
3.322500 0.376136 0.006171
3.327500 0.390333 0.005425
3.332500 0.380798 0.013581
3.337500 0.394570 0.015470
3.342500 0.398843 0.007654
3.347500 0.411181 0.008488
3.352500 0.400446 0.008349
3.357500 0.384333 0.011926
3.362500 0.377972 0.004629
3.367500 0.387663 0.001507
3.372500 0.396884 0.008707
3.377500 0.412395 0.018354
3.382500 0.426117 0.032657
3.387500 0.427031 0.025842
3.392500 0.427074 0.012930
3.397500 0.425993 0.005805
3.402500 0.440483 0.004362
3.407500 0.427569 0.013776
3.412500 0.418469 0.011625
3.417500 0.414440 0.013095
3.422500 0.427215 0.001580
3.427500 0.423780 0.006701
3.432500 0.409375 0.005147
3.437500 0.408782 0.009252
3.442500 0.414154 0.006385
3.447500 0.423001 0.007837
3.452500 0.420436 0.007620
3.457500 0.443272 0.006404
3.462500 0.432882 0.009600
3.467500 0.425773 0.013720
3.472500 0.452338 0.013546
3.477500 0.452715 0.019563
3.482500 0.450825 0.026377
3.487500 0.457069 0.016622
3.492500 0.449890 0.003182
3.497500 0.438362 0.003894
3.502500 0.437717 0.003793
3.507500 0.467499 0.007983
3.512500 0.475737 0.016499
3.517500 0.486541 0.024556
3.522500 0.492161 0.016357
3.527500 0.481242 0.024761
3.532500 0.459515 0.023965
3.537500 0.466192 0.013174
3.542500 0.468111 0.010675
3.547500 0.504487 0.029874
3.552500 0.523337 0.021925
3.557500 0.537189 0.024224
3.562500 0.533151 0.008899
3.567500 0.528711 0.007403
3.572500 0.539302 0.006017
3.577500 0.543421 0.005052
3.582500 0.583904 0.014927
3.587500 0.594730 0.010530
3.592500 0.597737 0.008683
3.597500 0.593664 0.004053
3.602500 0.594348 0.008851
3.607500 0.627264 0.017264
3.612500 0.623657 0.018196
3.617500 0.625179 0.007248
3.622500 0.635773 0.027245
3.627500 0.624121 0.014956
3.632500 0.611141 0.007615
3.637500 0.622784 0.007686
3.642500 0.631234 0.022505
3.647500 0.626005 0.018682
3.652500 0.617464 0.015475
3.657500 0.613724 0.006876
3.662500 0.621684 0.003716
3.667500 0.649993 0.011850
3.672500 0.645063 0.026403
3.677500 0.649013 0.023991
3.682500 0.649590 0.015951
3.687500 0.655917 0.012871
3.692500 0.663822 0.024919
3.697500 0.659351 0.031756
3.702500 0.651585 0.007188
3.707500 0.646969 0.020900
3.712500 0.666836 0.021994
3.717500 0.661970 0.014776
3.722500 0.643382 0.011564
3.727500 0.594786 0.013632
3.732500 0.606657 0.011793
3.737500 0.625648 0.012724
3.742500 0.625659 0.008185
3.747500 0.619559 0.006615
3.752500 0.613923 0.007295
3.757500 0.642873 0.005547
3.762500 0.633327 0.022444
3.767500 0.609504 0.013946
3.772500 0.616467 0.008673
3.777500 0.639394 0.021098
3.782500 0.636888 0.026229
3.787500 0.585843 0.027804
3.792500 0.579218 0.020056
3.797500 0.618634 0.028867
3.802500 0.602681 0.015385
3.807500 0.600573 0.037732
3.812500 0.614133 0.041258
3.817500 0.617704 0.024231
3.822500 0.604882 0.032347
3.827500 0.576886 0.023652
3.832500 0.573055 0.007157
3.837500 0.599656 0.011151
3.842500 0.591947 0.017817
3.847500 0.579287 0.020985
3.852500 0.608624 0.012757
3.857500 0.615738 0.007543
3.862500 0.591934 0.011025
3.867500 0.567259 0.005430
3.872500 0.553135 0.004152
3.877500 0.532597 0.009948
3.882500 0.543816 0.008826
3.887500 0.575884 0.009717
3.892500 0.637978 0.032787
3.897500 0.587542 0.035137
3.902500 0.521628 0.033587
3.907500 0.554957 0.027454
3.912500 0.549458 0.025601
3.917500 0.528769 0.031819
3.922500 0.543874 0.012181
3.927500 0.539226 0.027059
3.932500 0.525853 0.026291
3.937500 0.528276 0.017250
3.942500 0.530312 0.011942
3.947500 0.520776 0.002761
3.952500 0.505890 0.012763
3.957500 0.504510 0.020030
3.962500 0.523066 0.011030
3.967500 0.521308 0.020553
3.972500 0.501337 0.009908
3.977500 0.506042 0.022477
3.982500 0.490125 0.021494
3.987500 0.482074 0.014229
3.992500 0.461396 0.010755
3.997500 0.428058 0.021840
4.002500 0.429550 0.013667
4.007500 0.482562 0.015697
4.012500 0.475238 0.024811
4.017500 0.437946 0.043268
4.022500 0.435388 0.026380
4.027500 0.436504 0.020982
4.032500 0.464066 0.007326
4.037500 0.419760 0.006285
4.042500 0.392952 0.026611
4.047500 0.353481 0.013780
4.052500 0.295678 0.015183
4.057500 0.300234 0.006732
4.062500 0.270794 0.017515
4.067500 0.308926 0.021785
4.072500 0.326052 0.001448
4.077500 0.327900 0.006358
4.082500 0.336931 0.019868
4.087500 0.366448 0.020413
4.092500 0.401276 0.013833
4.097500 0.387975 0.022218
4.102500 0.337430 0.020480
4.107500 0.294511 0.003069
4.112500 0.355088 0.002071
4.117500 0.366768 0.012466
4.122500 0.366471 0.034213
4.127500 0.386788 0.013912
4.132500 0.378194 0.027236
4.137500 0.422030 0.023324
4.142500 0.390987 0.017505
4.147500 0.395364 0.019463
4.152500 0.413893 0.016857
4.157500 0.406252 0.021860
4.162500 0.435074 0.022345
4.167500 0.389394 0.006966
4.172500 0.382921 0.023587
4.177500 0.422864 0.006488
4.182500 0.553431 0.034583
4.187500 0.673831 0.036279
4.192500 0.713727 0.033558
4.197500 0.721627 0.014283
4.202500 0.710950 0.004796
4.207500 0.664459 0.014127
4.212500 0.539792 0.011343
4.217500 0.442630 0.024831
4.222500 0.360546 0.019716
4.227500 0.362830 0.001656
4.232500 0.383505 0.016068
4.237500 0.437915 0.001649
4.242500 0.358194 0.038523
4.247500 0.339409 0.026174
4.252500 0.299857 0.027135
4.257500 0.307409 0.007004
4.262500 0.319542 0.009182
4.267500 0.308125 0.013534
4.272500 0.297208 0.005916
4.277500 0.311540 0.005360
4.282500 0.265069 0.014813
4.287500 0.328036 0.023483
4.292500 0.393133 0.013426
4.297500 0.522167 0.014657
4.302500 0.637576 0.019680
4.307500 0.744604 0.008801
4.312500 0.855136 0.009960
4.317500 0.839837 0.029049
4.322500 0.840626 0.042409
4.327500 0.908033 0.048216
4.332500 0.924646 0.051256
4.337500 0.990945 0.022753
4.342500 0.930480 0.041856
4.347500 0.891400 0.032425
4.352500 0.884750 0.055817
4.357500 0.857924 0.042248
4.362500 0.795839 0.020163
4.367500 0.769576 0.070040
4.372500 0.619553 0.065333
4.377500 0.583368 0.042822
4.382500 0.487650 0.059821
4.387500 0.494447 0.016134
4.392500 0.564027 0.012616
4.397500 0.638189 0.026382
4.402500 0.707797 0.013829
4.407500 0.700464 0.044280
4.412500 0.728737 0.022419
4.417500 0.763160 0.010338
4.422500 0.775076 0.006528
4.427500 0.785229 0.008153
4.432500 0.759877 0.008360
4.437500 0.743141 0.040653
4.442500 0.712898 0.027962
4.447500 0.693238 0.030823
4.452500 0.758734 0.027512
4.457500 0.771206 0.033048
4.462500 0.734533 0.032763
4.467500 0.768283 0.018669
4.472500 0.771638 0.021032
4.477500 0.767284 0.027264
4.482500 0.761046 0.032756
4.487500 0.737136 0.025935
4.492500 0.691555 0.035169
4.497500 0.665680 0.017302
4.502500 0.678997 0.018175
4.507500 0.719979 0.017319
4.512500 0.725288 0.044737
4.517500 0.728974 0.013375
4.522500 0.757748 0.042136
4.527500 0.773852 0.012230
4.532500 0.708979 0.010287
4.537500 0.660537 0.048394
4.542500 0.702686 0.005088
4.547500 0.801726 0.016922
4.552500 0.744603 0.037957
4.557500 0.751851 0.031780
4.562500 0.750571 0.047639
4.567500 0.738376 0.046672
4.572500 0.688309 0.053488
4.577500 0.735727 0.055291
4.582500 0.779135 0.010151
4.587500 0.707054 0.032798
4.592500 0.700660 0.047708
4.597500 0.728053 0.028718
4.602500 0.754450 0.012176
4.607500 0.735705 0.017913
4.612500 0.728969 0.021001
4.617500 0.663280 0.064841
4.622500 0.661757 0.034122
4.627500 0.655794 0.018906
4.632500 0.633172 0.013453
4.637500 0.678305 0.026329
4.642500 0.667416 0.078237
4.647500 0.621863 0.040105
4.652500 0.643598 0.052316
4.657500 0.553253 0.009879
4.662500 0.502698 0.035840
4.667500 0.403659 0.040970
4.672500 0.332171 0.006685
4.677500 0.275832 0.013369
4.682500 0.276141 0.026778
4.687500 0.343757 0.021947
4.692500 0.438743 0.025133
4.697500 0.508486 0.022911
4.702500 0.566845 0.033113
4.707500 0.697358 0.031931
4.712500 0.718029 0.018940
4.717500 0.732865 0.036615
4.722500 0.641640 0.003079
4.727500 0.766238 0.065901
4.732500 0.929598 0.014179
4.737500 0.928988 0.056166
4.742500 0.885358 0.035815
4.747500 0.876460 0.027179
4.752500 0.874253 0.055977
4.757500 0.707127 0.033240
4.762500 0.726540 0.039959
4.767500 0.754833 0.062104
4.772500 0.715664 0.051494
4.777500 0.740077 0.016422
4.782500 0.875690 0.004100
4.787500 0.878958 0.061940
4.792500 0.854979 0.064518
4.797500 0.953827 0.037842
4.802500 0.883056 0.089161
4.807500 0.939460 0.018623
4.812500 0.874832 0.055313
4.817500 0.815394 0.032410
4.822500 0.837799 0.018448
4.827500 0.849747 0.015838
4.832500 0.789188 0.021378
4.837500 0.790336 0.032246
4.842500 0.885042 0.051650
4.847500 0.901883 0.034852
4.852500 0.912830 0.010316
4.857500 0.877071 0.014237
4.862500 0.829737 0.020804
4.867500 0.903645 0.031902
4.872500 0.968728 0.012230
4.877500 0.930926 0.019196
4.882500 0.869187 0.059203
4.887500 0.827778 0.014179
4.892500 0.690169 0.025736
4.897500 0.689210 0.048231
4.902500 0.741457 0.050314
4.907500 0.874150 0.034256
4.912500 0.848206 0.016143
4.917500 0.828119 0.066942
4.922500 0.848247 0.022588
4.927500 0.825412 0.131975
4.932500 0.829823 0.113530
4.937500 0.852032 0.108249
4.942500 0.838214 0.060951
4.947500 0.842972 0.018646
4.952500 0.911495 0.083833
4.957500 0.963390 0.091631
4.962500 0.931612 0.071294
4.967500 0.937580 0.041068
4.972500 0.932526 0.057470
4.977500 0.926436 0.018539
4.982500 0.892793 0.045524
4.987500 0.968489 0.039225
4.992500 0.798197 0.093653
4.997500 0.788650 0.070888
5.002500 0.810640 0.072392
5.007500 0.835628 0.076061
5.012500 0.784127 0.065558
5.017500 0.792485 0.049331
5.022500 0.729410 0.046304
5.027500 0.698982 0.074212
5.032500 0.757532 0.048285
5.037500 0.741102 0.106856
5.042500 0.805126 0.065696
5.047500 0.763683 0.086183
5.052500 0.708452 0.027991
5.057500 0.754627 0.054510
5.062500 0.892641 0.013855
5.067500 0.950282 0.056765
5.072500 0.873992 0.091024
5.077500 0.828818 0.106425
5.082500 0.829012 0.016304
5.087500 0.879860 0.055960
5.092500 0.766037 0.031700
5.097500 0.828915 0.021416
