# DATE = 2025-03-12
# PIPE_VER = 1.17.1
# PMAP = jwst_1322.pmap
# STANDARD_STAR = SNAP-2
# 
# Wavelength (microns), arbitrary reflectance, uncertainty
0.702500 0.776237 0.007596
0.707500 0.806060 0.014146
0.712500 0.785540 0.011398
0.717500 0.782925 0.019448
0.722500 0.800753 0.010864
0.727500 0.793176 0.005337
0.732500 0.805104 0.015395
0.737500 0.808671 0.007814
0.742500 0.799150 0.008834
0.747500 0.815705 0.010578
0.752500 0.813647 0.006784
0.757500 0.820360 0.012410
0.762500 0.834873 0.011475
0.767500 0.840075 0.011406
0.772500 0.843770 0.008658
0.777500 0.859201 0.009222
0.782500 0.866600 0.006704
0.787500 0.847277 0.008046
0.792500 0.831936 0.007161
0.797500 0.830618 0.007349
0.802500 0.822431 0.005046
0.807500 0.836555 0.009165
0.812500 0.879510 0.018607
0.817500 0.891166 0.015551
0.822500 0.897263 0.006121
0.827500 0.898980 0.005776
0.832500 0.888649 0.006080
0.837500 0.893675 0.004710
0.842500 0.888778 0.008596
0.847500 0.890293 0.008120
0.852500 0.892167 0.004703
0.857500 0.903141 0.004753
0.862500 0.903116 0.008653
0.867500 0.894709 0.012330
0.872500 0.898300 0.012221
0.877500 0.905126 0.014390
0.882500 0.913464 0.013973
0.887500 0.923050 0.010773
0.892500 0.926029 0.013952
0.897500 0.933283 0.006058
0.902500 0.934737 0.005625
0.907500 0.922847 0.008335
0.912500 0.921003 0.008226
0.917500 0.910904 0.005033
0.922500 0.926802 0.008116
0.927500 0.932520 0.010135
0.932500 0.940670 0.008639
0.937500 0.934620 0.009614
0.942500 0.933841 0.007361
0.947500 0.935259 0.006956
0.952500 0.939018 0.003871
0.957500 0.944462 0.005967
0.962500 0.949239 0.006657
0.967500 0.954324 0.007993
0.972500 0.952828 0.004445
0.977500 0.956316 0.005813
0.982500 0.962214 0.008417
0.987500 0.976201 0.007640
0.992500 0.981167 0.010305
0.997500 0.983098 0.011584
1.002500 0.980360 0.012411
1.007500 0.980169 0.010391
1.012500 0.979864 0.010485
1.017500 0.986767 0.011009
1.022500 0.988912 0.011000
1.027500 0.982261 0.009882
1.032500 0.980851 0.004048
1.037500 0.992976 0.005721
1.042500 0.987679 0.006666
1.047500 0.994050 0.008798
1.052500 0.993475 0.008175
1.057500 0.995850 0.008359
1.062500 0.995369 0.009960
1.067500 0.992087 0.006421
1.072500 0.985853 0.009434
1.077500 0.987617 0.009762
1.082500 0.991050 0.011947
1.087500 0.991734 0.013154
1.092500 1.001496 0.012142
1.097500 1.000125 0.012575
1.102500 1.000967 0.007420
1.107500 1.005063 0.007838
1.112500 1.009184 0.008699
1.117500 1.014789 0.009009
1.122500 1.017248 0.009535
1.127500 1.023645 0.011622
1.132500 1.024565 0.012640
1.137500 1.017779 0.007432
1.142500 1.022134 0.007212
1.147500 1.019364 0.005551
1.152500 1.023372 0.005352
1.157500 1.024949 0.005389
1.162500 1.028448 0.005241
1.167500 1.024461 0.007796
1.172500 1.023463 0.007492
1.177500 1.015316 0.005992
1.182500 1.028864 0.008765
1.187500 1.028758 0.007184
1.192500 1.025013 0.008192
1.197500 1.029181 0.009608
1.202500 1.022178 0.008559
1.207500 1.023273 0.007624
1.212500 1.038922 0.007779
1.217500 1.043638 0.007014
1.222500 1.043198 0.005717
1.227500 1.046475 0.005276
1.232500 1.052654 0.005323
1.237500 1.039866 0.005584
1.242500 1.036281 0.008297
1.247500 1.037607 0.007143
1.252500 1.030959 0.006961
1.257500 1.035083 0.006981
1.262500 1.035165 0.006885
1.267500 1.031866 0.006093
1.272500 1.033082 0.006763
1.277500 1.030020 0.006161
1.282500 1.032182 0.007236
1.287500 1.031258 0.008141
1.292500 1.034061 0.009357
1.297500 1.041460 0.010432
1.302500 1.044752 0.008918
1.307500 1.048472 0.007116
1.312500 1.051055 0.006580
1.317500 1.049990 0.005280
1.322500 1.049209 0.005501
1.327500 1.048980 0.006299
1.332500 1.048354 0.006582
1.337500 1.049295 0.006458
1.342500 1.040881 0.005781
1.347500 1.038389 0.004786
1.352500 1.039373 0.006460
1.357500 1.041289 0.005538
1.362500 1.049321 0.006833
1.367500 1.050407 0.006533
1.372500 1.051194 0.007609
1.377500 1.040239 0.005524
1.382500 1.036716 0.005954
1.387500 1.042930 0.006444
1.392500 1.044660 0.006733
1.397500 1.045197 0.006568
1.402500 1.047900 0.008942
1.407500 1.045067 0.006889
1.412500 1.046826 0.006086
1.417500 1.046776 0.007032
1.422500 1.040838 0.005958
1.427500 1.042452 0.004731
1.432500 1.045882 0.005358
1.437500 1.050116 0.007035
1.442500 1.052212 0.009139
1.447500 1.055149 0.009318
1.452500 1.054181 0.006318
1.457500 1.059247 0.011554
1.462500 1.046274 0.008309
1.467500 1.041085 0.007995
1.472500 1.045277 0.007376
1.477500 1.044120 0.006030
1.482500 1.043737 0.005216
1.487500 1.047710 0.011870
1.492500 1.045359 0.010678
1.497500 1.040962 0.006882
1.502500 1.044273 0.006188
1.507500 1.047727 0.003532
1.512500 1.045186 0.003845
1.517500 1.042602 0.005970
1.522500 1.039646 0.007868
1.527500 1.037718 0.005902
1.532500 1.038987 0.005554
1.537500 1.038744 0.006282
1.542500 1.032503 0.005341
1.547500 1.038924 0.006069
1.552500 1.037886 0.004919
1.557500 1.037824 0.005071
1.562500 1.038212 0.008561
1.567500 1.044806 0.011910
1.572500 1.047833 0.010884
1.577500 1.036032 0.010513
1.582500 1.032522 0.006070
1.587500 1.035362 0.007453
1.592500 1.041397 0.009377
1.597500 1.038825 0.008327
1.602500 1.036348 0.010186
1.607500 1.040224 0.011036
1.612500 1.039232 0.010805
1.617500 1.034444 0.005556
1.622500 1.034388 0.004301
1.627500 1.035226 0.004402
1.632500 1.053292 0.003888
1.637500 1.053604 0.004946
1.642500 1.057279 0.003947
1.647500 1.070027 0.006188
1.652500 1.064071 0.006971
1.657500 1.059251 0.012281
1.662500 1.045758 0.007740
1.667500 1.049625 0.016671
1.672500 1.053442 0.016964
1.677500 1.048703 0.009299
1.682500 1.050107 0.008185
1.687500 1.065933 0.007974
1.692500 1.071533 0.007584
1.697500 1.061741 0.004764
1.702500 1.062046 0.006437
1.707500 1.070454 0.005355
1.712500 1.067959 0.003923
1.717500 1.065590 0.004611
1.722500 1.065412 0.005571
1.727500 1.075441 0.004642
1.732500 1.074267 0.006609
1.737500 1.063027 0.005263
1.742500 1.065488 0.005611
1.747500 1.071929 0.006639
1.752500 1.070182 0.005685
1.757500 1.063421 0.004647
1.762500 1.061969 0.005113
1.767500 1.066335 0.004798
1.772500 1.056737 0.006428
1.777500 1.047787 0.006346
1.782500 1.050302 0.006051
1.787500 1.061080 0.007092
1.792500 1.056992 0.012047
1.797500 1.049088 0.009583
1.802500 1.052438 0.010002
1.807500 1.060920 0.007345
1.812500 1.052653 0.005952
1.817500 1.050300 0.006562
1.822500 1.053773 0.006568
1.827500 1.056072 0.008043
1.832500 1.058106 0.006519
1.837500 1.061200 0.006267
1.842500 1.070859 0.006840
1.847500 1.074627 0.005669
1.852500 1.070191 0.007673
1.857500 1.068347 0.007278
1.862500 1.077351 0.005829
1.867500 1.077096 0.006520
1.872500 1.071346 0.008315
1.877500 1.075563 0.012121
1.882500 1.079886 0.011184
1.887500 1.079341 0.011466
1.892500 1.077239 0.012525
1.897500 1.080034 0.009685
1.902500 1.079061 0.010480
1.907500 1.072025 0.012600
1.912500 1.068091 0.012602
1.917500 1.071914 0.008933
1.922500 1.068952 0.009189
1.927500 1.049149 0.005829
1.932500 1.048014 0.009051
1.937500 1.056858 0.006000
1.942500 1.049149 0.008810
1.947500 1.035252 0.014898
1.952500 1.038843 0.011769
1.957500 1.041596 0.012466
1.962500 1.035780 0.013395
1.967500 1.030415 0.017045
1.972500 1.030278 0.017889
1.977500 1.027267 0.013747
1.982500 1.023941 0.005359
1.987500 1.026092 0.003740
1.992500 1.030080 0.003830
1.997500 1.035695 0.004951
2.002500 1.040452 0.004903
2.007500 1.043618 0.007689
2.012500 1.043404 0.007665
2.017500 1.034781 0.005395
2.022500 1.030040 0.005651
2.027500 1.038829 0.005177
2.032500 1.040520 0.006726
2.037500 1.033757 0.007921
2.042500 1.036562 0.008458
2.047500 1.041194 0.006724
2.052500 1.041846 0.007406
2.057500 1.044804 0.008851
2.062500 1.049586 0.007912
2.067500 1.050924 0.009487
2.072500 1.043443 0.008001
2.077500 1.046150 0.008873
2.082500 1.048208 0.007190
2.087500 1.046579 0.006233
2.092500 1.043786 0.011917
2.097500 1.055251 0.009443
2.102500 1.055085 0.006320
2.107500 1.057409 0.008954
2.112500 1.051024 0.007696
2.117500 1.058250 0.007061
2.122500 1.058412 0.009458
2.127500 1.054105 0.005729
2.132500 1.067081 0.004355
2.137500 1.062825 0.005719
2.142500 1.054763 0.006868
2.147500 1.050081 0.003713
2.152500 1.053265 0.004607
2.157500 1.048673 0.005385
2.162500 1.048203 0.015382
2.167500 1.057198 0.013438
2.172500 1.071341 0.005139
2.177500 1.075992 0.003579
2.182500 1.064219 0.007900
2.187500 1.072855 0.006586
2.192500 1.070517 0.005710
2.197500 1.072849 0.008910
2.202500 1.075342 0.007692
2.207500 1.077477 0.007249
2.212500 1.065693 0.005741
2.217500 1.070672 0.006181
2.222500 1.075771 0.003986
2.227500 1.068055 0.006378
2.232500 1.065587 0.012770
2.237500 1.065556 0.013077
2.242500 1.067353 0.011293
2.247500 1.067373 0.005530
2.252500 1.072440 0.003103
2.257500 1.070560 0.003863
2.262500 1.062854 0.004307
2.267500 1.057672 0.007063
2.272500 1.053656 0.008818
2.277500 1.048170 0.004600
2.282500 1.042819 0.003694
2.287500 1.048533 0.003328
2.292500 1.050829 0.003982
2.297500 1.050421 0.007953
2.302500 1.048401 0.006645
2.307500 1.052697 0.003623
2.312500 1.048144 0.006232
2.317500 1.043652 0.009001
2.322500 1.043140 0.004782
2.327500 1.050478 0.005514
2.332500 1.049673 0.006055
2.337500 1.053827 0.002780
2.342500 1.038851 0.010121
2.347500 1.027028 0.007817
2.352500 1.040715 0.010106
2.357500 1.047742 0.009733
2.362500 1.051424 0.010968
2.367500 1.049360 0.006694
2.372500 1.055218 0.005458
2.377500 1.058337 0.005447
2.382500 1.063221 0.005248
2.387500 1.066024 0.007419
2.392500 1.056621 0.004080
2.397500 1.044619 0.004514
2.402500 1.040304 0.005045
2.407500 1.042994 0.013015
2.412500 1.046673 0.015214
2.417500 1.047646 0.012226
2.422500 1.046902 0.012413
2.427500 1.051834 0.007604
2.432500 1.058539 0.009468
2.437500 1.062321 0.009579
2.442500 1.039253 0.007373
2.447500 1.029715 0.008859
2.452500 1.030956 0.006612
2.457500 1.030833 0.006119
2.462500 1.038176 0.003368
2.467500 1.032103 0.005463
2.472500 1.025082 0.006174
2.477500 1.023656 0.004496
2.482500 1.026176 0.008246
2.487500 1.027163 0.009269
2.492500 1.020035 0.002347
2.497500 1.023333 0.005897
2.502500 1.025452 0.007380
2.507500 1.042142 0.009714
2.512500 1.030537 0.009768
2.517500 1.032326 0.003304
2.522500 1.023825 0.003630
2.527500 1.022309 0.001620
2.532500 1.021258 0.002248
2.537500 1.019505 0.003981
2.542500 1.022637 0.001875
2.547500 1.019222 0.002278
2.552500 1.021516 0.005224
2.557500 1.014449 0.006901
2.562500 1.017110 0.008272
2.567500 1.018258 0.009304
2.572500 1.025979 0.005509
2.577500 1.033702 0.004279
2.582500 1.009791 0.012964
2.587500 0.998538 0.005400
2.592500 0.999512 0.003020
2.597500 1.001507 0.002470
2.602500 1.006461 0.003892
2.607500 1.003651 0.006803
2.612500 0.997748 0.002546
2.617500 1.000000 0.004728
2.622500 0.994314 0.005751
2.627500 0.983519 0.002557
2.632500 0.977104 0.005032
2.637500 0.971325 0.009222
2.642500 0.967254 0.011683
2.647500 0.962708 0.003870
2.652500 0.946074 0.005693
2.657500 0.921615 0.010679
2.662500 0.900772 0.004515
2.667500 0.876848 0.007941
2.672500 0.826363 0.009740
2.677500 0.795434 0.002620
2.682500 0.747132 0.010223
2.687500 0.704959 0.007507
2.692500 0.700098 0.004176
2.697500 0.697099 0.006216
2.702500 0.711176 0.001667
2.707500 0.732868 0.009784
2.712500 0.791147 0.019660
2.717500 0.832350 0.009326
2.722500 0.847931 0.011562
2.727500 0.848832 0.011733
2.732500 0.847479 0.014703
2.737500 0.825378 0.005184
2.742500 0.805129 0.013702
2.747500 0.772029 0.004928
2.752500 0.752693 0.016299
2.757500 0.726001 0.007318
2.762500 0.706922 0.003344
2.767500 0.686088 0.004241
2.772500 0.658601 0.005486
2.777500 0.643219 0.005030
2.782500 0.643124 0.002685
2.787500 0.637641 0.002449
2.792500 0.636466 0.005275
2.797500 0.620337 0.004655
2.802500 0.607215 0.001765
2.807500 0.597549 0.002766
2.812500 0.574763 0.001290
2.817500 0.548209 0.003118
2.822500 0.524135 0.008707
2.827500 0.498869 0.003572
2.832500 0.484757 0.003045
2.837500 0.468224 0.008924
2.842500 0.438750 0.005341
2.847500 0.414779 0.005799
2.852500 0.399962 0.007646
2.857500 0.380306 0.005835
2.862500 0.364115 0.003522
2.867500 0.347284 0.003396
2.872500 0.325117 0.006396
2.877500 0.308856 0.002528
2.882500 0.291144 0.001296
2.887500 0.286164 0.000942
2.892500 0.279230 0.003593
2.897500 0.261506 0.004361
2.902500 0.249643 0.003510
2.907500 0.241462 0.002421
2.912500 0.233232 0.005953
2.917500 0.224250 0.000959
2.922500 0.221958 0.000514
2.927500 0.214160 0.001709
2.932500 0.211221 0.001392
2.937500 0.196425 0.000661
2.942500 0.191113 0.002771
2.947500 0.188788 0.001975
2.952500 0.188443 0.002233
2.957500 0.185711 0.005905
2.962500 0.184663 0.005943
2.967500 0.181270 0.006807
2.972500 0.182551 0.006394
2.977500 0.181818 0.007320
2.982500 0.181322 0.001313
2.987500 0.176820 0.001963
2.992500 0.169448 0.004302
2.997500 0.162351 0.003071
3.002500 0.160278 0.001797
3.007500 0.156529 0.000913
3.012500 0.158037 0.002285
3.017500 0.156362 0.005678
3.022500 0.162430 0.005546
3.027500 0.168359 0.000642
3.032500 0.165882 0.002416
3.037500 0.164448 0.002026
3.042500 0.155182 0.004464
3.047500 0.150016 0.001444
3.052500 0.152814 0.001508
3.057500 0.151236 0.003902
3.062500 0.153360 0.003019
3.067500 0.149185 0.001816
3.072500 0.149376 0.002620
3.077500 0.154659 0.002289
3.082500 0.154283 0.000703
3.087500 0.163010 0.001253
3.092500 0.163266 0.002359
3.097500 0.163973 0.007641
3.102500 0.157260 0.005293
3.107500 0.155703 0.006620
3.112500 0.157801 0.004980
3.117500 0.164034 0.006097
3.122500 0.165854 0.007267
3.127500 0.166046 0.003210
3.132500 0.161836 0.003992
3.137500 0.165669 0.005298
3.142500 0.170238 0.001224
3.147500 0.181394 0.007231
3.152500 0.177764 0.003814
3.157500 0.177776 0.001683
3.162500 0.185100 0.005640
3.167500 0.189482 0.006645
3.172500 0.189058 0.006142
3.177500 0.186903 0.004406
3.182500 0.195204 0.005600
3.187500 0.206722 0.002579
3.192500 0.209019 0.002754
3.197500 0.209331 0.004046
3.202500 0.215835 0.007522
3.207500 0.231998 0.003173
3.212500 0.243779 0.001676
3.217500 0.242543 0.004851
3.222500 0.247310 0.011403
3.227500 0.261956 0.007648
3.232500 0.268861 0.003884
3.237500 0.280563 0.000681
3.242500 0.288690 0.004450
3.247500 0.305084 0.005278
3.252500 0.319572 0.002128
3.257500 0.326673 0.007784
3.262500 0.341994 0.005217
3.267500 0.360481 0.009374
3.272500 0.389828 0.005308
3.277500 0.398126 0.008181
3.282500 0.417388 0.007233
3.287500 0.414926 0.002289
3.292500 0.431506 0.011128
3.297500 0.448880 0.003451
3.302500 0.451390 0.006972
3.307500 0.461572 0.006660
3.312500 0.470334 0.002893
3.317500 0.479994 0.002288
3.322500 0.485564 0.005152
3.327500 0.493658 0.001092
3.332500 0.502665 0.006936
3.337500 0.504107 0.003855
3.342500 0.510810 0.010919
3.347500 0.516007 0.006513
3.352500 0.506715 0.010557
3.357500 0.483709 0.007951
3.362500 0.489067 0.004059
3.367500 0.484689 0.002749
3.372500 0.486999 0.003474
3.377500 0.487818 0.003610
3.382500 0.494732 0.004278
3.387500 0.520441 0.009109
3.392500 0.515245 0.003001
3.397500 0.517296 0.005686
3.402500 0.523987 0.008683
3.407500 0.525498 0.010365
3.412500 0.513224 0.006679
3.417500 0.503497 0.006705
3.422500 0.520802 0.010171
3.427500 0.517068 0.008037
3.432500 0.520779 0.008443
3.437500 0.543113 0.007719
3.442500 0.546266 0.007439
3.447500 0.545131 0.003939
3.452500 0.559756 0.008087
3.457500 0.567304 0.004187
3.462500 0.569009 0.003698
3.467500 0.572644 0.002978
3.472500 0.577371 0.007531
3.477500 0.569491 0.001993
3.482500 0.555019 0.010794
3.487500 0.562525 0.008502
3.492500 0.580388 0.006490
3.497500 0.591590 0.008220
3.502500 0.599069 0.005580
3.507500 0.613691 0.003318
3.512500 0.612098 0.003082
3.517500 0.608334 0.004957
3.522500 0.604502 0.003974
3.527500 0.618396 0.004894
3.532500 0.624474 0.006212
3.537500 0.628238 0.002750
3.542500 0.633967 0.005870
3.547500 0.655456 0.007457
3.552500 0.629371 0.002487
3.557500 0.636643 0.011355
3.562500 0.672290 0.010987
3.567500 0.660459 0.005961
3.572500 0.691752 0.007804
3.577500 0.682535 0.002723
3.582500 0.696501 0.006337
3.587500 0.706841 0.010566
3.592500 0.710805 0.009239
3.597500 0.700912 0.003051
3.602500 0.715707 0.014501
3.607500 0.757542 0.005983
3.612500 0.760163 0.011739
3.617500 0.766352 0.008132
3.622500 0.767960 0.009067
3.627500 0.756823 0.011387
3.632500 0.747877 0.005909
3.637500 0.767718 0.003314
3.642500 0.761550 0.004070
3.647500 0.757052 0.015980
3.652500 0.757151 0.003901
3.657500 0.760884 0.003380
3.662500 0.761394 0.009370
3.667500 0.768323 0.007001
3.672500 0.770876 0.017923
3.677500 0.763113 0.018454
3.682500 0.758966 0.011782
3.687500 0.749044 0.005773
3.692500 0.754434 0.004900
3.697500 0.753487 0.004319
3.702500 0.765535 0.004583
3.707500 0.770414 0.004225
3.712500 0.770731 0.004015
3.717500 0.771478 0.006864
3.722500 0.759197 0.004099
3.727500 0.750674 0.005821
3.732500 0.771609 0.003714
3.737500 0.755606 0.017585
3.742500 0.756005 0.019199
3.747500 0.754723 0.008008
3.752500 0.748757 0.006893
3.757500 0.736033 0.006351
3.762500 0.731651 0.008348
3.767500 0.729537 0.006628
3.772500 0.726416 0.003648
3.777500 0.726210 0.003815
3.782500 0.732597 0.003640
3.787500 0.731939 0.002750
3.792500 0.725058 0.005105
3.797500 0.719429 0.004166
3.802500 0.718635 0.003442
3.807500 0.723171 0.003541
3.812500 0.716986 0.006081
3.817500 0.702288 0.003126
3.822500 0.698881 0.010979
3.827500 0.700520 0.007868
3.832500 0.706562 0.007024
3.837500 0.689124 0.002311
3.842500 0.684155 0.008035
3.847500 0.676758 0.014318
3.852500 0.673086 0.007597
3.857500 0.680922 0.005996
3.862500 0.675746 0.007006
3.867500 0.687879 0.013245
3.872500 0.675819 0.013767
3.877500 0.667023 0.002817
3.882500 0.672144 0.015571
3.887500 0.670220 0.014507
3.892500 0.651294 0.009394
3.897500 0.651809 0.013077
3.902500 0.652677 0.002136
3.907500 0.646008 0.007001
3.912500 0.637289 0.002621
3.917500 0.635356 0.002275
3.922500 0.631243 0.005567
3.927500 0.621158 0.011400
3.932500 0.626550 0.013891
3.937500 0.618825 0.009619
3.942500 0.606781 0.004402
3.947500 0.606796 0.008873
3.952500 0.616532 0.018097
3.957500 0.625775 0.020538
3.962500 0.638492 0.016540
3.967500 0.629048 0.021169
3.972500 0.594643 0.010133
3.977500 0.608357 0.015956
3.982500 0.587780 0.010842
3.987500 0.594889 0.016924
3.992500 0.583280 0.013965
3.997500 0.588058 0.017871
4.002500 0.592486 0.012151
4.007500 0.569262 0.015719
4.012500 0.551239 0.008274
4.017500 0.548722 0.005858
4.022500 0.560902 0.018441
4.027500 0.544073 0.004964
4.032500 0.512267 0.016671
4.037500 0.489165 0.008365
4.042500 0.457844 0.013558
4.047500 0.449060 0.007215
4.052500 0.433011 0.011247
4.057500 0.420364 0.005833
4.062500 0.417259 0.006979
4.067500 0.412409 0.012764
4.072500 0.418097 0.004286
4.077500 0.415040 0.003253
4.082500 0.401960 0.005044
4.087500 0.407450 0.001004
4.092500 0.424961 0.017118
4.097500 0.431136 0.007534
4.102500 0.439809 0.005247
4.107500 0.443866 0.011878
4.112500 0.449389 0.011264
4.117500 0.445133 0.018021
4.122500 0.470994 0.010389
4.127500 0.462381 0.023381
4.132500 0.445643 0.004283
4.137500 0.433800 0.010769
4.142500 0.457361 0.009380
4.147500 0.475378 0.003079
4.152500 0.491969 0.003697
4.157500 0.511645 0.001092
4.162500 0.537883 0.003639
4.167500 0.560175 0.010633
4.172500 0.596070 0.006179
4.177500 0.682837 0.017749
4.182500 0.733978 0.014773
4.187500 0.831912 0.021664
4.192500 0.960820 0.006034
4.197500 0.993498 0.012325
4.202500 0.951245 0.020150
4.207500 0.855212 0.021911
4.212500 0.723867 0.027912
4.217500 0.556481 0.007030
4.222500 0.478213 0.005523
4.227500 0.430149 0.009838
4.232500 0.369606 0.012764
4.237500 0.337590 0.010798
4.242500 0.350210 0.011000
4.247500 0.340540 0.012698
4.252500 0.365853 0.008787
4.257500 0.372574 0.003268
4.262500 0.387206 0.006522
4.267500 0.370204 0.011026
4.272500 0.334359 0.006014
4.277500 0.348385 0.015034
4.282500 0.435690 0.008814
4.287500 0.497501 0.018818
4.292500 0.618849 0.013750
4.297500 0.742933 0.014558
4.302500 0.853183 0.021500
4.307500 1.036436 0.019601
4.312500 1.134457 0.026894
4.317500 1.180218 0.013419
4.322500 1.196047 0.004909
4.327500 1.178912 0.023008
4.332500 1.144294 0.014908
4.337500 1.164863 0.018038
4.342500 1.146617 0.006853
4.347500 1.140190 0.007433
4.352500 1.097035 0.006541
4.357500 1.059527 0.019239
4.362500 1.003634 0.003787
4.367500 0.957414 0.021469
4.372500 0.850087 0.010696
4.377500 0.683546 0.011222
4.382500 0.597871 0.022181
4.387500 0.641796 0.014150
4.392500 0.717132 0.004582
4.397500 0.831244 0.016258
4.402500 0.879017 0.018656
4.407500 0.883958 0.021192
4.412500 0.867163 0.026980
4.417500 0.907215 0.020917
4.422500 0.927609 0.017929
4.427500 0.969899 0.024425
4.432500 0.948283 0.010056
4.437500 0.934448 0.005705
4.442500 0.910012 0.012097
4.447500 0.895060 0.019638
4.452500 0.937996 0.023003
4.457500 0.905579 0.009870
4.462500 0.850979 0.007962
4.467500 0.877224 0.003504
4.472500 0.900473 0.016416
4.477500 0.864308 0.005647
4.482500 0.882001 0.019740
4.487500 0.879001 0.035766
4.492500 0.915662 0.021200
4.497500 0.915288 0.025304
4.502500 0.972961 0.007735
4.507500 0.955698 0.005922
4.512500 0.940640 0.010147
4.517500 0.933798 0.012026
4.522500 0.884774 0.028178
4.527500 0.878078 0.010293
4.532500 0.900898 0.003877
4.537500 0.888492 0.002292
4.542500 0.906469 0.012709
4.547500 0.929887 0.015859
4.552500 0.935871 0.014191
4.557500 0.911670 0.024817
4.562500 0.907681 0.004517
4.567500 0.892947 0.010155
4.572500 0.877878 0.015618
4.577500 0.876111 0.010299
4.582500 0.934636 0.018874
4.587500 0.905439 0.006048
4.592500 0.849152 0.018631
4.597500 0.866696 0.032509
4.602500 0.837896 0.005807
4.607500 0.833957 0.037679
4.612500 0.833329 0.017336
4.617500 0.826870 0.005687
4.622500 0.814325 0.010699
4.627500 0.828275 0.025187
4.632500 0.823539 0.030234
4.637500 0.838467 0.005620
4.642500 0.827510 0.013957
4.647500 0.813379 0.017779
4.652500 0.810690 0.008069
4.657500 0.753629 0.006844
4.662500 0.680966 0.014525
4.667500 0.595290 0.015316
4.672500 0.535095 0.023379
4.677500 0.439706 0.009198
4.682500 0.478320 0.019416
4.687500 0.538069 0.010167
4.692500 0.581706 0.032514
4.697500 0.687832 0.016023
4.702500 0.750418 0.014978
4.707500 0.812382 0.004204
4.712500 0.833740 0.013889
4.717500 0.878056 0.006309
4.722500 0.901294 0.022034
4.727500 0.922050 0.035374
4.732500 0.910792 0.018476
4.737500 0.897825 0.009060
4.742500 0.924092 0.017666
4.747500 0.924545 0.023392
4.752500 0.907640 0.015138
4.757500 0.920674 0.020535
4.762500 0.967363 0.037858
4.767500 0.953960 0.027289
4.772500 0.937710 0.006944
4.777500 0.958988 0.030600
4.782500 0.919977 0.027567
4.787500 0.913248 0.027047
4.792500 0.875477 0.022958
4.797500 0.861867 0.035754
4.802500 0.868265 0.033759
4.807500 0.883153 0.019609
4.812500 0.905680 0.006736
4.817500 0.904615 0.026325
4.822500 0.816340 0.004999
4.827500 0.831832 0.033345
4.832500 0.853832 0.016786
4.837500 0.874146 0.033022
4.842500 0.914901 0.023638
4.847500 0.909053 0.012836
4.852500 0.886784 0.017019
4.857500 0.893061 0.016203
4.862500 0.949588 0.011248
4.867500 0.958107 0.007974
4.872500 0.932772 0.018007
4.877500 0.901067 0.011285
4.882500 0.863057 0.019783
4.887500 0.869794 0.035341
4.892500 0.819076 0.046031
4.897500 0.828675 0.053019
4.902500 0.806913 0.022412
4.907500 0.870421 0.009804
4.912500 0.917244 0.025036
4.917500 0.959812 0.015352
4.922500 0.944589 0.021011
4.927500 0.867750 0.018438
4.932500 0.936594 0.017916
4.937500 0.957117 0.005488
4.942500 0.903056 0.018552
4.947500 0.909947 0.011183
4.952500 0.947726 0.052379
4.957500 0.911449 0.034312
4.962500 0.914894 0.019866
4.967500 0.930878 0.023638
4.972500 0.927588 0.033455
4.977500 0.919043 0.030913
4.982500 0.952695 0.008258
4.987500 0.929615 0.024174
4.992500 0.919790 0.036194
4.997500 0.920949 0.020638
5.002500 0.926259 0.016934
5.007500 0.949690 0.022240
5.012500 0.948406 0.040445
5.017500 0.956521 0.021568
5.022500 0.965789 0.014132
5.027500 0.983686 0.027414
5.032500 0.964031 0.051266
5.037500 0.887412 0.030308
5.042500 0.885531 0.011245
5.047500 0.856338 0.007052
5.052500 0.833289 0.025928
5.057500 0.905099 0.003381
5.062500 0.961514 0.002895
5.067500 0.921895 0.013851
5.072500 0.854322 0.025132
5.077500 0.907934 0.020337
5.082500 0.916942 0.015825
5.087500 0.919922 0.010290
5.092500 0.970362 0.023315
5.097500 0.917361 0.039389
