# DATE = 2025-03-12
# PIPE_VER = 1.17.1
# PMAP = jwst_1322.pmap
# STANDARD_STAR = SNAP-2
# 
# Wavelength (microns), arbitrary reflectance, uncertainty
0.702500 0.718538 0.019678
0.707500 0.728467 0.014962
0.712500 0.761469 0.014123
0.717500 0.749955 0.016537
0.722500 0.744537 0.029106
0.727500 0.765546 0.026229
0.732500 0.770017 0.029192
0.737500 0.766261 0.017712
0.742500 0.772946 0.019583
0.747500 0.770644 0.018037
0.752500 0.795313 0.018333
0.757500 0.821735 0.018442
0.762500 0.834375 0.020645
0.767500 0.819980 0.031731
0.772500 0.812422 0.038238
0.777500 0.835583 0.032594
0.782500 0.825378 0.027060
0.787500 0.822656 0.023067
0.792500 0.800874 0.020104
0.797500 0.795003 0.020516
0.802500 0.818052 0.017678
0.807500 0.848732 0.031930
0.812500 0.876764 0.034871
0.817500 0.882678 0.034024
0.822500 0.889300 0.026835
0.827500 0.876027 0.029028
0.832500 0.869454 0.029156
0.837500 0.868287 0.029981
0.842500 0.879203 0.033622
0.847500 0.889699 0.032300
0.852500 0.889428 0.034168
0.857500 0.894673 0.024112
0.862500 0.911873 0.013073
0.867500 0.922779 0.015167
0.872500 0.935973 0.016455
0.877500 0.936002 0.022378
0.882500 0.934748 0.014009
0.887500 0.945502 0.022482
0.892500 0.942077 0.019627
0.897500 0.938329 0.019174
0.902500 0.946105 0.020520
0.907500 0.958007 0.021936
0.912500 0.969779 0.021106
0.917500 0.972041 0.020855
0.922500 0.975881 0.023398
0.927500 0.975234 0.024382
0.932500 0.975455 0.026119
0.937500 0.967984 0.030540
0.942500 0.967746 0.032980
0.947500 0.980314 0.030899
0.952500 0.983424 0.032499
0.957500 0.992250 0.029804
0.962500 0.991272 0.023672
0.967500 1.006671 0.023004
0.972500 1.008896 0.027274
0.977500 1.013151 0.035383
0.982500 1.021519 0.037439
0.987500 1.028359 0.036612
0.992500 1.021506 0.037801
0.997500 1.029410 0.032944
1.002500 1.029862 0.038328
1.007500 1.033503 0.038328
1.012500 1.030537 0.034317
1.017500 1.034343 0.033616
1.022500 1.037903 0.032370
1.027500 1.040856 0.032347
1.032500 1.042530 0.031293
1.037500 1.053557 0.029584
1.042500 1.049309 0.032379
1.047500 1.056736 0.026835
1.052500 1.054572 0.024113
1.057500 1.056287 0.023821
1.062500 1.057877 0.029624
1.067500 1.058291 0.031658
1.072500 1.059970 0.029206
1.077500 1.058079 0.030539
1.082500 1.060327 0.032151
1.087500 1.067447 0.027849
1.092500 1.072039 0.031521
1.097500 1.076335 0.032057
1.102500 1.088125 0.031689
1.107500 1.091776 0.033198
1.112500 1.090014 0.036266
1.117500 1.102114 0.037018
1.122500 1.103634 0.032924
1.127500 1.104568 0.029969
1.132500 1.097062 0.029627
1.137500 1.092584 0.024298
1.142500 1.100895 0.033142
1.147500 1.092997 0.030159
1.152500 1.093570 0.030155
1.157500 1.089045 0.034715
1.162500 1.088306 0.025252
1.167500 1.101232 0.025059
1.172500 1.104320 0.029660
1.177500 1.116320 0.029393
1.182500 1.128335 0.031258
1.187500 1.127251 0.031940
1.192500 1.124083 0.032627
1.197500 1.119714 0.036546
1.202500 1.110890 0.036596
1.207500 1.113898 0.036194
1.212500 1.118471 0.035198
1.217500 1.128227 0.034695
1.222500 1.132083 0.029679
1.227500 1.139407 0.027787
1.232500 1.151723 0.026161
1.237500 1.139717 0.033189
1.242500 1.124863 0.038971
1.247500 1.115332 0.034477
1.252500 1.118600 0.041726
1.257500 1.123051 0.043125
1.262500 1.125050 0.030985
1.267500 1.117392 0.042375
1.272500 1.109638 0.042533
1.277500 1.117881 0.040506
1.282500 1.118816 0.043897
1.287500 1.125542 0.037338
1.292500 1.135760 0.035890
1.297500 1.135168 0.035638
1.302500 1.136590 0.037215
1.307500 1.137617 0.041343
1.312500 1.126237 0.037233
1.317500 1.127439 0.033422
1.322500 1.138010 0.029414
1.327500 1.141964 0.023823
1.332500 1.144528 0.026673
1.337500 1.145851 0.028629
1.342500 1.138552 0.032410
1.347500 1.138145 0.034656
1.352500 1.136103 0.035501
1.357500 1.140642 0.032829
1.362500 1.155462 0.030077
1.367500 1.157640 0.028018
1.372500 1.165369 0.026112
1.377500 1.155249 0.029654
1.382500 1.153671 0.032646
1.387500 1.152010 0.034664
1.392500 1.152363 0.033858
1.397500 1.151088 0.035958
1.402500 1.149491 0.029548
1.407500 1.149329 0.027439
1.412500 1.145089 0.029326
1.417500 1.144945 0.020532
1.422500 1.152420 0.011232
1.427500 1.162935 0.010537
1.432500 1.166359 0.017345
1.437500 1.166761 0.032368
1.442500 1.161927 0.033573
1.447500 1.145717 0.038391
1.452500 1.137233 0.043621
1.457500 1.131808 0.033738
1.462500 1.130295 0.037408
1.467500 1.146649 0.037345
1.472500 1.154159 0.029003
1.477500 1.158672 0.017549
1.482500 1.155954 0.016532
1.487500 1.156331 0.018231
1.492500 1.151017 0.025588
1.497500 1.148184 0.038256
1.502500 1.151493 0.038414
1.507500 1.154041 0.031731
1.512500 1.152771 0.035697
1.517500 1.147458 0.031782
1.522500 1.142795 0.032947
1.527500 1.147655 0.033918
1.532500 1.152456 0.033860
1.537500 1.137718 0.029173
1.542500 1.135110 0.029284
1.547500 1.141201 0.030602
1.552500 1.136190 0.030986
1.557500 1.136171 0.031350
1.562500 1.133910 0.033741
1.567500 1.131046 0.032518
1.572500 1.131678 0.031550
1.577500 1.135092 0.019442
1.582500 1.136875 0.021395
1.587500 1.131107 0.018943
1.592500 1.126691 0.029860
1.597500 1.104225 0.051578
1.602500 1.100430 0.056781
1.607500 1.102538 0.052076
1.612500 1.116923 0.041805
1.617500 1.134357 0.024668
1.622500 1.136989 0.022638
1.627500 1.145396 0.018297
1.632500 1.150235 0.017858
1.637500 1.146274 0.027196
1.642500 1.143428 0.026384
1.647500 1.154250 0.028856
1.652500 1.155670 0.043753
1.657500 1.156348 0.047929
1.662500 1.152633 0.047427
1.667500 1.140663 0.049584
1.672500 1.132669 0.039905
1.677500 1.135077 0.022773
1.682500 1.135372 0.029752
1.687500 1.141212 0.035709
1.692500 1.120856 0.048013
1.697500 1.125108 0.048326
1.702500 1.138774 0.052358
1.707500 1.133837 0.050918
1.712500 1.149689 0.031773
1.717500 1.162951 0.017042
1.722500 1.153334 0.020258
1.727500 1.159495 0.020827
1.732500 1.154771 0.014458
1.737500 1.146818 0.014897
1.742500 1.148919 0.016498
1.747500 1.147210 0.029726
1.752500 1.136042 0.046446
1.757500 1.136766 0.043438
1.762500 1.121809 0.042950
1.767500 1.118633 0.038929
1.772500 1.119016 0.029692
1.777500 1.119687 0.029439
1.782500 1.116217 0.033221
1.787500 1.123072 0.028993
1.792500 1.099325 0.020342
1.797500 1.097166 0.023504
1.802500 1.101675 0.026093
1.807500 1.104438 0.022672
1.812500 1.113313 0.027921
1.817500 1.113789 0.032214
1.822500 1.127142 0.033207
1.827500 1.130655 0.035300
1.832500 1.134466 0.033378
1.837500 1.137373 0.031559
1.842500 1.137483 0.030510
1.847500 1.133197 0.023714
1.852500 1.131233 0.030409
1.857500 1.128642 0.032814
1.862500 1.129328 0.023600
1.867500 1.130826 0.029374
1.872500 1.117098 0.033002
1.877500 1.130655 0.043616
1.882500 1.114423 0.048980
1.887500 1.125166 0.028093
1.892500 1.136964 0.024087
1.897500 1.142027 0.032272
1.902500 1.136219 0.029715
1.907500 1.126309 0.040095
1.912500 1.119074 0.037333
1.917500 1.119975 0.032852
1.922500 1.127802 0.028496
1.927500 1.132894 0.027600
1.932500 1.129493 0.031365
1.937500 1.113524 0.036625
1.942500 1.092452 0.039254
1.947500 1.085850 0.034299
1.952500 1.083428 0.037450
1.957500 1.097374 0.024098
1.962500 1.094193 0.020391
1.967500 1.084455 0.024519
1.972500 1.096054 0.025317
1.977500 1.081781 0.039642
1.982500 1.076146 0.035561
1.987500 1.084635 0.033425
1.992500 1.079649 0.026070
1.997500 1.083843 0.019918
2.002500 1.082552 0.021222
2.007500 1.072909 0.028252
2.012500 1.076123 0.026764
2.017500 1.079420 0.027496
2.022500 1.080469 0.031429
2.027500 1.085911 0.026785
2.032500 1.072710 0.036401
2.037500 1.066753 0.043253
2.042500 1.075150 0.041601
2.047500 1.086629 0.035400
2.052500 1.070118 0.036807
2.057500 1.052739 0.037479
2.062500 1.048715 0.027654
2.067500 1.038465 0.031538
2.072500 1.056218 0.034555
2.077500 1.076412 0.040008
2.082500 1.079346 0.032863
2.087500 1.097060 0.016969
2.092500 1.075156 0.023548
2.097500 1.067931 0.020956
2.102500 1.072124 0.023584
2.107500 1.058038 0.031583
2.112500 1.057402 0.032497
2.117500 1.068658 0.031003
2.122500 1.065650 0.020634
2.127500 1.056437 0.024474
2.132500 1.058584 0.031395
2.137500 1.051253 0.027859
2.142500 1.074570 0.020128
2.147500 1.096621 0.018344
2.152500 1.093683 0.019849
2.157500 1.100670 0.029514
2.162500 1.086768 0.036678
2.167500 1.088513 0.038078
2.172500 1.078539 0.027197
2.177500 1.076306 0.024795
2.182500 1.069258 0.027187
2.187500 1.063472 0.017699
2.192500 1.063666 0.026620
2.197500 1.062936 0.029824
2.202500 1.072297 0.017465
2.207500 1.077793 0.022748
2.212500 1.069146 0.023790
2.217500 1.068961 0.025029
2.222500 1.065450 0.026924
2.227500 1.067878 0.031943
2.232500 1.073104 0.036112
2.237500 1.072111 0.024919
2.242500 1.077098 0.028979
2.247500 1.044357 0.039327
2.252500 1.052889 0.032515
2.257500 1.037671 0.024929
2.262500 1.022905 0.022408
2.267500 1.029983 0.023980
2.272500 1.033096 0.032875
2.277500 1.040687 0.037539
2.282500 1.047099 0.027054
2.287500 1.037619 0.029382
2.292500 1.035770 0.016521
2.297500 1.030007 0.029122
2.302500 1.026278 0.027605
2.307500 1.032956 0.024415
2.312500 1.040699 0.022637
2.317500 1.038526 0.033496
2.322500 1.032411 0.048098
2.327500 1.026352 0.052066
2.332500 1.001750 0.044818
2.337500 1.034551 0.036545
2.342500 1.039036 0.023020
2.347500 1.065346 0.014441
2.352500 1.059966 0.018213
2.357500 1.041092 0.033847
2.362500 1.040237 0.036851
2.367500 1.027119 0.037750
2.372500 1.032630 0.036944
2.377500 1.041937 0.019572
2.382500 1.021638 0.029503
2.387500 1.031825 0.038231
2.392500 1.021912 0.037349
2.397500 1.007482 0.045258
2.402500 0.985936 0.025245
2.407500 0.994588 0.014430
2.412500 1.006868 0.012844
2.417500 1.019423 0.020825
2.422500 1.027119 0.035840
2.427500 1.031371 0.041656
2.432500 1.032591 0.027304
2.437500 1.029148 0.032977
2.442500 1.005174 0.033502
2.447500 0.992164 0.018657
2.452500 0.978114 0.028415
2.457500 0.971391 0.027702
2.462500 0.989825 0.031122
2.467500 1.014258 0.031093
2.472500 1.017445 0.023995
2.477500 1.014234 0.023220
2.482500 1.005490 0.023437
2.487500 0.989058 0.027452
2.492500 0.997374 0.026172
2.497500 0.997063 0.014173
2.502500 1.013294 0.020339
2.507500 1.023627 0.019607
2.512500 1.012530 0.004655
2.517500 1.002923 0.008650
2.522500 0.996417 0.010390
2.527500 1.008540 0.004932
2.532500 1.020731 0.007085
2.537500 1.025647 0.019247
2.542500 1.017138 0.031835
2.547500 0.989870 0.035470
2.552500 0.970989 0.030484
2.557500 0.981968 0.033481
2.562500 0.990592 0.025155
2.567500 1.005301 0.027361
2.572500 1.005305 0.038024
2.577500 1.005102 0.034789
2.582500 0.993523 0.031750
2.587500 1.000000 0.019805
2.592500 1.013916 0.005592
2.597500 0.998335 0.011282
2.602500 1.002190 0.004934
2.607500 0.984450 0.009932
2.612500 0.978234 0.024019
2.617500 0.974706 0.026165
2.622500 1.002513 0.019854
2.627500 1.001574 0.019919
2.632500 0.988381 0.019732
2.637500 0.973470 0.035840
2.642500 0.958838 0.035509
2.647500 0.955217 0.031008
2.652500 0.954678 0.029201
2.657500 0.950313 0.020555
2.662500 0.945786 0.012606
2.667500 0.951946 0.014943
2.672500 0.953164 0.017449
2.677500 0.927038 0.024317
2.682500 0.905587 0.022370
2.687500 0.886551 0.023185
2.692500 0.875948 0.030619
2.697500 0.861367 0.023144
2.702500 0.863666 0.016045
2.707500 0.838850 0.005303
2.712500 0.819243 0.015377
2.717500 0.810898 0.014684
2.722500 0.827156 0.026067
2.727500 0.830357 0.027457
2.732500 0.823599 0.026488
2.737500 0.827276 0.026067
2.742500 0.825300 0.031476
2.747500 0.796971 0.019187
2.752500 0.757835 0.025437
2.757500 0.744816 0.025320
2.762500 0.724329 0.011570
2.767500 0.677225 0.033632
2.772500 0.629976 0.020954
2.777500 0.597402 0.024487
2.782500 0.585775 0.025721
2.787500 0.556865 0.021999
2.792500 0.552407 0.005804
2.797500 0.507270 0.026586
2.802500 0.493508 0.008643
2.807500 0.474155 0.002444
2.812500 0.443548 0.008486
2.817500 0.406032 0.009300
2.822500 0.370989 0.011191
2.827500 0.343340 0.004170
2.832500 0.324487 0.009488
2.837500 0.303309 0.009471
2.842500 0.266969 0.006614
2.847500 0.238074 0.007418
2.852500 0.226992 0.007856
2.857500 0.208387 0.011053
2.862500 0.168628 0.012283
2.867500 0.155458 0.012782
2.872500 0.157387 0.004826
2.877500 0.140263 0.014585
2.882500 0.125923 0.014796
2.887500 0.136218 0.003907
2.892500 0.131042 0.010902
2.897500 0.125017 0.018379
2.902500 0.100670 0.021386
2.907500 0.092948 0.018412
2.912500 0.080634 0.003584
2.917500 0.083309 0.012306
2.922500 0.085219 0.010850
2.927500 0.081985 0.004739
2.932500 0.073029 0.002015
2.937500 0.066979 0.003625
2.942500 0.060881 0.001070
2.947500 0.062098 0.001570
2.952500 0.049803 0.008068
2.957500 0.055696 0.008121
2.962500 0.062141 0.007578
2.967500 0.059064 0.006700
2.972500 0.055467 0.006965
2.977500 0.056128 0.008662
2.982500 0.057198 0.008401
2.987500 0.054891 0.003351
2.992500 0.055922 0.002784
2.997500 0.056281 0.002473
3.002500 0.060483 0.004760
3.007500 0.059054 0.005663
3.012500 0.069983 0.008113
3.017500 0.062759 0.008535
3.022500 0.056036 0.004264
3.027500 0.062227 0.007072
3.032500 0.058903 0.008979
3.037500 0.056674 0.007647
3.042500 0.050599 0.005338
3.047500 0.042032 0.001280
3.052500 0.054989 0.005190
3.057500 0.048569 0.004115
3.062500 0.051871 0.006499
3.067500 0.058262 0.008988
3.072500 0.050115 0.004860
3.077500 0.056759 0.002935
3.082500 0.049394 0.001953
3.087500 0.045348 0.003694
3.092500 0.039820 0.000813
3.097500 0.044545 0.008855
3.102500 0.051991 0.011770
3.107500 0.057059 0.011120
3.112500 0.049632 0.005520
3.117500 0.049978 0.005204
3.122500 0.049257 0.004643
3.127500 0.045902 0.002968
3.132500 0.059859 0.009569
3.137500 0.079617 0.007558
3.142500 0.081214 0.005403
3.147500 0.065034 0.010950
3.152500 0.054123 0.007622
3.157500 0.056099 0.010968
3.162500 0.053612 0.006460
3.167500 0.073301 0.009432
3.172500 0.069015 0.003659
3.177500 0.068751 0.005284
3.182500 0.061609 0.002264
3.187500 0.069188 0.013890
3.192500 0.076444 0.006828
3.197500 0.074489 0.001870
3.202500 0.077296 0.003473
3.207500 0.082628 0.005414
3.212500 0.094340 0.006274
3.217500 0.086730 0.002052
3.222500 0.093011 0.006345
3.227500 0.086648 0.006291
3.232500 0.092809 0.009463
3.237500 0.104219 0.009891
3.242500 0.112977 0.009930
3.247500 0.124466 0.010611
3.252500 0.127459 0.017999
3.257500 0.121633 0.013605
3.262500 0.111151 0.008690
3.267500 0.132739 0.014477
3.272500 0.147110 0.016445
3.277500 0.157914 0.018184
3.282500 0.153124 0.027028
3.287500 0.175101 0.024073
3.292500 0.157254 0.015379
3.297500 0.144166 0.009785
3.302500 0.153770 0.003653
3.307500 0.161452 0.009164
3.312500 0.197118 0.000800
3.317500 0.193925 0.031084
3.322500 0.206622 0.035110
3.327500 0.222693 0.035463
3.332500 0.195196 0.026059
3.337500 0.187009 0.014849
3.342500 0.173625 0.018553
3.347500 0.183017 0.006927
3.352500 0.192999 0.009649
3.357500 0.187031 0.013798
3.362500 0.185772 0.005612
3.367500 0.190936 0.004882
3.372500 0.187227 0.003587
3.377500 0.182816 0.007084
3.382500 0.187814 0.012130
3.387500 0.198443 0.014621
3.392500 0.183740 0.015270
3.397500 0.200503 0.020490
3.402500 0.187382 0.008822
3.407500 0.195380 0.010131
3.412500 0.202725 0.020787
3.417500 0.239033 0.013655
3.422500 0.231597 0.011807
3.427500 0.214800 0.014287
3.432500 0.234010 0.007609
3.437500 0.252416 0.006233
3.442500 0.264650 0.006530
3.447500 0.264104 0.012560
3.452500 0.238355 0.016601
3.457500 0.243878 0.003336
3.462500 0.220350 0.012890
3.467500 0.228270 0.024284
3.472500 0.216027 0.016498
3.477500 0.218984 0.007601
3.482500 0.220209 0.008957
3.487500 0.221372 0.010355
3.492500 0.238895 0.018863
3.497500 0.224881 0.014988
3.502500 0.227025 0.023749
3.507500 0.236976 0.012925
3.512500 0.239169 0.005649
3.517500 0.240089 0.006749
3.522500 0.235246 0.002198
3.527500 0.230249 0.011855
3.532500 0.252802 0.002527
3.537500 0.247004 0.003208
3.542500 0.241079 0.010410
3.547500 0.276033 0.013050
3.552500 0.290561 0.010324
3.557500 0.279291 0.019418
3.562500 0.292667 0.021621
3.567500 0.301322 0.017939
3.572500 0.308864 0.015648
3.577500 0.346302 0.019574
3.582500 0.378661 0.025444
3.587500 0.364347 0.006463
3.592500 0.359442 0.031377
3.597500 0.369325 0.023731
3.602500 0.355878 0.023121
3.607500 0.351569 0.017828
3.612500 0.367063 0.026181
3.617500 0.383418 0.040614
3.622500 0.414960 0.010057
3.627500 0.411819 0.004901
3.632500 0.415455 0.024750
3.637500 0.412748 0.029653
3.642500 0.415006 0.021248
3.647500 0.402098 0.029827
3.652500 0.414725 0.021002
3.657500 0.375722 0.009418
3.662500 0.384808 0.007306
3.667500 0.355814 0.006104
3.672500 0.403217 0.023366
3.677500 0.412236 0.033099
3.682500 0.412318 0.014579
3.687500 0.421459 0.036649
3.692500 0.386728 0.039345
3.697500 0.397149 0.035212
3.702500 0.397807 0.008151
3.707500 0.386532 0.007985
3.712500 0.378923 0.013881
3.717500 0.394892 0.005922
3.722500 0.386087 0.012774
3.727500 0.429634 0.009152
3.732500 0.453386 0.036107
3.737500 0.492014 0.023301
3.742500 0.493494 0.028609
3.747500 0.527373 0.013649
3.752500 0.450904 0.043912
3.757500 0.423312 0.028363
3.762500 0.392243 0.012304
3.767500 0.388277 0.031281
3.772500 0.416717 0.004081
3.777500 0.426268 0.019114
3.782500 0.420399 0.016806
3.787500 0.410740 0.046487
3.792500 0.405467 0.014427
3.797500 0.401265 0.014299
3.802500 0.404344 0.004973
3.807500 0.404879 0.006427
3.812500 0.387741 0.028921
3.817500 0.395391 0.029458
3.822500 0.448736 0.014634
3.827500 0.438709 0.033301
3.832500 0.438906 0.002582
3.837500 0.411639 0.037509
3.842500 0.404494 0.016845
3.847500 0.398922 0.011964
3.852500 0.397680 0.021822
3.857500 0.382551 0.033033
3.862500 0.412052 0.026798
3.867500 0.434549 0.044394
3.872500 0.477923 0.004258
3.877500 0.404734 0.015685
3.882500 0.391366 0.006587
3.887500 0.405101 0.004246
3.892500 0.371515 0.037010
3.897500 0.412434 0.033311
3.902500 0.411896 0.005333
3.907500 0.394249 0.017627
3.912500 0.375075 0.005735
3.917500 0.336932 0.020124
3.922500 0.358182 0.030852
3.927500 0.399327 0.028553
3.932500 0.411322 0.007229
3.937500 0.409230 0.016227
3.942500 0.394376 0.019453
3.947500 0.385160 0.039723
3.952500 0.385844 0.023422
3.957500 0.391236 0.014696
3.962500 0.393047 0.026161
3.967500 0.347084 0.023377
3.972500 0.373296 0.013804
3.977500 0.366757 0.049663
3.982500 0.382712 0.028150
3.987500 0.387909 0.022716
3.992500 0.403451 0.020278
3.997500 0.400139 0.018219
4.002500 0.420482 0.013561
4.007500 0.450931 0.017375
4.012500 0.482228 0.008301
4.017500 0.514147 0.033859
4.022500 0.489257 0.033058
4.027500 0.456861 0.042827
4.032500 0.436050 0.041502
4.037500 0.409940 0.052399
4.042500 0.374604 0.029806
4.047500 0.359240 0.027506
4.052500 0.374420 0.015902
4.057500 0.494617 0.016304
4.062500 0.476363 0.024000
4.067500 0.375810 0.032790
4.072500 0.398769 0.048303
4.077500 0.427381 0.014907
4.082500 0.393837 0.026010
4.087500 0.372201 0.024455
4.092500 0.493995 0.034987
4.097500 0.459125 0.032718
4.102500 0.393469 0.020254
4.107500 0.395071 0.026994
4.112500 0.349407 0.042300
4.117500 0.389675 0.024415
4.122500 0.473954 0.022584
4.127500 0.474755 0.024840
4.132500 0.421603 0.016516
4.137500 0.377692 0.015127
4.142500 0.427953 0.016145
4.147500 0.433539 0.022736
4.152500 0.468965 0.048193
4.157500 0.444085 0.036571
4.162500 0.416674 0.059162
4.167500 0.415173 0.030376
4.172500 0.384605 0.012784
4.177500 0.402405 0.006453
4.182500 0.372810 0.049585
4.187500 0.381958 0.006637
4.192500 0.381435 0.017716
4.197500 0.266754 0.012505
4.202500 0.258221 0.049889
4.207500 0.226946 0.045288
4.212500 0.192378 0.003922
4.217500 0.229198 0.023364
4.222500 0.186449 0.019197
4.227500 0.162974 0.015534
4.232500 0.146786 0.018069
4.237500 0.117547 0.014485
4.242500 0.108410 0.008119
4.247500 0.106704 0.013050
4.252500 0.145949 0.014178
4.257500 0.124657 0.017791
4.262500 0.085075 0.009749
4.267500 0.134337 0.036488
4.272500 0.167265 0.013580
4.277500 0.137240 0.013915
4.282500 0.112410 0.042795
4.287500 0.143936 0.009761
4.292500 0.192686 0.012903
4.297500 0.266951 0.018802
4.302500 0.394554 0.031584
4.307500 0.432083 0.104206
4.312500 0.477696 0.042157
4.317500 0.550147 0.008233
4.322500 0.566922 0.035304
4.327500 0.615199 0.014196
4.332500 0.521417 0.045719
4.337500 0.466106 0.066689
4.342500 0.484909 0.036785
4.347500 0.487726 0.033901
4.352500 0.432365 0.053049
4.357500 0.549011 0.027779
4.362500 0.560010 0.037090
4.367500 0.498283 0.016139
4.372500 0.464272 0.058841
4.377500 0.482714 0.026705
4.382500 0.468858 0.014431
4.387500 0.468043 0.041190
4.392500 0.487411 0.031117
4.397500 0.449507 0.005320
4.402500 0.450267 0.044053
4.407500 0.422543 0.062101
4.412500 0.407318 0.054190
4.417500 0.432436 0.039550
4.422500 0.392519 0.063843
4.427500 0.443105 0.144528
4.432500 0.439239 0.077564
4.437500 0.413105 0.031789
4.442500 0.387719 0.036853
4.447500 0.430139 0.055849
4.452500 0.492661 0.030873
4.457500 0.482554 0.031512
4.462500 0.406944 0.039923
4.467500 0.340943 0.018223
4.472500 0.283805 0.014002
4.477500 0.346981 0.041148
4.482500 0.383305 0.019198
4.487500 0.336255 0.037475
4.492500 0.272202 0.031829
4.497500 0.251352 0.040421
4.502500 0.371847 0.095214
4.507500 0.314117 0.016940
4.512500 0.289660 0.033487
4.517500 0.307496 0.022741
4.522500 0.270312 0.039106
4.527500 0.264891 0.062757
4.532500 0.300064 0.034580
4.537500 0.273140 0.035190
4.542500 0.214581 0.051517
4.547500 0.254310 0.047410
4.552500 0.230197 0.042634
4.557500 0.222055 0.022948
4.562500 0.262268 0.050506
4.567500 0.267468 0.037474
4.572500 0.255199 0.006409
4.577500 0.295888 0.038808
4.582500 0.249487 0.023344
4.587500 0.244919 0.073133
4.592500 0.246396 0.047179
4.597500 0.226146 0.019699
4.602500 0.204879 0.048781
4.607500 0.215269 0.049691
4.612500 0.207567 0.029753
4.617500 0.173982 0.015431
4.622500 0.191020 0.017567
4.627500 0.182808 0.021619
4.632500 0.151372 0.022268
4.637500 0.106783 0.011559
4.642500 0.156227 0.010353
4.647500 0.224268 0.009586
4.652500 0.266217 0.003457
4.657500 0.256540 0.018349
4.662500 0.186897 0.018779
4.667500 0.140077 0.065308
4.672500 0.126139 0.025613
4.677500 0.136790 0.019098
4.682500 0.071494 0.018509
4.687500 0.054282 0.034010
4.692500 0.075125 0.034236
4.697500 0.106956 0.050731
4.702500 0.149053 0.047593
4.707500 0.255049 0.012036
4.712500 0.288221 0.038824
4.717500 0.190556 0.036286
4.722500 0.276677 0.029252
4.727500 0.355889 0.027137
4.732500 0.296694 0.013247
4.737500 0.258342 0.036219
4.742500 0.251348 0.022500
4.747500 0.268446 0.030768
4.752500 0.244479 0.021900
4.757500 0.347413 0.061978
4.762500 0.325551 0.014849
4.767500 0.261029 0.041080
4.772500 0.295356 0.059906
4.777500 0.382380 0.011681
4.782500 0.402783 0.032290
4.787500 0.325599 0.018556
4.792500 0.278282 0.014941
4.797500 0.321495 0.042264
4.802500 0.372635 0.064032
4.807500 0.329764 0.051097
4.812500 0.398214 0.027989
4.817500 0.426518 0.067936
4.822500 0.407134 0.008856
4.827500 0.394404 0.016069
4.832500 0.360527 0.107538
4.837500 0.356263 0.145178
4.842500 0.369461 0.126841
4.847500 0.398346 0.082288
4.852500 0.370758 0.044969
4.857500 0.402616 0.071686
4.862500 0.409116 0.048206
4.867500 0.351972 0.030510
4.872500 0.305745 0.035457
4.877500 0.334272 0.078114
4.882500 0.332194 0.061206
4.887500 0.343700 0.089558
4.892500 0.388929 0.103340
4.897500 0.455241 0.095177
4.902500 0.488393 0.026088
4.907500 0.480582 0.025414
4.912500 0.385582 0.062577
4.917500 0.340694 0.068527
4.922500 0.478783 0.090378
4.927500 0.517819 0.055947
4.932500 0.471054 0.048266
4.937500 0.411053 0.072714
4.942500 0.433004 0.085524
4.947500 0.408993 0.058563
4.952500 0.430357 0.061631
4.957500 0.512436 0.101500
4.962500 0.416955 0.059408
4.967500 0.390671 0.087909
4.972500 0.509682 0.044816
4.977500 0.494654 0.041897
4.982500 0.610494 0.010229
4.987500 0.552188 0.061867
4.992500 0.597877 0.076450
4.997500 0.692281 0.117711
5.002500 0.681585 0.120810
5.007500 0.622362 0.189764
5.012500 0.547232 0.128203
5.017500 0.421901 0.048086
5.022500 0.404441 0.095398
5.027500 0.513887 0.113128
5.032500 0.517536 0.058172
5.037500 0.488118 0.070322
5.042500 0.505530 0.053412
5.047500 0.448984 0.108072
5.052500 0.611075 0.062367
5.057500 0.482454 0.094021
5.062500 0.277951 0.048669
5.067500 0.243196 0.080438
5.072500 0.350567 0.047010
5.077500 0.500384 0.074340
5.082500 0.479756 0.115179
5.087500 0.574063 0.098734
5.092500 0.474088 0.072558
5.097500 0.371271 0.080263
