# DATE = 2025-03-12
# PIPE_VER = 1.17.1
# PMAP = jwst_1322.pmap
# STANDARD_STAR = SNAP-2
# 
# Wavelength (microns), arbitrary reflectance, uncertainty
0.702500 0.567579 0.005184
0.707500 0.571134 0.005177
0.712500 0.570643 0.010643
0.717500 0.575205 0.016149
0.722500 0.584143 0.007533
0.727500 0.589312 0.006073
0.732500 0.578169 0.006473
0.737500 0.585208 0.005891
0.742500 0.590661 0.015509
0.747500 0.582776 0.008394
0.752500 0.593173 0.003221
0.757500 0.604427 0.004921
0.762500 0.613042 0.008116
0.767500 0.616336 0.004671
0.772500 0.613801 0.003780
0.777500 0.622022 0.005107
0.782500 0.638751 0.006589
0.787500 0.641622 0.008233
0.792500 0.631799 0.006727
0.797500 0.625791 0.003377
0.802500 0.620777 0.005356
0.807500 0.623725 0.007175
0.812500 0.638925 0.008602
0.817500 0.650280 0.005152
0.822500 0.653142 0.008169
0.827500 0.648054 0.006561
0.832500 0.658088 0.008891
0.837500 0.665180 0.006794
0.842500 0.670934 0.006608
0.847500 0.671310 0.007557
0.852500 0.671936 0.005356
0.857500 0.674532 0.003627
0.862500 0.680778 0.004209
0.867500 0.679238 0.004679
0.872500 0.677726 0.005822
0.877500 0.678791 0.008023
0.882500 0.688048 0.004061
0.887500 0.697713 0.005581
0.892500 0.698985 0.004544
0.897500 0.697619 0.004032
0.902500 0.697677 0.004530
0.907500 0.705494 0.004921
0.912500 0.708683 0.005578
0.917500 0.710285 0.003729
0.922500 0.713914 0.003867
0.927500 0.714640 0.004400
0.932500 0.719263 0.004117
0.937500 0.720558 0.004336
0.942500 0.723802 0.004153
0.947500 0.720415 0.003680
0.952500 0.721191 0.003133
0.957500 0.731077 0.003770
0.962500 0.731734 0.005091
0.967500 0.733657 0.004702
0.972500 0.736646 0.007768
0.977500 0.738342 0.005083
0.982500 0.744527 0.005366
0.987500 0.749574 0.003589
0.992500 0.752682 0.003940
0.997500 0.757136 0.005277
1.002500 0.758064 0.007196
1.007500 0.762436 0.006565
1.012500 0.765648 0.009393
1.017500 0.768858 0.008997
1.022500 0.772454 0.009529
1.027500 0.772955 0.008630
1.032500 0.776255 0.006118
1.037500 0.781464 0.004894
1.042500 0.777167 0.008253
1.047500 0.775696 0.006844
1.052500 0.775529 0.008646
1.057500 0.781070 0.012738
1.062500 0.787232 0.013908
1.067500 0.792764 0.009500
1.072500 0.792138 0.005522
1.077500 0.789587 0.007393
1.082500 0.787775 0.009830
1.087500 0.794550 0.012614
1.092500 0.800464 0.009695
1.097500 0.809275 0.005038
1.102500 0.812917 0.006213
1.107500 0.816904 0.007606
1.112500 0.818604 0.007049
1.117500 0.822773 0.006533
1.122500 0.823988 0.007850
1.127500 0.828353 0.007315
1.132500 0.832168 0.006418
1.137500 0.832722 0.008035
1.142500 0.835651 0.008609
1.147500 0.837973 0.005631
1.152500 0.842029 0.004349
1.157500 0.838718 0.006641
1.162500 0.835966 0.007860
1.167500 0.835692 0.009531
1.172500 0.834502 0.011412
1.177500 0.836757 0.009474
1.182500 0.848244 0.008491
1.187500 0.851224 0.008770
1.192500 0.848137 0.008863
1.197500 0.851623 0.008226
1.202500 0.855815 0.007145
1.207500 0.856880 0.006638
1.212500 0.868885 0.005446
1.217500 0.863912 0.006354
1.222500 0.862066 0.007754
1.227500 0.865263 0.014679
1.232500 0.875493 0.012012
1.237500 0.872716 0.007668
1.242500 0.876634 0.012713
1.247500 0.874061 0.013491
1.252500 0.867666 0.013195
1.257500 0.869132 0.017656
1.262500 0.871364 0.018800
1.267500 0.876072 0.010717
1.272500 0.874817 0.011597
1.277500 0.878092 0.008512
1.282500 0.882329 0.005699
1.287500 0.870565 0.006209
1.292500 0.875441 0.009002
1.297500 0.887167 0.015086
1.302500 0.886475 0.009643
1.307500 0.885121 0.009914
1.312500 0.893919 0.008085
1.317500 0.896907 0.012747
1.322500 0.896781 0.013452
1.327500 0.893769 0.014429
1.332500 0.890788 0.013870
1.337500 0.896666 0.015481
1.342500 0.897586 0.016187
1.347500 0.898559 0.016306
1.352500 0.903188 0.012287
1.357500 0.901683 0.011622
1.362500 0.903638 0.012043
1.367500 0.904794 0.013229
1.372500 0.910990 0.014646
1.377500 0.911777 0.017223
1.382500 0.914533 0.017060
1.387500 0.918550 0.014619
1.392500 0.919649 0.015091
1.397500 0.919397 0.014027
1.402500 0.920720 0.014351
1.407500 0.924311 0.013011
1.412500 0.926450 0.013535
1.417500 0.928516 0.015118
1.422500 0.928511 0.018557
1.427500 0.926083 0.021256
1.432500 0.926517 0.022475
1.437500 0.928015 0.016688
1.442500 0.926749 0.017687
1.447500 0.927732 0.017840
1.452500 0.927152 0.016256
1.457500 0.927638 0.016503
1.462500 0.923605 0.019109
1.467500 0.921952 0.020486
1.472500 0.917560 0.014244
1.477500 0.907664 0.008119
1.482500 0.906228 0.009235
1.487500 0.909719 0.012333
1.492500 0.904535 0.011244
1.497500 0.910901 0.013776
1.502500 0.906559 0.015790
1.507500 0.901591 0.016015
1.512500 0.906000 0.016210
1.517500 0.906482 0.017914
1.522500 0.908780 0.017308
1.527500 0.911794 0.016475
1.532500 0.914439 0.016729
1.537500 0.910687 0.017366
1.542500 0.898448 0.018053
1.547500 0.902098 0.018982
1.552500 0.907691 0.020508
1.557500 0.912531 0.020482
1.562500 0.913077 0.021814
1.567500 0.915096 0.024122
1.572500 0.914553 0.018759
1.577500 0.913499 0.014711
1.582500 0.924420 0.011088
1.587500 0.932263 0.007946
1.592500 0.935534 0.009876
1.597500 0.943180 0.012622
1.602500 0.946235 0.011277
1.607500 0.944763 0.013668
1.612500 0.943800 0.015900
1.617500 0.953233 0.013507
1.622500 0.946095 0.015386
1.627500 0.951475 0.014358
1.632500 0.959727 0.016257
1.637500 0.958350 0.015648
1.642500 0.969723 0.008495
1.647500 0.973058 0.010138
1.652500 0.966991 0.010343
1.657500 0.970290 0.007451
1.662500 0.961703 0.016665
1.667500 0.964994 0.016640
1.672500 0.969838 0.016074
1.677500 0.974481 0.016908
1.682500 0.977234 0.017211
1.687500 0.985332 0.014896
1.692500 0.991571 0.016227
1.697500 0.996938 0.011548
1.702500 1.004048 0.012363
1.707500 1.012344 0.013443
1.712500 1.007726 0.015003
1.717500 1.004179 0.013362
1.722500 1.007728 0.016539
1.727500 1.014771 0.013984
1.732500 1.011162 0.008601
1.737500 1.005687 0.011038
1.742500 0.996519 0.015446
1.747500 1.001746 0.015776
1.752500 0.995434 0.009504
1.757500 0.990468 0.012982
1.762500 0.986479 0.015848
1.767500 0.996545 0.017689
1.772500 0.999964 0.021061
1.777500 0.997696 0.021981
1.782500 1.000709 0.023085
1.787500 1.007983 0.020731
1.792500 1.007087 0.015133
1.797500 1.004607 0.018764
1.802500 1.008903 0.018901
1.807500 1.012732 0.017989
1.812500 1.003361 0.013000
1.817500 1.000017 0.019442
1.822500 1.002272 0.020311
1.827500 0.994249 0.013784
1.832500 0.998243 0.010816
1.837500 1.010066 0.005751
1.842500 1.017053 0.008801
1.847500 1.025868 0.012397
1.852500 1.021250 0.017037
1.857500 1.022977 0.025671
1.862500 1.032965 0.025478
1.867500 1.023641 0.018932
1.872500 1.021136 0.017208
1.877500 1.021343 0.020554
1.882500 1.024936 0.019669
1.887500 1.024359 0.013886
1.892500 1.025020 0.016415
1.897500 1.022218 0.018554
1.902500 1.016424 0.013959
1.907500 1.019807 0.014871
1.912500 1.003691 0.021259
1.917500 1.006888 0.022975
1.922500 1.007392 0.021078
1.927500 1.004657 0.018713
1.932500 1.000680 0.025666
1.937500 1.009932 0.023090
1.942500 0.988538 0.012083
1.947500 0.976941 0.007900
1.952500 0.975272 0.013026
1.957500 0.973497 0.011619
1.962500 0.971813 0.010580
1.967500 0.966985 0.014785
1.972500 0.962353 0.020316
1.977500 0.954951 0.015666
1.982500 0.949280 0.014952
1.987500 0.949053 0.016446
1.992500 0.947953 0.017537
1.997500 0.946247 0.014714
2.002500 0.933488 0.017814
2.007500 0.932381 0.021533
2.012500 0.936073 0.019022
2.017500 0.926549 0.010002
2.022500 0.936912 0.006701
2.027500 0.945063 0.005478
2.032500 0.949739 0.005999
2.037500 0.945680 0.009772
2.042500 0.927693 0.019738
2.047500 0.929714 0.019019
2.052500 0.925751 0.013146
2.057500 0.930980 0.013230
2.062500 0.938730 0.012650
2.067500 0.950760 0.014813
2.072500 0.955554 0.016601
2.077500 0.954457 0.019485
2.082500 0.963167 0.019380
2.087500 0.971131 0.018662
2.092500 0.983092 0.014842
2.097500 1.002526 0.010468
2.102500 1.000975 0.014515
2.107500 1.002454 0.004398
2.112500 1.003913 0.006577
2.117500 1.006762 0.010104
2.122500 1.007158 0.008048
2.127500 1.003882 0.010269
2.132500 1.012658 0.013252
2.137500 1.024102 0.014624
2.142500 1.035961 0.017215
2.147500 1.033066 0.017803
2.152500 1.041485 0.017273
2.157500 1.047659 0.017493
2.162500 1.047465 0.015345
2.167500 1.051681 0.015489
2.172500 1.054449 0.018034
2.177500 1.051176 0.012926
2.182500 1.049407 0.011498
2.187500 1.053392 0.009887
2.192500 1.058374 0.009080
2.197500 1.065795 0.014771
2.202500 1.058266 0.014614
2.207500 1.063312 0.016513
2.212500 1.070055 0.009197
2.217500 1.076299 0.009690
2.222500 1.085095 0.004221
2.227500 1.078312 0.008200
2.232500 1.065220 0.013369
2.237500 1.064238 0.016943
2.242500 1.066191 0.015770
2.247500 1.061022 0.013863
2.252500 1.063753 0.018743
2.257500 1.066616 0.019345
2.262500 1.072135 0.016470
2.267500 1.065757 0.017642
2.272500 1.068939 0.014131
2.277500 1.063054 0.010693
2.282500 1.056514 0.010197
2.287500 1.061375 0.016133
2.292500 1.063939 0.013296
2.297500 1.062205 0.008237
2.302500 1.062306 0.010402
2.307500 1.069600 0.010337
2.312500 1.060498 0.008815
2.317500 1.052644 0.015679
2.322500 1.054714 0.018357
2.327500 1.047329 0.008715
2.332500 1.045169 0.010437
2.337500 1.058085 0.009598
2.342500 1.044875 0.013581
2.347500 1.036172 0.015287
2.352500 1.053115 0.005870
2.357500 1.026412 0.018377
2.362500 1.024813 0.008080
2.367500 1.026255 0.008149
2.372500 1.034753 0.005960
2.377500 1.034314 0.008817
2.382500 1.027758 0.011219
2.387500 1.030804 0.008269
2.392500 1.038846 0.009336
2.397500 1.040647 0.013455
2.402500 1.052131 0.007489
2.407500 1.051583 0.004991
2.412500 1.047826 0.004355
2.417500 1.035009 0.010152
2.422500 1.029981 0.016016
2.427500 1.026869 0.010715
2.432500 1.030896 0.007569
2.437500 1.038727 0.001751
2.442500 1.036310 0.003931
2.447500 1.027552 0.009526
2.452500 1.032806 0.009449
2.457500 1.034081 0.008995
2.462500 1.035853 0.015630
2.467500 1.031516 0.012065
2.472500 1.020281 0.006269
2.477500 1.013294 0.005275
2.482500 1.016018 0.007794
2.487500 1.018911 0.009459
2.492500 1.019773 0.003440
2.497500 1.018297 0.003444
2.502500 1.012794 0.006207
2.507500 1.012920 0.007888
2.512500 1.013152 0.012216
2.517500 1.025340 0.008092
2.522500 1.022373 0.009572
2.527500 1.033535 0.009779
2.532500 1.018814 0.008199
2.537500 1.006749 0.005016
2.542500 1.011422 0.003772
2.547500 1.010484 0.006290
2.552500 1.000866 0.011413
2.557500 1.000667 0.010645
2.562500 0.999238 0.010449
2.567500 0.998615 0.005457
2.572500 0.994469 0.006505
2.577500 1.002381 0.011172
2.582500 0.997475 0.005044
2.587500 1.004321 0.009404
2.592500 1.009437 0.004411
2.597500 1.009293 0.006499
2.602500 0.997338 0.006250
2.607500 0.994926 0.004133
2.612500 1.000000 0.005287
2.617500 1.000040 0.004796
2.622500 0.995440 0.009862
2.627500 0.993697 0.008444
2.632500 0.991059 0.004327
2.637500 0.997629 0.008616
2.642500 0.988844 0.015502
2.647500 0.995774 0.014025
2.652500 0.988097 0.012575
2.657500 0.976446 0.007478
2.662500 0.970804 0.007861
2.667500 0.968113 0.004553
2.672500 0.966671 0.007230
2.677500 0.958766 0.011187
2.682500 0.949390 0.006268
2.687500 0.943611 0.005482
2.692500 0.951042 0.005442
2.697500 0.935541 0.012253
2.702500 0.909736 0.004162
2.707500 0.912704 0.004044
2.712500 0.901187 0.011051
2.717500 0.893932 0.011006
2.722500 0.885340 0.013430
2.727500 0.872734 0.019533
2.732500 0.863268 0.011271
2.737500 0.851757 0.004565
2.742500 0.849872 0.008804
2.747500 0.819029 0.004761
2.752500 0.815545 0.007965
2.757500 0.787603 0.009504
2.762500 0.771767 0.006306
2.767500 0.767640 0.002864
2.772500 0.733370 0.007307
2.777500 0.701658 0.006693
2.782500 0.699257 0.004034
2.787500 0.677311 0.005435
2.792500 0.662884 0.006494
2.797500 0.629880 0.003667
2.802500 0.617036 0.005946
2.807500 0.598049 0.005484
2.812500 0.577703 0.010061
2.817500 0.545947 0.006159
2.822500 0.537906 0.005220
2.827500 0.527749 0.005188
2.832500 0.527160 0.002915
2.837500 0.516960 0.004549
2.842500 0.500142 0.006511
2.847500 0.483222 0.003907
2.852500 0.472547 0.008845
2.857500 0.458507 0.007175
2.862500 0.450588 0.008754
2.867500 0.433549 0.005506
2.872500 0.420573 0.013549
2.877500 0.417653 0.013700
2.882500 0.399521 0.009066
2.887500 0.379650 0.006281
2.892500 0.375913 0.005168
2.897500 0.374454 0.002469
2.902500 0.376597 0.004553
2.907500 0.376147 0.009878
2.912500 0.364404 0.008899
2.917500 0.356410 0.005066
2.922500 0.347562 0.005303
2.927500 0.340827 0.004991
2.932500 0.333178 0.002009
2.937500 0.318627 0.008989
2.942500 0.310587 0.005556
2.947500 0.307439 0.007552
2.952500 0.299921 0.001537
2.957500 0.291949 0.004130
2.962500 0.279996 0.006240
2.967500 0.269561 0.007517
2.972500 0.272785 0.001861
2.977500 0.278687 0.002421
2.982500 0.271584 0.007190
2.987500 0.266698 0.005786
2.992500 0.268465 0.003453
2.997500 0.266347 0.002555
3.002500 0.254083 0.007588
3.007500 0.266279 0.003884
3.012500 0.266563 0.007008
3.017500 0.263827 0.004871
3.022500 0.269398 0.005865
3.027500 0.260522 0.004118
3.032500 0.274095 0.004162
3.037500 0.273601 0.004226
3.042500 0.270444 0.001612
3.047500 0.273241 0.003561
3.052500 0.281873 0.002758
3.057500 0.283473 0.006868
3.062500 0.294107 0.006865
3.067500 0.299381 0.005692
3.072500 0.309552 0.003207
3.077500 0.315594 0.008572
3.082500 0.321396 0.014546
3.087500 0.347405 0.006073
3.092500 0.357373 0.004391
3.097500 0.373037 0.002798
3.102500 0.374031 0.002056
3.107500 0.376373 0.004443
3.112500 0.373055 0.007017
3.117500 0.362809 0.001594
3.122500 0.343666 0.005476
3.127500 0.332617 0.003151
3.132500 0.315900 0.003677
3.137500 0.294793 0.000814
3.142500 0.296012 0.002548
3.147500 0.293794 0.003906
3.152500 0.288899 0.002888
3.157500 0.284625 0.004923
3.162500 0.285177 0.006001
3.167500 0.280589 0.007894
3.172500 0.287474 0.015539
3.177500 0.281485 0.014770
3.182500 0.294304 0.003139
3.187500 0.302723 0.000999
3.192500 0.300098 0.005236
3.197500 0.293362 0.007475
3.202500 0.289242 0.003349
3.207500 0.313762 0.004311
3.212500 0.305898 0.007646
3.217500 0.313979 0.006497
3.222500 0.342531 0.007903
3.227500 0.364655 0.003150
3.232500 0.357025 0.004923
3.237500 0.365554 0.008995
3.242500 0.365164 0.008318
3.247500 0.356938 0.000946
3.252500 0.355569 0.008170
3.257500 0.387177 0.013445
3.262500 0.421940 0.009053
3.267500 0.436320 0.004342
3.272500 0.453550 0.004986
3.277500 0.453914 0.012127
3.282500 0.464223 0.007236
3.287500 0.475433 0.011041
3.292500 0.495025 0.007825
3.297500 0.508195 0.007785
3.302500 0.527045 0.007878
3.307500 0.548298 0.003462
3.312500 0.570290 0.007530
3.317500 0.586698 0.016391
3.322500 0.604290 0.012332
3.327500 0.632549 0.003537
3.332500 0.646616 0.010056
3.337500 0.648177 0.014290
3.342500 0.661062 0.009162
3.347500 0.693797 0.009363
3.352500 0.699239 0.013618
3.357500 0.708509 0.005014
3.362500 0.717720 0.006249
3.367500 0.747895 0.004374
3.372500 0.762957 0.012806
3.377500 0.773071 0.010799
3.382500 0.789647 0.004111
3.387500 0.806063 0.001964
3.392500 0.807849 0.006328
3.397500 0.837324 0.010023
3.402500 0.879197 0.009752
3.407500 0.869858 0.014842
3.412500 0.862440 0.018432
3.417500 0.881726 0.029576
3.422500 0.900101 0.009317
3.427500 0.905240 0.009968
3.432500 0.914067 0.004445
3.437500 0.921517 0.005668
3.442500 0.932979 0.004458
3.447500 0.938181 0.013152
3.452500 0.952980 0.012901
3.457500 0.932805 0.001852
3.462500 0.945170 0.004918
3.467500 0.976095 0.007451
3.472500 1.006782 0.010300
3.477500 1.018156 0.003794
3.482500 1.020495 0.005320
3.487500 1.041252 0.012116
3.492500 1.056493 0.021500
3.497500 1.041326 0.013493
3.502500 1.044087 0.008133
3.507500 1.047142 0.003104
3.512500 1.059169 0.005331
3.517500 1.064859 0.003681
3.522500 1.071019 0.005752
3.527500 1.047755 0.009766
3.532500 1.046739 0.010355
3.537500 1.061887 0.022496
3.542500 1.055842 0.011141
3.547500 1.083549 0.016938
3.552500 1.111957 0.007788
3.557500 1.106255 0.012171
3.562500 1.088410 0.011783
3.567500 1.082247 0.010692
3.572500 1.104814 0.010511
3.577500 1.117510 0.008504
3.582500 1.118493 0.011424
3.587500 1.113769 0.006802
3.592500 1.116469 0.011195
3.597500 1.120274 0.020191
3.602500 1.142522 0.018442
3.607500 1.126914 0.005488
3.612500 1.116834 0.005508
3.617500 1.131143 0.004355
3.622500 1.124142 0.017243
3.627500 1.118680 0.009779
3.632500 1.108663 0.012532
3.637500 1.114406 0.007312
3.642500 1.120351 0.018098
3.647500 1.119064 0.015543
3.652500 1.090623 0.016856
3.657500 1.089518 0.012600
3.662500 1.082305 0.015383
3.667500 1.070063 0.006382
3.672500 1.082682 0.019513
3.677500 1.104097 0.014262
3.682500 1.114954 0.009028
3.687500 1.111353 0.016123
3.692500 1.079959 0.009257
3.697500 1.059548 0.011136
3.702500 1.055251 0.011963
3.707500 1.045045 0.013088
3.712500 1.028345 0.012805
3.717500 1.021394 0.014955
3.722500 1.008581 0.015382
3.727500 1.000694 0.008947
3.732500 1.013334 0.016577
3.737500 1.021734 0.026020
3.742500 1.029697 0.016961
3.747500 1.002477 0.008890
3.752500 0.999215 0.010233
3.757500 0.966292 0.020047
3.762500 0.949882 0.021612
3.767500 0.968373 0.007568
3.772500 0.989227 0.008106
3.777500 0.955231 0.007134
3.782500 0.951948 0.006699
3.787500 0.944477 0.015933
3.792500 0.952822 0.012685
3.797500 0.942059 0.003726
3.802500 0.970210 0.019967
3.807500 0.915158 0.013326
3.812500 0.905624 0.017109
3.817500 0.958964 0.029321
3.822500 0.917969 0.018103
3.827500 0.884874 0.012750
3.832500 0.911531 0.007958
3.837500 0.905262 0.007676
3.842500 0.904017 0.017516
3.847500 0.892660 0.015335
3.852500 0.917663 0.009921
3.857500 0.906218 0.009325
3.862500 0.908995 0.014931
3.867500 0.894957 0.018672
3.872500 0.878530 0.005372
3.877500 0.871008 0.013317
3.882500 0.862679 0.012737
3.887500 0.838510 0.005824
3.892500 0.844216 0.021608
3.897500 0.845763 0.027724
3.902500 0.848599 0.018337
3.907500 0.819310 0.014675
3.912500 0.844054 0.025262
3.917500 0.827096 0.022326
3.922500 0.790592 0.024885
3.927500 0.798713 0.033379
3.932500 0.780369 0.003091
3.937500 0.813056 0.015947
3.942500 0.799064 0.015877
3.947500 0.791203 0.003951
3.952500 0.775971 0.009279
3.957500 0.785658 0.014388
3.962500 0.763874 0.009571
3.967500 0.765367 0.010448
3.972500 0.748495 0.016630
3.977500 0.745078 0.021353
3.982500 0.760447 0.028508
3.987500 0.741898 0.007880
3.992500 0.759548 0.017888
3.997500 0.773158 0.002345
4.002500 0.715048 0.010073
4.007500 0.712404 0.019899
4.012500 0.744571 0.004402
4.017500 0.737802 0.007591
4.022500 0.709841 0.014119
4.027500 0.718757 0.007325
4.032500 0.714254 0.009186
4.037500 0.705473 0.014547
4.042500 0.680347 0.024585
4.047500 0.699817 0.036484
4.052500 0.710402 0.013344
4.057500 0.716094 0.008257
4.062500 0.693680 0.006542
4.067500 0.713817 0.021272
4.072500 0.715496 0.023713
4.077500 0.705034 0.013527
4.082500 0.750118 0.010250
4.087500 0.750002 0.016891
4.092500 0.677681 0.005757
4.097500 0.653095 0.004244
4.102500 0.661039 0.011331
4.107500 0.662208 0.009762
4.112500 0.665199 0.012844
4.117500 0.688280 0.032408
4.122500 0.685222 0.049054
4.127500 0.668706 0.007954
4.132500 0.671168 0.012278
4.137500 0.648620 0.002513
4.142500 0.657629 0.011295
4.147500 0.654109 0.004159
4.152500 0.659369 0.011295
4.157500 0.671560 0.017240
4.162500 0.683851 0.005685
4.167500 0.642272 0.034105
4.172500 0.595794 0.015751
4.177500 0.645264 0.018902
4.182500 0.625881 0.024950
4.187500 0.632584 0.044488
4.192500 0.640468 0.019769
4.197500 0.618505 0.016357
4.202500 0.561134 0.015804
4.207500 0.555647 0.003760
4.212500 0.575299 0.030745
4.217500 0.555937 0.045270
4.222500 0.591065 0.013883
4.227500 0.570117 0.049332
4.232500 0.521957 0.046419
4.237500 0.509203 0.024868
4.242500 0.470725 0.028314
4.247500 0.492751 0.009699
4.252500 0.467965 0.017171
4.257500 0.428420 0.009113
4.262500 0.394371 0.019272
4.267500 0.368534 0.003901
4.272500 0.354353 0.015305
4.277500 0.324471 0.013878
4.282500 0.373463 0.033316
4.287500 0.437824 0.030610
4.292500 0.472828 0.017632
4.297500 0.508041 0.014999
4.302500 0.525865 0.021026
4.307500 0.577986 0.015117
4.312500 0.569580 0.002463
4.317500 0.560350 0.009713
4.322500 0.569643 0.003822
4.327500 0.540085 0.007218
4.332500 0.533325 0.014766
4.337500 0.532645 0.012146
4.342500 0.564070 0.026179
4.347500 0.532157 0.037725
4.352500 0.520820 0.007818
4.357500 0.562626 0.043549
4.362500 0.537801 0.043707
4.367500 0.479069 0.020863
4.372500 0.478482 0.020001
4.377500 0.507087 0.013404
4.382500 0.502340 0.048282
4.387500 0.521090 0.032635
4.392500 0.496953 0.063611
4.397500 0.489831 0.034418
4.402500 0.477101 0.004400
4.407500 0.496153 0.002817
4.412500 0.503755 0.008295
4.417500 0.515284 0.040608
4.422500 0.510064 0.039610
4.427500 0.525095 0.012666
4.432500 0.497201 0.018070
4.437500 0.515744 0.027861
4.442500 0.516507 0.027234
4.447500 0.531053 0.018822
4.452500 0.505713 0.016789
4.457500 0.425889 0.017760
4.462500 0.436863 0.019225
4.467500 0.506606 0.024880
4.472500 0.525909 0.006253
4.477500 0.488283 0.025026
4.482500 0.501873 0.023350
4.487500 0.502854 0.009624
4.492500 0.565764 0.026036
4.497500 0.554724 0.028665
4.502500 0.520470 0.024219
4.507500 0.519978 0.045462
4.512500 0.524917 0.050722
4.517500 0.537481 0.043210
4.522500 0.563442 0.034765
4.527500 0.487530 0.031584
4.532500 0.496491 0.017761
4.537500 0.538771 0.052174
4.542500 0.583905 0.050633
4.547500 0.556244 0.011274
4.552500 0.558320 0.034838
4.557500 0.548105 0.027298
4.562500 0.540255 0.023055
4.567500 0.569627 0.026206
4.572500 0.558384 0.016806
4.577500 0.565238 0.044896
4.582500 0.520931 0.066912
4.587500 0.576164 0.054312
4.592500 0.579910 0.023663
4.597500 0.550329 0.026335
4.602500 0.590609 0.020998
4.607500 0.554762 0.039130
4.612500 0.515081 0.011823
4.617500 0.524974 0.017782
4.622500 0.550829 0.015385
4.627500 0.569787 0.005736
4.632500 0.544600 0.044673
4.637500 0.550565 0.049853
4.642500 0.615640 0.044004
4.647500 0.608181 0.008968
4.652500 0.572525 0.011603
4.657500 0.614542 0.036652
4.662500 0.566866 0.030961
4.667500 0.530030 0.013490
4.672500 0.564358 0.015008
4.677500 0.570259 0.033212
4.682500 0.493138 0.018297
4.687500 0.499078 0.027125
4.692500 0.631134 0.025707
4.697500 0.671097 0.004580
4.702500 0.641680 0.022802
4.707500 0.588693 0.011165
4.712500 0.596744 0.044343
4.717500 0.650658 0.053562
4.722500 0.655771 0.050280
4.727500 0.752295 0.040591
4.732500 0.774724 0.022991
4.737500 0.691914 0.032648
4.742500 0.689288 0.033342
4.747500 0.712797 0.056749
4.752500 0.698054 0.056205
4.757500 0.629343 0.010212
4.762500 0.688672 0.025123
4.767500 0.768500 0.016527
4.772500 0.743894 0.037552
4.777500 0.703998 0.015581
4.782500 0.743032 0.043879
4.787500 0.721558 0.042483
4.792500 0.702426 0.019653
4.797500 0.751213 0.019567
4.802500 0.764623 0.020738
4.807500 0.714993 0.015352
4.812500 0.714565 0.046806
4.817500 0.778248 0.066927
4.822500 0.790138 0.031054
4.827500 0.781981 0.030679
4.832500 0.783449 0.038938
4.837500 0.792369 0.027252
4.842500 0.822834 0.053667
4.847500 0.909173 0.042500
4.852500 0.849258 0.027979
4.857500 0.716722 0.020293
4.862500 0.724264 0.024920
4.867500 0.718203 0.025159
4.872500 0.743821 0.031880
4.877500 0.727990 0.061136
4.882500 0.665139 0.072741
4.887500 0.737592 0.030027
4.892500 0.735892 0.027986
4.897500 0.680187 0.026681
4.902500 0.734269 0.065978
4.907500 0.731367 0.050694
4.912500 0.773072 0.051393
4.917500 0.785117 0.018578
4.922500 0.790521 0.032935
4.927500 0.696968 0.025553
4.932500 0.768647 0.023201
4.937500 0.825178 0.056511
4.942500 0.808348 0.049847
4.947500 0.851049 0.024305
4.952500 0.878117 0.056738
4.957500 0.808567 0.023084
4.962500 0.814107 0.039233
4.967500 0.884800 0.010002
4.972500 0.866458 0.017487
4.977500 0.776543 0.009798
4.982500 0.811458 0.038621
4.987500 0.852508 0.009635
4.992500 0.849798 0.031811
4.997500 0.792985 0.060780
5.002500 0.887657 0.005142
5.007500 0.771283 0.072414
5.012500 0.663253 0.108027
5.017500 0.719747 0.062238
5.022500 0.788703 0.039405
5.027500 0.797898 0.035650
5.032500 0.804099 0.009289
5.037500 0.829496 0.016208
5.042500 0.816190 0.035855
5.047500 0.869031 0.035252
5.052500 0.768712 0.048023
5.057500 0.710916 0.039464
5.062500 0.703095 0.041778
5.067500 0.798264 0.058260
5.072500 0.735452 0.021866
5.077500 0.677319 0.099578
5.082500 0.741802 0.092178
5.087500 0.710014 0.049504
5.092500 0.753761 0.054114
5.097500 0.669282 0.023304
