# DATE = 2025-03-12
# PIPE_VER = 1.17.1
# PMAP = jwst_1322.pmap
# STANDARD_STAR = SNAP-2
# 
# Wavelength (microns), arbitrary reflectance, uncertainty
0.702500 0.776894 0.018424
0.707500 0.774302 0.009730
0.712500 0.755987 0.021602
0.717500 0.775654 0.015170
0.722500 0.800272 0.008076
0.727500 0.790997 0.007096
0.732500 0.792125 0.010818
0.737500 0.790979 0.012915
0.742500 0.793925 0.017853
0.747500 0.808250 0.021246
0.752500 0.803552 0.017405
0.757500 0.820649 0.007053
0.762500 0.829015 0.007907
0.767500 0.811076 0.009905
0.772500 0.806892 0.006704
0.777500 0.823476 0.017808
0.782500 0.822661 0.008618
0.787500 0.817773 0.005481
0.792500 0.838455 0.004907
0.797500 0.842561 0.005033
0.802500 0.858982 0.008897
0.807500 0.842226 0.011712
0.812500 0.838164 0.005538
0.817500 0.858517 0.011277
0.822500 0.861893 0.017105
0.827500 0.868845 0.011941
0.832500 0.875574 0.009128
0.837500 0.878704 0.005592
0.842500 0.872836 0.007404
0.847500 0.870371 0.009135
0.852500 0.877225 0.006454
0.857500 0.879285 0.006808
0.862500 0.881743 0.006344
0.867500 0.891804 0.007168
0.872500 0.900803 0.008516
0.877500 0.901991 0.009751
0.882500 0.905867 0.006936
0.887500 0.902732 0.009468
0.892500 0.910072 0.009626
0.897500 0.906748 0.008432
0.902500 0.905242 0.007983
0.907500 0.891493 0.004684
0.912500 0.898747 0.009500
0.917500 0.900846 0.005315
0.922500 0.912699 0.007190
0.927500 0.921818 0.010170
0.932500 0.930703 0.011999
0.937500 0.931730 0.008534
0.942500 0.937508 0.006239
0.947500 0.929493 0.007727
0.952500 0.922385 0.010590
0.957500 0.924275 0.006433
0.962500 0.932961 0.010107
0.967500 0.941277 0.015256
0.972500 0.938087 0.014313
0.977500 0.954274 0.015476
0.982500 0.959677 0.015510
0.987500 0.955694 0.011960
0.992500 0.938237 0.011115
0.997500 0.936932 0.007593
1.002500 0.947364 0.012917
1.007500 0.947692 0.009693
1.012500 0.945624 0.013399
1.017500 0.958517 0.009951
1.022500 0.969885 0.007227
1.027500 0.970688 0.008286
1.032500 0.972170 0.006289
1.037500 0.965288 0.004971
1.042500 0.966132 0.004507
1.047500 0.965491 0.007275
1.052500 0.966368 0.010493
1.057500 0.970141 0.013351
1.062500 0.974009 0.011791
1.067500 0.974173 0.015341
1.072500 0.968074 0.005736
1.077500 0.972504 0.008755
1.082500 0.979828 0.004398
1.087500 0.985269 0.004647
1.092500 0.986371 0.004735
1.097500 0.990122 0.006217
1.102500 0.992758 0.004841
1.107500 0.994019 0.004236
1.112500 0.995845 0.011113
1.117500 0.997449 0.014056
1.122500 0.999362 0.014449
1.127500 1.003626 0.006847
1.132500 1.004134 0.008168
1.137500 1.005012 0.007547
1.142500 1.006501 0.010674
1.147500 1.005416 0.016522
1.152500 1.007831 0.014529
1.157500 0.999607 0.015312
1.162500 1.003824 0.014701
1.167500 1.009721 0.012299
1.172500 1.019890 0.006490
1.177500 1.020614 0.007157
1.182500 1.036127 0.014491
1.187500 1.029969 0.015822
1.192500 1.022862 0.016827
1.197500 1.021397 0.017881
1.202500 1.015199 0.025345
1.207500 1.002846 0.012312
1.212500 1.020084 0.024027
1.217500 1.021900 0.026968
1.222500 1.014346 0.021909
1.227500 1.019243 0.011110
1.232500 1.015237 0.016159
1.237500 1.013894 0.013404
1.242500 1.016968 0.013933
1.247500 1.010006 0.009804
1.252500 1.003828 0.009714
1.257500 1.007549 0.015663
1.262500 1.008466 0.015834
1.267500 1.017243 0.013314
1.272500 1.019107 0.008765
1.277500 1.030989 0.007908
1.282500 1.037081 0.012957
1.287500 1.035564 0.008302
1.292500 1.026024 0.013629
1.297500 1.020747 0.012083
1.302500 1.012570 0.008179
1.307500 1.030016 0.007703
1.312500 1.032319 0.013832
1.317500 1.032867 0.012912
1.322500 1.031167 0.013793
1.327500 1.036685 0.017375
1.332500 1.027780 0.013523
1.337500 1.035894 0.011672
1.342500 1.038535 0.015816
1.347500 1.039383 0.014794
1.352500 1.042116 0.017409
1.357500 1.043379 0.018784
1.362500 1.045984 0.017512
1.367500 1.044528 0.018204
1.372500 1.042223 0.020899
1.377500 1.034519 0.023387
1.382500 1.032214 0.024716
1.387500 1.034666 0.028415
1.392500 1.034630 0.026531
1.397500 1.039225 0.023231
1.402500 1.038348 0.024864
1.407500 1.040954 0.024264
1.412500 1.054203 0.021502
1.417500 1.063796 0.016704
1.422500 1.062941 0.010457
1.427500 1.062380 0.007455
1.432500 1.056973 0.011805
1.437500 1.044303 0.023308
1.442500 1.043440 0.024147
1.447500 1.045818 0.025556
1.452500 1.048748 0.024961
1.457500 1.050609 0.024102
1.462500 1.045439 0.022047
1.467500 1.046631 0.028076
1.472500 1.045566 0.028592
1.477500 1.035277 0.024863
1.482500 1.039786 0.025827
1.487500 1.033050 0.018220
1.492500 1.042650 0.019304
1.497500 1.042342 0.022886
1.502500 1.045642 0.025983
1.507500 1.040155 0.024229
1.512500 1.035575 0.025210
1.517500 1.035241 0.028902
1.522500 1.037068 0.030622
1.527500 1.042404 0.034857
1.532500 1.052644 0.029979
1.537500 1.044172 0.028879
1.542500 1.039548 0.025962
1.547500 1.046125 0.027546
1.552500 1.045480 0.033510
1.557500 1.044608 0.032951
1.562500 1.033060 0.020124
1.567500 1.036449 0.016654
1.572500 1.039855 0.020359
1.577500 1.035932 0.021973
1.582500 1.025172 0.015018
1.587500 1.025845 0.012596
1.592500 1.023579 0.018428
1.597500 1.026703 0.024503
1.602500 1.023559 0.026699
1.607500 1.033238 0.028101
1.612500 1.036077 0.022159
1.617500 1.032237 0.015345
1.622500 1.001065 0.041050
1.627500 1.001681 0.041709
1.632500 1.010895 0.042779
1.637500 1.017509 0.011686
1.642500 1.044330 0.019071
1.647500 1.048228 0.015388
1.652500 1.049838 0.015022
1.657500 1.050940 0.014468
1.662500 1.053786 0.018151
1.667500 1.061173 0.023132
1.672500 1.065451 0.017879
1.677500 1.049319 0.014381
1.682500 1.059435 0.020855
1.687500 1.065585 0.018067
1.692500 1.052322 0.028559
1.697500 1.054860 0.033384
1.702500 1.040859 0.029514
1.707500 1.047362 0.027586
1.712500 1.050495 0.027668
1.717500 1.055852 0.024103
1.722500 1.058762 0.020760
1.727500 1.067937 0.023492
1.732500 1.078086 0.018543
1.737500 1.075489 0.014205
1.742500 1.081057 0.009101
1.747500 1.073381 0.015926
1.752500 1.049095 0.033552
1.757500 1.037376 0.033275
1.762500 1.034679 0.027599
1.767500 1.044450 0.026419
1.772500 1.049936 0.025192
1.777500 1.044169 0.018585
1.782500 1.045262 0.017499
1.787500 1.050157 0.021059
1.792500 1.042722 0.026874
1.797500 1.035728 0.030159
1.802500 1.033830 0.023138
1.807500 1.049465 0.023683
1.812500 1.055460 0.021137
1.817500 1.065672 0.011978
1.822500 1.068737 0.013910
1.827500 1.060967 0.020671
1.832500 1.060757 0.024739
1.837500 1.054092 0.020143
1.842500 1.059557 0.021079
1.847500 1.056892 0.020108
1.852500 1.058909 0.020667
1.857500 1.069937 0.020464
1.862500 1.081127 0.025951
1.867500 1.081127 0.031382
1.872500 1.067912 0.030393
1.877500 1.063904 0.023480
1.882500 1.063779 0.023529
1.887500 1.065086 0.022344
1.892500 1.065225 0.020674
1.897500 1.061216 0.016997
1.902500 1.063582 0.015405
1.907500 1.065060 0.017950
1.912500 1.064337 0.008928
1.917500 1.070113 0.009446
1.922500 1.074054 0.010906
1.927500 1.073028 0.007390
1.932500 1.068323 0.010888
1.937500 1.066972 0.017479
1.942500 1.053395 0.023492
1.947500 1.044452 0.017980
1.952500 1.031886 0.012347
1.957500 1.036489 0.013414
1.962500 1.030579 0.015285
1.967500 1.030831 0.011964
1.972500 1.040947 0.012483
1.977500 1.033016 0.015462
1.982500 1.024576 0.014753
1.987500 1.027009 0.018049
1.992500 1.023353 0.022085
1.997500 1.010644 0.020072
2.002500 1.010894 0.018588
2.007500 1.014158 0.024601
2.012500 1.018571 0.026453
2.017500 1.019483 0.027114
2.022500 1.014208 0.030660
2.027500 1.026423 0.032373
2.032500 1.041527 0.030359
2.037500 1.037883 0.023018
2.042500 1.041787 0.023362
2.047500 1.048770 0.013337
2.052500 1.050796 0.018618
2.057500 1.062525 0.019925
2.062500 1.051657 0.013783
2.067500 1.053344 0.013105
2.072500 1.050910 0.009427
2.077500 1.049163 0.013435
2.082500 1.053035 0.010892
2.087500 1.035766 0.025550
2.092500 1.044239 0.030126
2.097500 1.047730 0.023789
2.102500 1.053004 0.022826
2.107500 1.054103 0.018910
2.112500 1.050783 0.006858
2.117500 1.054167 0.008134
2.122500 1.054249 0.004776
2.127500 1.055930 0.005175
2.132500 1.050821 0.009780
2.137500 1.041605 0.022138
2.142500 1.033697 0.023342
2.147500 1.027880 0.015669
2.152500 1.027235 0.015728
2.157500 1.043923 0.012474
2.162500 1.043488 0.009208
2.167500 1.056068 0.010722
2.172500 1.061935 0.006795
2.177500 1.047929 0.021022
2.182500 1.056412 0.019373
2.187500 1.057309 0.023877
2.192500 1.062654 0.020114
2.197500 1.071652 0.014441
2.202500 1.063576 0.013725
2.207500 1.074851 0.010490
2.212500 1.077631 0.004295
2.217500 1.074157 0.003571
2.222500 1.078328 0.003637
2.227500 1.060394 0.010428
2.232500 1.060370 0.012286
2.237500 1.069273 0.012157
2.242500 1.069678 0.009773
2.247500 1.036792 0.022466
2.252500 1.038231 0.017687
2.257500 1.033064 0.014245
2.262500 1.044542 0.016638
2.267500 1.060627 0.011632
2.272500 1.063225 0.008116
2.277500 1.059196 0.007053
2.282500 1.054709 0.004136
2.287500 1.050437 0.006861
2.292500 1.040871 0.018619
2.297500 1.036588 0.025795
2.302500 1.018190 0.014328
2.307500 1.017268 0.013876
2.312500 1.032058 0.014246
2.317500 1.041060 0.017215
2.322500 1.040858 0.019782
2.327500 1.022995 0.013114
2.332500 1.014344 0.025524
2.337500 1.019952 0.021320
2.342500 1.014384 0.027597
2.347500 1.029392 0.011395
2.352500 1.028302 0.013243
2.357500 1.035795 0.005980
2.362500 1.031373 0.015232
2.367500 1.023879 0.008806
2.372500 1.058723 0.006221
2.377500 1.075900 0.007339
2.382500 1.088515 0.004692
2.387500 1.101022 0.010043
2.392500 1.077815 0.022605
2.397500 1.083004 0.031351
2.402500 1.054879 0.031812
2.407500 1.046539 0.019367
2.412500 1.034631 0.019754
2.417500 1.040578 0.023469
2.422500 1.044614 0.019198
2.427500 1.051366 0.014001
2.432500 1.050463 0.004562
2.437500 1.038795 0.002986
2.442500 1.030183 0.006385
2.447500 1.027360 0.004507
2.452500 1.032040 0.002673
2.457500 1.021008 0.007364
2.462500 1.039224 0.016706
2.467500 1.044700 0.009049
2.472500 1.059212 0.014319
2.477500 1.052714 0.011946
2.482500 1.034920 0.010852
2.487500 1.028602 0.006107
2.492500 1.010295 0.010889
2.497500 1.015998 0.007665
2.502500 1.017243 0.002661
2.507500 1.012622 0.005351
2.512500 1.026064 0.008478
2.517500 1.023297 0.009598
2.522500 1.022859 0.006088
2.527500 1.014355 0.011598
2.532500 1.005906 0.013690
2.537500 1.020761 0.012822
2.542500 1.025844 0.009699
2.547500 1.021297 0.002444
2.552500 1.015009 0.004768
2.557500 1.008153 0.009025
2.562500 1.007573 0.013362
2.567500 0.999107 0.010868
2.572500 1.013935 0.008036
2.577500 1.013045 0.004553
2.582500 1.012949 0.006857
2.587500 1.002006 0.013317
2.592500 1.002099 0.006925
2.597500 1.002944 0.002566
2.602500 1.000000 0.002692
2.607500 0.977988 0.007888
2.612500 0.961063 0.010630
2.617500 0.960929 0.004163
2.622500 0.971886 0.015964
2.627500 0.988379 0.012934
2.632500 0.976809 0.020308
2.637500 0.968026 0.006775
2.642500 0.952084 0.006963
2.647500 0.935631 0.009044
2.652500 0.896104 0.019628
2.657500 0.880888 0.019587
2.662500 0.845674 0.006668
2.667500 0.803273 0.003268
2.672500 0.759675 0.003494
2.677500 0.704264 0.004980
2.682500 0.657397 0.007486
2.687500 0.614046 0.003562
2.692500 0.608784 0.014292
2.697500 0.605935 0.004162
2.702500 0.615079 0.026711
2.707500 0.648158 0.033306
2.712500 0.741573 0.023163
2.717500 0.770736 0.013430
2.722500 0.800788 0.009257
2.727500 0.805029 0.028605
2.732500 0.775848 0.019745
2.737500 0.756565 0.020963
2.742500 0.697093 0.023508
2.747500 0.682473 0.023118
2.752500 0.657985 0.009919
2.757500 0.649084 0.008893
2.762500 0.622778 0.016245
2.767500 0.592661 0.006967
2.772500 0.556943 0.003833
2.777500 0.548110 0.012832
2.782500 0.550439 0.008097
2.787500 0.561549 0.005635
2.792500 0.577155 0.006038
2.797500 0.576752 0.006609
2.802500 0.570192 0.003038
2.807500 0.549144 0.011392
2.812500 0.506518 0.006135
2.817500 0.502466 0.004007
2.822500 0.493920 0.003368
2.827500 0.492844 0.005407
2.832500 0.465004 0.007490
2.837500 0.436802 0.008291
2.842500 0.415434 0.003520
2.847500 0.393674 0.007436
2.852500 0.374294 0.010107
2.857500 0.362147 0.011452
2.862500 0.323066 0.005096
2.867500 0.321683 0.007618
2.872500 0.310397 0.005038
2.877500 0.302142 0.002373
2.882500 0.281648 0.005927
2.887500 0.270252 0.005055
2.892500 0.277847 0.006221
2.897500 0.272716 0.009160
2.902500 0.257576 0.002773
2.907500 0.251695 0.007557
2.912500 0.242759 0.004722
2.917500 0.242480 0.006715
2.922500 0.231123 0.004036
2.927500 0.233085 0.007295
2.932500 0.225940 0.004463
2.937500 0.232634 0.006256
2.942500 0.222882 0.002526
2.947500 0.211922 0.001715
2.952500 0.203033 0.002863
2.957500 0.191739 0.007647
2.962500 0.180863 0.002132
2.967500 0.182956 0.006131
2.972500 0.189286 0.005608
2.977500 0.190243 0.012638
2.982500 0.184288 0.012808
2.987500 0.189883 0.010294
2.992500 0.187119 0.007626
2.997500 0.186723 0.010926
3.002500 0.183237 0.013021
3.007500 0.188207 0.007067
3.012500 0.175080 0.004440
3.017500 0.165668 0.003717
3.022500 0.165834 0.006508
3.027500 0.148118 0.008635
3.032500 0.163609 0.007000
3.037500 0.164029 0.006148
3.042500 0.178310 0.002706
3.047500 0.170375 0.009585
3.052500 0.162106 0.003685
3.057500 0.167170 0.009465
3.062500 0.185084 0.007445
3.067500 0.184200 0.003732
3.072500 0.198536 0.009771
3.077500 0.201299 0.014980
3.082500 0.185387 0.016531
3.087500 0.175872 0.012444
3.092500 0.173558 0.003348
3.097500 0.171830 0.005471
3.102500 0.180493 0.002028
3.107500 0.183760 0.002698
3.112500 0.180090 0.001416
3.117500 0.185338 0.013634
3.122500 0.185356 0.009638
3.127500 0.179506 0.002461
3.132500 0.187503 0.007583
3.137500 0.196245 0.009825
3.142500 0.204801 0.015879
3.147500 0.203578 0.009490
3.152500 0.197964 0.007781
3.157500 0.201794 0.014604
3.162500 0.199725 0.017506
3.167500 0.199895 0.009564
3.172500 0.213481 0.011428
3.177500 0.222478 0.008147
3.182500 0.220657 0.004699
3.187500 0.237464 0.009173
3.192500 0.237786 0.002777
3.197500 0.254630 0.018003
3.202500 0.245012 0.012391
3.207500 0.235979 0.008503
3.212500 0.238787 0.017370
3.217500 0.249486 0.008076
3.222500 0.249080 0.009343
3.227500 0.243319 0.001063
3.232500 0.255979 0.001225
3.237500 0.308659 0.005145
3.242500 0.314401 0.007455
3.247500 0.324647 0.008745
3.252500 0.321548 0.009653
3.257500 0.340725 0.011540
3.262500 0.352344 0.013969
3.267500 0.363134 0.009555
3.272500 0.388379 0.019120
3.277500 0.392816 0.018262
3.282500 0.389960 0.021789
3.287500 0.409746 0.020210
3.292500 0.432188 0.014874
3.297500 0.446470 0.009655
3.302500 0.434032 0.006071
3.307500 0.435388 0.010884
3.312500 0.443198 0.012672
3.317500 0.432917 0.013651
3.322500 0.417853 0.011493
3.327500 0.437580 0.002083
3.332500 0.465313 0.005668
3.337500 0.454490 0.006055
3.342500 0.483222 0.008557
3.347500 0.503584 0.003053
3.352500 0.494088 0.003592
3.357500 0.476458 0.015739
3.362500 0.454962 0.025323
3.367500 0.438034 0.025816
3.372500 0.447268 0.008703
3.377500 0.466018 0.013372
3.382500 0.484702 0.007138
3.387500 0.488994 0.001705
3.392500 0.472691 0.012257
3.397500 0.484259 0.011707
3.402500 0.457855 0.011937
3.407500 0.466175 0.029741
3.412500 0.504464 0.021371
3.417500 0.499965 0.015145
3.422500 0.475238 0.007575
3.427500 0.462878 0.005362
3.432500 0.457977 0.007346
3.437500 0.464472 0.006293
3.442500 0.488596 0.010121
3.447500 0.494715 0.020259
3.452500 0.511362 0.023941
3.457500 0.515989 0.016983
3.462500 0.499947 0.007187
3.467500 0.481830 0.005671
3.472500 0.490150 0.009000
3.477500 0.514674 0.014211
3.482500 0.533981 0.007731
3.487500 0.527963 0.015324
3.492500 0.535887 0.001981
3.497500 0.535080 0.021184
3.502500 0.547482 0.027204
3.507500 0.561962 0.008975
3.512500 0.566073 0.011289
3.517500 0.583002 0.015702
3.522500 0.592357 0.016323
3.527500 0.572298 0.017732
3.532500 0.567284 0.019921
3.537500 0.587687 0.002955
3.542500 0.604791 0.009140
3.547500 0.616250 0.004208
3.552500 0.615158 0.023199
3.557500 0.628611 0.015433
3.562500 0.627849 0.013712
3.567500 0.633039 0.016813
3.572500 0.645827 0.007379
3.577500 0.661690 0.004371
3.582500 0.678554 0.008628
3.587500 0.694237 0.009449
3.592500 0.668940 0.017163
3.597500 0.673014 0.029193
3.602500 0.651660 0.005323
3.607500 0.687476 0.015007
3.612500 0.694111 0.009784
3.617500 0.662767 0.019346
3.622500 0.664784 0.014543
3.627500 0.686793 0.018007
3.632500 0.674251 0.030858
3.637500 0.625608 0.013523
3.642500 0.663808 0.029688
3.647500 0.671800 0.027287
3.652500 0.673641 0.029816
3.657500 0.664919 0.028169
3.662500 0.661621 0.036097
3.667500 0.636393 0.022571
3.672500 0.660213 0.019347
3.677500 0.690175 0.007541
3.682500 0.679116 0.014074
3.687500 0.673147 0.020080
3.692500 0.659250 0.016756
3.697500 0.659621 0.015623
3.702500 0.627798 0.004462
3.707500 0.640058 0.015361
3.712500 0.603433 0.014655
3.717500 0.588244 0.001924
3.722500 0.649513 0.004748
3.727500 0.691035 0.014509
3.732500 0.663390 0.010310
3.737500 0.669275 0.014206
3.742500 0.714410 0.017563
3.747500 0.721750 0.016021
3.752500 0.681256 0.014736
3.757500 0.643676 0.031222
3.762500 0.655221 0.050434
3.767500 0.658345 0.032798
3.772500 0.643503 0.045303
3.777500 0.647403 0.042543
3.782500 0.645986 0.037017
3.787500 0.613468 0.023404
3.792500 0.583608 0.012851
3.797500 0.631533 0.014624
3.802500 0.615114 0.012852
3.807500 0.615013 0.033454
3.812500 0.636608 0.033374
3.817500 0.624245 0.024559
3.822500 0.627894 0.038080
3.827500 0.597320 0.016815
3.832500 0.605550 0.021221
3.837500 0.611885 0.024327
3.842500 0.612957 0.025424
3.847500 0.604840 0.017805
3.852500 0.558597 0.026648
3.857500 0.577436 0.024787
3.862500 0.599851 0.002893
3.867500 0.554604 0.016950
3.872500 0.551433 0.013001
3.877500 0.595998 0.029459
3.882500 0.603510 0.020584
3.887500 0.610913 0.011003
3.892500 0.593419 0.028136
3.897500 0.556375 0.003067
3.902500 0.509174 0.013702
3.907500 0.519738 0.009779
3.912500 0.501765 0.010071
3.917500 0.569768 0.012537
3.922500 0.579675 0.019828
3.927500 0.538491 0.027494
3.932500 0.549246 0.012979
3.937500 0.547136 0.016082
3.942500 0.573237 0.038399
3.947500 0.573376 0.036768
3.952500 0.570938 0.051956
3.957500 0.596253 0.037073
3.962500 0.609003 0.019700
3.967500 0.544221 0.009743
3.972500 0.527882 0.027237
3.977500 0.590711 0.013236
3.982500 0.569565 0.017236
3.987500 0.536206 0.015475
3.992500 0.533291 0.014294
3.997500 0.503602 0.011599
4.002500 0.466139 0.032473
4.007500 0.494013 0.034441
4.012500 0.475596 0.037646
4.017500 0.441241 0.023354
4.022500 0.410717 0.023960
4.027500 0.422304 0.040343
4.032500 0.458986 0.018438
4.037500 0.388736 0.017786
4.042500 0.354632 0.016176
4.047500 0.302542 0.047284
4.052500 0.268902 0.031936
4.057500 0.308044 0.023235
4.062500 0.251826 0.026447
4.067500 0.270294 0.009964
4.072500 0.334820 0.020687
4.077500 0.359002 0.017137
4.082500 0.304293 0.022506
4.087500 0.258032 0.015081
4.092500 0.294862 0.012146
4.097500 0.346886 0.019885
4.102500 0.309590 0.025470
4.107500 0.324632 0.014309
4.112500 0.349000 0.010220
4.117500 0.346089 0.037730
4.122500 0.392876 0.012098
4.127500 0.356338 0.032599
4.132500 0.373301 0.002757
4.137500 0.417515 0.043078
4.142500 0.409113 0.013431
4.147500 0.402191 0.010200
4.152500 0.408894 0.004847
4.157500 0.416533 0.008472
4.162500 0.442232 0.027999
4.167500 0.484155 0.024822
4.172500 0.531826 0.024645
4.177500 0.574511 0.011932
4.182500 0.615360 0.022155
4.187500 0.672586 0.017879
4.192500 0.715077 0.030053
4.197500 0.683161 0.015327
4.202500 0.656902 0.055349
4.207500 0.524171 0.066228
4.212500 0.353201 0.001476
4.217500 0.312074 0.019790
4.222500 0.287854 0.041476
4.227500 0.269468 0.030923
4.232500 0.227294 0.014840
4.237500 0.234238 0.027627
4.242500 0.252191 0.009362
4.247500 0.270365 0.023334
4.252500 0.302448 0.028349
4.257500 0.331431 0.023464
4.262500 0.324740 0.014242
4.267500 0.271799 0.013833
4.272500 0.276529 0.007562
4.277500 0.342026 0.013736
4.282500 0.355662 0.005966
4.287500 0.387635 0.003169
4.292500 0.456692 0.014437
4.297500 0.574536 0.019852
4.302500 0.701220 0.032756
4.307500 0.805259 0.026608
4.312500 0.888869 0.021427
4.317500 0.914928 0.031725
4.322500 0.970147 0.039737
4.327500 1.023824 0.056253
4.332500 0.988498 0.033315
4.337500 0.978543 0.070355
4.342500 1.044285 0.027330
4.347500 1.021038 0.034669
4.352500 0.999778 0.050298
4.357500 0.978034 0.025795
4.362500 0.856792 0.053184
4.367500 0.824909 0.057985
4.372500 0.714154 0.021987
4.377500 0.497921 0.067383
4.382500 0.398932 0.035680
4.387500 0.446552 0.034834
4.392500 0.534471 0.045428
4.397500 0.756515 0.038766
4.402500 0.821505 0.005744
4.407500 0.827646 0.026657
4.412500 0.829563 0.072703
4.417500 0.862994 0.063430
4.422500 0.832821 0.062341
4.427500 0.813944 0.039215
4.432500 0.916399 0.027187
4.437500 0.844339 0.058710
4.442500 0.792845 0.047315
4.447500 0.871646 0.039457
4.452500 0.839634 0.026771
4.457500 0.795651 0.018887
4.462500 0.761620 0.036396
4.467500 0.814739 0.041100
4.472500 0.758408 0.052046
4.477500 0.768725 0.013969
4.482500 0.822123 0.023748
4.487500 0.840517 0.004844
4.492500 0.738649 0.005754
4.497500 0.732948 0.046959
4.502500 0.829105 0.102275
4.507500 0.841206 0.046585
4.512500 0.817705 0.033627
4.517500 0.800632 0.028756
4.522500 0.737095 0.029102
4.527500 0.749121 0.013284
4.532500 0.707297 0.047113
4.537500 0.724746 0.024804
4.542500 0.684259 0.010040
4.547500 0.660808 0.021902
4.552500 0.730069 0.006822
4.557500 0.797601 0.015209
4.562500 0.814176 0.053452
4.567500 0.818297 0.099461
4.572500 0.806811 0.101403
4.577500 0.822005 0.010070
4.582500 0.729901 0.031966
4.587500 0.678312 0.035148
4.592500 0.719863 0.053795
4.597500 0.732422 0.039394
4.602500 0.735699 0.018798
4.607500 0.689574 0.017327
4.612500 0.697319 0.055274
4.617500 0.655767 0.036244
4.622500 0.601092 0.067088
4.627500 0.649670 0.059221
4.632500 0.691892 0.039267
4.637500 0.801807 0.014347
4.642500 0.709761 0.032808
4.647500 0.699865 0.012237
4.652500 0.615173 0.043907
4.657500 0.544274 0.039854
4.662500 0.446995 0.059129
4.667500 0.269289 0.024089
4.672500 0.336749 0.027002
4.677500 0.313002 0.019553
4.682500 0.286610 0.016762
4.687500 0.360561 0.022442
4.692500 0.443618 0.029372
4.697500 0.423958 0.078776
4.702500 0.573691 0.092868
4.707500 0.757328 0.029374
4.712500 0.761508 0.039605
4.717500 0.689054 0.030755
4.722500 0.767016 0.077402
4.727500 0.732556 0.026109
4.732500 0.740300 0.028919
4.737500 0.826825 0.040646
4.742500 0.889846 0.090911
4.747500 0.863895 0.026507
4.752500 0.774814 0.046167
4.757500 0.766086 0.032691
4.762500 0.767298 0.022377
4.767500 0.771332 0.018182
4.772500 0.718283 0.020153
4.777500 0.746144 0.016966
4.782500 0.838160 0.056141
4.787500 0.788005 0.074905
4.792500 0.768437 0.053655
4.797500 0.820652 0.079514
4.802500 0.882078 0.058039
4.807500 0.843185 0.048457
4.812500 0.857213 0.027569
4.817500 0.830326 0.056771
4.822500 0.805177 0.051093
4.827500 0.866418 0.043961
4.832500 0.868161 0.054945
4.837500 0.880620 0.024548
4.842500 0.801459 0.044109
4.847500 0.762951 0.052726
4.852500 0.755724 0.069034
4.857500 0.786187 0.042949
4.862500 0.807337 0.045719
4.867500 0.777455 0.037172
4.872500 0.709672 0.067707
4.877500 0.683158 0.035676
4.882500 0.816579 0.023905
4.887500 0.836267 0.077268
4.892500 0.783810 0.056137
4.897500 0.755847 0.069662
4.902500 0.744935 0.044579
4.907500 0.721144 0.075516
4.912500 0.751666 0.097598
4.917500 0.848556 0.074970
4.922500 0.659652 0.008254
4.927500 0.662686 0.098827
4.932500 0.914477 0.115680
4.937500 0.878084 0.063058
4.942500 0.930529 0.082599
4.947500 0.843134 0.083601
4.952500 0.776398 0.033220
4.957500 0.735558 0.073744
4.962500 0.705452 0.069920
4.967500 0.799713 0.084593
4.972500 0.799732 0.022386
4.977500 0.807858 0.072874
4.982500 0.764542 0.029924
4.987500 0.705151 0.042048
4.992500 0.841851 0.071535
4.997500 0.878989 0.190834
5.002500 0.730480 0.119388
5.007500 0.790837 0.090545
5.012500 0.839725 0.071056
5.017500 0.882795 0.097778
5.022500 0.954893 0.150968
5.027500 0.673885 0.096746
5.032500 0.782898 0.114798
5.037500 0.781874 0.083990
5.042500 0.688274 0.105608
5.047500 0.743084 0.078299
5.052500 0.836654 0.036026
5.057500 0.787190 0.014471
5.062500 0.716339 0.027869
5.067500 0.736646 0.040394
5.072500 0.718269 0.022913
5.077500 0.785989 0.048246
5.082500 0.767659 0.102409
5.087500 0.776154 0.146099
5.092500 0.709205 0.009075
5.097500 0.790357 0.077272
