# DATE = 2025-03-12
# PIPE_VER = 1.17.1
# PMAP = jwst_1322.pmap
# STANDARD_STAR = SNAP-2
# 
# Wavelength (microns), arbitrary reflectance, uncertainty
0.702500 0.828502 0.006922
0.707500 0.844721 0.011833
0.712500 0.834674 0.011914
0.717500 0.838553 0.006598
0.722500 0.851398 0.017783
0.727500 0.846739 0.020821
0.732500 0.864174 0.025101
0.737500 0.870864 0.016817
0.742500 0.877916 0.007855
0.747500 0.906817 0.008027
0.752500 0.882214 0.020798
0.757500 0.881748 0.007194
0.762500 0.929722 0.013800
0.767500 0.933778 0.018057
0.772500 0.921073 0.015708
0.777500 0.920501 0.012659
0.782500 0.915137 0.018715
0.787500 0.922846 0.014484
0.792500 0.930952 0.009902
0.797500 0.946895 0.019273
0.802500 0.955440 0.020589
0.807500 0.958593 0.016161
0.812500 0.973113 0.020962
0.817500 0.982089 0.018482
0.822500 0.978094 0.012045
0.827500 0.995153 0.008395
0.832500 1.011012 0.009389
0.837500 0.995534 0.023764
0.842500 0.995151 0.023567
0.847500 0.999196 0.022447
0.852500 1.004667 0.022028
0.857500 1.018628 0.014418
0.862500 1.025719 0.011864
0.867500 1.020670 0.015533
0.872500 1.019706 0.014352
0.877500 1.023647 0.014813
0.882500 1.038975 0.019675
0.887500 1.050522 0.017589
0.892500 1.056851 0.014807
0.897500 1.045914 0.013828
0.902500 1.048036 0.016174
0.907500 1.046108 0.009738
0.912500 1.056279 0.011321
0.917500 1.061567 0.013781
0.922500 1.074350 0.010944
0.927500 1.066535 0.014509
0.932500 1.072394 0.019281
0.937500 1.075351 0.018156
0.942500 1.085091 0.015605
0.947500 1.097721 0.018504
0.952500 1.099523 0.014769
0.957500 1.099292 0.025581
0.962500 1.095841 0.026501
0.967500 1.102282 0.021901
0.972500 1.105533 0.018579
0.977500 1.123054 0.015319
0.982500 1.136257 0.018485
0.987500 1.139901 0.018706
0.992500 1.125241 0.022300
0.997500 1.129561 0.019383
1.002500 1.134209 0.020051
1.007500 1.137027 0.018931
1.012500 1.139050 0.017936
1.017500 1.119264 0.022279
1.022500 1.118926 0.016613
1.027500 1.119003 0.021147
1.032500 1.130848 0.017157
1.037500 1.139254 0.015986
1.042500 1.137693 0.016475
1.047500 1.142276 0.020516
1.052500 1.141570 0.019291
1.057500 1.150113 0.019616
1.062500 1.156396 0.018927
1.067500 1.166348 0.010554
1.072500 1.157720 0.007691
1.077500 1.146919 0.013559
1.082500 1.152496 0.014651
1.087500 1.166272 0.018893
1.092500 1.167541 0.020987
1.097500 1.169454 0.023201
1.102500 1.174475 0.024776
1.107500 1.170800 0.028468
1.112500 1.178069 0.023337
1.117500 1.180831 0.019804
1.122500 1.179502 0.013509
1.127500 1.190635 0.021563
1.132500 1.179117 0.019688
1.137500 1.181123 0.024170
1.142500 1.192758 0.030366
1.147500 1.196419 0.026003
1.152500 1.192436 0.019962
1.157500 1.183325 0.018387
1.162500 1.181939 0.020101
1.167500 1.186940 0.020042
1.172500 1.192520 0.026074
1.177500 1.191748 0.023765
1.182500 1.204852 0.019257
1.187500 1.199978 0.017884
1.192500 1.200145 0.015164
1.197500 1.200247 0.020987
1.202500 1.196478 0.021036
1.207500 1.204282 0.020829
1.212500 1.209052 0.022158
1.217500 1.187593 0.026803
1.222500 1.183138 0.028640
1.227500 1.196584 0.024589
1.232500 1.195440 0.021800
1.237500 1.211231 0.011205
1.242500 1.202605 0.018140
1.247500 1.191511 0.013465
1.252500 1.198405 0.022283
1.257500 1.195186 0.024028
1.262500 1.197629 0.023125
1.267500 1.193252 0.022178
1.272500 1.164563 0.020361
1.277500 1.172908 0.024128
1.282500 1.179976 0.023852
1.287500 1.193168 0.026948
1.292500 1.207220 0.022831
1.297500 1.207333 0.022198
1.302500 1.205472 0.026808
1.307500 1.203228 0.028496
1.312500 1.202165 0.030551
1.317500 1.196769 0.023774
1.322500 1.196357 0.020920
1.327500 1.187285 0.021442
1.332500 1.188136 0.024992
1.337500 1.193455 0.025885
1.342500 1.187977 0.024801
1.347500 1.187918 0.027990
1.352500 1.190085 0.028156
1.357500 1.194726 0.022756
1.362500 1.197584 0.024006
1.367500 1.203263 0.020048
1.372500 1.200607 0.020151
1.377500 1.187001 0.014794
1.382500 1.185680 0.017489
1.387500 1.181485 0.015475
1.392500 1.181994 0.015376
1.397500 1.176210 0.012433
1.402500 1.172488 0.011253
1.407500 1.176691 0.013844
1.412500 1.183314 0.013672
1.417500 1.186903 0.013438
1.422500 1.186148 0.018662
1.427500 1.187883 0.018835
1.432500 1.185197 0.017556
1.437500 1.184412 0.015722
1.442500 1.187406 0.020075
1.447500 1.189667 0.019009
1.452500 1.188997 0.017955
1.457500 1.190691 0.013628
1.462500 1.181393 0.017599
1.467500 1.178484 0.019614
1.472500 1.184693 0.016512
1.477500 1.183423 0.020508
1.482500 1.168832 0.032028
1.487500 1.169325 0.036006
1.492500 1.158525 0.028608
1.497500 1.158900 0.017462
1.502500 1.168089 0.015738
1.507500 1.175835 0.014169
1.512500 1.181387 0.014950
1.517500 1.187725 0.018893
1.522500 1.178178 0.022751
1.527500 1.178216 0.023024
1.532500 1.171098 0.026446
1.537500 1.155473 0.023281
1.542500 1.155079 0.026913
1.547500 1.157439 0.030402
1.552500 1.155725 0.024325
1.557500 1.155245 0.020894
1.562500 1.144211 0.018006
1.567500 1.152533 0.019277
1.572500 1.162405 0.017736
1.577500 1.152157 0.009976
1.582500 1.160732 0.011358
1.587500 1.168214 0.011206
1.592500 1.167889 0.005577
1.597500 1.168766 0.006995
1.602500 1.164303 0.010140
1.607500 1.169801 0.009721
1.612500 1.166381 0.008479
1.617500 1.159578 0.017118
1.622500 1.147647 0.015137
1.627500 1.145144 0.015176
1.632500 1.144561 0.011401
1.637500 1.143645 0.011359
1.642500 1.153880 0.020154
1.647500 1.162120 0.020227
1.652500 1.170582 0.012101
1.657500 1.151488 0.018535
1.662500 1.138886 0.034022
1.667500 1.134029 0.041043
1.672500 1.123056 0.033782
1.677500 1.135159 0.011693
1.682500 1.149661 0.017057
1.687500 1.148251 0.012018
1.692500 1.160685 0.011356
1.697500 1.161743 0.012832
1.702500 1.165136 0.015648
1.707500 1.169780 0.017136
1.712500 1.155611 0.018300
1.717500 1.157553 0.019798
1.722500 1.153291 0.017142
1.727500 1.162828 0.015163
1.732500 1.167692 0.016945
1.737500 1.155735 0.012044
1.742500 1.157656 0.018506
1.747500 1.160682 0.018262
1.752500 1.146985 0.007819
1.757500 1.136280 0.019552
1.762500 1.124697 0.019545
1.767500 1.131052 0.016525
1.772500 1.127329 0.014266
1.777500 1.117702 0.023037
1.782500 1.125326 0.022174
1.787500 1.138490 0.020091
1.792500 1.135928 0.023447
1.797500 1.139339 0.023797
1.802500 1.136996 0.032638
1.807500 1.135340 0.027347
1.812500 1.128871 0.018017
1.817500 1.135175 0.024611
1.822500 1.134121 0.026800
1.827500 1.123802 0.030669
1.832500 1.123522 0.026767
1.837500 1.115058 0.027146
1.842500 1.128314 0.026393
1.847500 1.148644 0.017571
1.852500 1.144034 0.023706
1.857500 1.141831 0.032509
1.862500 1.151305 0.036306
1.867500 1.121745 0.024380
1.872500 1.121946 0.025779
1.877500 1.131085 0.030107
1.882500 1.124609 0.022231
1.887500 1.137365 0.031511
1.892500 1.142428 0.026511
1.897500 1.136278 0.026651
1.902500 1.139226 0.022760
1.907500 1.147356 0.016998
1.912500 1.129932 0.025919
1.917500 1.133304 0.026434
1.922500 1.123380 0.014738
1.927500 1.110382 0.017833
1.932500 1.119184 0.019344
1.937500 1.128880 0.015919
1.942500 1.108162 0.028290
1.947500 1.086912 0.022072
1.952500 1.070002 0.015780
1.957500 1.078500 0.022950
1.962500 1.080925 0.023916
1.967500 1.087429 0.016828
1.972500 1.091478 0.017628
1.977500 1.087084 0.019797
1.982500 1.079881 0.021972
1.987500 1.060933 0.036033
1.992500 1.062841 0.037161
1.997500 1.058364 0.028314
2.002500 1.068198 0.019764
2.007500 1.077710 0.010947
2.012500 1.078053 0.007415
2.017500 1.074405 0.008979
2.022500 1.068322 0.015449
2.027500 1.072434 0.015619
2.032500 1.076866 0.015544
2.037500 1.074943 0.009738
2.042500 1.069233 0.017335
2.047500 1.077967 0.018573
2.052500 1.065360 0.006480
2.057500 1.070334 0.010031
2.062500 1.073856 0.013964
2.067500 1.073374 0.013489
2.072500 1.073592 0.018989
2.077500 1.059629 0.022857
2.082500 1.065063 0.021580
2.087500 1.061758 0.017005
2.092500 1.060995 0.021438
2.097500 1.062556 0.025415
2.102500 1.068651 0.025048
2.107500 1.062652 0.011062
2.112500 1.062531 0.008411
2.117500 1.073078 0.005212
2.122500 1.067302 0.007053
2.127500 1.065691 0.006497
2.132500 1.060917 0.008905
2.137500 1.074463 0.012418
2.142500 1.081127 0.022074
2.147500 1.075028 0.031930
2.152500 1.081738 0.029332
2.157500 1.071970 0.017338
2.162500 1.072593 0.017054
2.167500 1.087372 0.010446
2.172500 1.075721 0.014828
2.177500 1.074780 0.016873
2.182500 1.069572 0.018047
2.187500 1.070942 0.019612
2.192500 1.069789 0.018209
2.197500 1.081770 0.008598
2.202500 1.092600 0.005232
2.207500 1.093327 0.007866
2.212500 1.091938 0.019219
2.217500 1.079813 0.034479
2.222500 1.085161 0.033918
2.227500 1.050602 0.013628
2.232500 1.057980 0.016169
2.237500 1.060697 0.018089
2.242500 1.057319 0.015934
2.247500 1.050222 0.009079
2.252500 1.052083 0.010692
2.257500 1.049400 0.012096
2.262500 1.042874 0.014455
2.267500 1.033750 0.021160
2.272500 1.032569 0.021634
2.277500 1.024431 0.021483
2.282500 1.024996 0.022234
2.287500 1.034893 0.025176
2.292500 1.036495 0.021456
2.297500 1.035080 0.013429
2.302500 1.034680 0.007231
2.307500 1.037603 0.008141
2.312500 1.029240 0.012799
2.317500 1.017014 0.012215
2.322500 1.015795 0.015373
2.327500 1.023883 0.021506
2.332500 1.039818 0.018381
2.337500 1.063803 0.004719
2.342500 1.062429 0.018056
2.347500 1.047404 0.025497
2.352500 1.021344 0.017492
2.357500 1.044087 0.029111
2.362500 1.043625 0.013830
2.367500 1.045198 0.014072
2.372500 1.061814 0.008881
2.377500 1.038808 0.018759
2.382500 1.032871 0.018200
2.387500 1.025659 0.023394
2.392500 1.032770 0.029790
2.397500 1.038455 0.035006
2.402500 1.032069 0.039152
2.407500 1.031697 0.036412
2.412500 1.032347 0.019719
2.417500 1.040775 0.022829
2.422500 1.046073 0.013380
2.427500 1.037051 0.010390
2.432500 1.042163 0.015742
2.437500 1.026950 0.011709
2.442500 1.016646 0.009064
2.447500 1.016916 0.014665
2.452500 1.031611 0.012188
2.457500 1.010065 0.007454
2.462500 1.005682 0.011748
2.467500 1.009682 0.009927
2.472500 1.011517 0.028920
2.477500 0.988669 0.041354
2.482500 0.993196 0.039818
2.487500 0.982037 0.022245
2.492500 0.981805 0.024142
2.497500 0.984479 0.029137
2.502500 0.974010 0.027693
2.507500 0.987826 0.020154
2.512500 0.991642 0.020794
2.517500 0.994446 0.018133
2.522500 0.999748 0.018808
2.527500 1.009097 0.016853
2.532500 1.008666 0.012552
2.537500 0.997638 0.010186
2.542500 0.993845 0.013990
2.547500 0.998966 0.018282
2.552500 1.003002 0.017553
2.557500 1.003423 0.015257
2.562500 0.997919 0.009754
2.567500 0.976465 0.006597
2.572500 0.979173 0.018957
2.577500 0.981207 0.022813
2.582500 0.979231 0.020512
2.587500 0.992537 0.015150
2.592500 0.994567 0.012111
2.597500 0.997963 0.007029
2.602500 1.002184 0.013673
2.607500 1.000000 0.016911
2.612500 1.004723 0.011312
2.617500 1.022632 0.008604
2.622500 1.038821 0.004562
2.627500 1.021208 0.019289
2.632500 1.023736 0.016694
2.637500 1.025819 0.012788
2.642500 1.011404 0.007135
2.647500 0.984247 0.020983
2.652500 0.984510 0.026837
2.657500 0.976340 0.033814
2.662500 0.979434 0.042426
2.667500 0.966133 0.033629
2.672500 0.969855 0.015734
2.677500 0.960849 0.016505
2.682500 0.944064 0.007996
2.687500 0.919832 0.012380
2.692500 0.916162 0.014790
2.697500 0.874148 0.015835
2.702500 0.849396 0.007665
2.707500 0.841457 0.004738
2.712500 0.852084 0.015951
2.717500 0.849269 0.025736
2.722500 0.850950 0.016206
2.727500 0.848159 0.015118
2.732500 0.835316 0.010585
2.737500 0.860204 0.016245
2.742500 0.827319 0.011371
2.747500 0.800634 0.005598
2.752500 0.778328 0.007125
2.757500 0.745110 0.006512
2.762500 0.710253 0.015441
2.767500 0.671726 0.009592
2.772500 0.637633 0.004381
2.777500 0.625253 0.007485
2.782500 0.593651 0.004641
2.787500 0.553253 0.006228
2.792500 0.535247 0.015150
2.797500 0.475703 0.007517
2.802500 0.447531 0.002193
2.807500 0.441461 0.010128
2.812500 0.394947 0.005011
2.817500 0.365702 0.008982
2.822500 0.346945 0.001027
2.827500 0.326912 0.009947
2.832500 0.303351 0.014018
2.837500 0.276168 0.005098
2.842500 0.249502 0.004995
2.847500 0.234238 0.009740
2.852500 0.207808 0.003241
2.857500 0.192063 0.000762
2.862500 0.176245 0.001510
2.867500 0.160352 0.006683
2.872500 0.131464 0.001561
2.877500 0.133488 0.005301
2.882500 0.120113 0.005729
2.887500 0.107987 0.003363
2.892500 0.105947 0.006023
2.897500 0.107116 0.005638
2.902500 0.104823 0.005504
2.907500 0.099982 0.007550
2.912500 0.099685 0.007886
2.917500 0.099134 0.016451
2.922500 0.070875 0.006548
2.927500 0.077703 0.011279
2.932500 0.084640 0.004960
2.937500 0.083743 0.004704
2.942500 0.085013 0.007913
2.947500 0.076914 0.002359
2.952500 0.050713 0.017988
2.957500 0.058846 0.004277
2.962500 0.069240 0.004026
2.967500 0.077899 0.009163
2.972500 0.076016 0.010061
2.977500 0.076945 0.010771
2.982500 0.078333 0.009412
2.987500 0.075383 0.009400
2.992500 0.081620 0.007215
2.997500 0.078868 0.008507
3.002500 0.075221 0.006837
3.007500 0.070632 0.002580
3.012500 0.064024 0.011034
3.017500 0.059903 0.008416
3.022500 0.062997 0.007371
3.027500 0.061921 0.000295
3.032500 0.066060 0.002661
3.037500 0.050825 0.003280
3.042500 0.051254 0.004238
3.047500 0.042370 0.004766
3.052500 0.048707 0.008931
3.057500 0.065977 0.006483
3.062500 0.064193 0.011034
3.067500 0.071203 0.011777
3.072500 0.078265 0.005211
3.077500 0.089981 0.001927
3.082500 0.079398 0.003744
3.087500 0.071625 0.007426
3.092500 0.078361 0.009806
3.097500 0.085311 0.011284
3.102500 0.087495 0.010233
3.107500 0.062459 0.009915
3.112500 0.064000 0.009354
3.117500 0.084226 0.006478
3.122500 0.094107 0.007851
3.127500 0.077127 0.002451
3.132500 0.078532 0.006681
3.137500 0.081659 0.006365
3.142500 0.077897 0.009493
3.147500 0.088754 0.008704
3.152500 0.083982 0.013999
3.157500 0.088047 0.005830
3.162500 0.081227 0.005058
3.167500 0.093097 0.007508
3.172500 0.094629 0.004674
3.177500 0.095625 0.004556
3.182500 0.103572 0.002431
3.187500 0.114655 0.007608
3.192500 0.113709 0.006035
3.197500 0.092296 0.004415
3.202500 0.085726 0.012035
3.207500 0.086867 0.014355
3.212500 0.096680 0.006298
3.217500 0.102805 0.006556
3.222500 0.108239 0.005511
3.227500 0.111383 0.012623
3.232500 0.125387 0.005304
3.237500 0.128330 0.006551
3.242500 0.118638 0.005858
3.247500 0.121680 0.006945
3.252500 0.120042 0.007298
3.257500 0.151834 0.008349
3.262500 0.164307 0.003317
3.267500 0.163704 0.003006
3.272500 0.167125 0.004354
3.277500 0.171038 0.002271
3.282500 0.170195 0.010906
3.287500 0.170700 0.012898
3.292500 0.181544 0.005349
3.297500 0.194163 0.011181
3.302500 0.191487 0.022117
3.307500 0.193992 0.017434
3.312500 0.203991 0.009706
3.317500 0.200578 0.020498
3.322500 0.212168 0.021772
3.327500 0.211461 0.026157
3.332500 0.192421 0.013473
3.337500 0.203517 0.005891
3.342500 0.192081 0.006475
3.347500 0.195743 0.013894
3.352500 0.205937 0.017990
3.357500 0.237076 0.011488
3.362500 0.237706 0.004421
3.367500 0.192361 0.011543
3.372500 0.176769 0.016671
3.377500 0.182457 0.026084
3.382500 0.197133 0.028882
3.387500 0.210937 0.033645
3.392500 0.207489 0.031281
3.397500 0.210927 0.021761
3.402500 0.196107 0.021144
3.407500 0.203464 0.020333
3.412500 0.201820 0.006179
3.417500 0.218587 0.011946
3.422500 0.197437 0.005632
3.427500 0.187935 0.011916
3.432500 0.190336 0.003816
3.437500 0.222046 0.029812
3.442500 0.215841 0.030855
3.447500 0.221300 0.019732
3.452500 0.228528 0.021715
3.457500 0.222505 0.018283
3.462500 0.228922 0.012510
3.467500 0.232632 0.011961
3.472500 0.220741 0.011529
3.477500 0.247331 0.015409
3.482500 0.264871 0.009944
3.487500 0.266582 0.015614
3.492500 0.242415 0.010275
3.497500 0.252969 0.009340
3.502500 0.267706 0.003524
3.507500 0.252087 0.020614
3.512500 0.235873 0.021026
3.517500 0.240566 0.005438
3.522500 0.252716 0.004741
3.527500 0.273279 0.019069
3.532500 0.277543 0.010650
3.537500 0.278621 0.003704
3.542500 0.270106 0.020585
3.547500 0.267855 0.022250
3.552500 0.286910 0.011600
3.557500 0.301258 0.021501
3.562500 0.326920 0.032871
3.567500 0.309192 0.022169
3.572500 0.303129 0.026557
3.577500 0.319388 0.039498
3.582500 0.347527 0.017103
3.587500 0.358321 0.017729
3.592500 0.345017 0.010670
3.597500 0.343270 0.026192
3.602500 0.357053 0.030629
3.607500 0.368160 0.014650
3.612500 0.364884 0.026768
3.617500 0.357352 0.035717
3.622500 0.375354 0.045026
3.627500 0.416365 0.018882
3.632500 0.431640 0.016932
3.637500 0.407065 0.024621
3.642500 0.417588 0.042884
3.647500 0.416817 0.049929
3.652500 0.436395 0.046278
3.657500 0.445125 0.037805
3.662500 0.433298 0.031144
3.667500 0.407163 0.008675
3.672500 0.431511 0.006295
3.677500 0.428539 0.012758
3.682500 0.402025 0.011781
3.687500 0.393529 0.008891
3.692500 0.486724 0.018658
3.697500 0.516561 0.020776
3.702500 0.501592 0.007915
3.707500 0.481260 0.006493
3.712500 0.455653 0.017139
3.717500 0.428883 0.008014
3.722500 0.457965 0.030355
3.727500 0.476439 0.027425
3.732500 0.446612 0.017414
3.737500 0.447292 0.020641
3.742500 0.473415 0.034279
3.747500 0.470157 0.033533
3.752500 0.450133 0.017377
3.757500 0.451062 0.047263
3.762500 0.450880 0.050473
3.767500 0.427363 0.050731
3.772500 0.444634 0.042441
3.777500 0.451994 0.034812
3.782500 0.451123 0.011539
3.787500 0.508246 0.023704
3.792500 0.529089 0.006486
3.797500 0.522828 0.029973
3.802500 0.483526 0.036991
3.807500 0.433987 0.043348
3.812500 0.383758 0.037601
3.817500 0.465820 0.072920
3.822500 0.526751 0.043352
3.827500 0.516056 0.028500
3.832500 0.459166 0.034994
3.837500 0.523876 0.022622
3.842500 0.536189 0.039986
3.847500 0.483987 0.013613
3.852500 0.438361 0.017922
3.857500 0.428001 0.018106
3.862500 0.473329 0.035307
3.867500 0.434654 0.007949
3.872500 0.427368 0.007616
3.877500 0.460326 0.037179
3.882500 0.472417 0.024978
3.887500 0.422112 0.008863
3.892500 0.364424 0.043033
3.897500 0.395284 0.030644
3.902500 0.413378 0.025991
3.907500 0.455488 0.011966
3.912500 0.443510 0.019509
3.917500 0.423188 0.009857
3.922500 0.396081 0.015964
3.927500 0.423791 0.021107
3.932500 0.492081 0.013907
3.937500 0.486488 0.021222
3.942500 0.396999 0.042393
3.947500 0.397886 0.040278
3.952500 0.420654 0.016779
3.957500 0.377035 0.003464
3.962500 0.357048 0.009641
3.967500 0.412768 0.014975
3.972500 0.479589 0.048513
3.977500 0.448869 0.055481
3.982500 0.460216 0.054373
3.987500 0.452603 0.046442
3.992500 0.454643 0.047959
3.997500 0.498569 0.060417
4.002500 0.539814 0.036277
4.007500 0.539601 0.009520
4.012500 0.522691 0.037769
4.017500 0.546681 0.035402
4.022500 0.433833 0.013744
4.027500 0.461373 0.028183
4.032500 0.465062 0.044627
4.037500 0.459616 0.003495
4.042500 0.485817 0.045679
4.047500 0.439238 0.022021
4.052500 0.456669 0.009999
4.057500 0.502368 0.027736
4.062500 0.478865 0.026837
4.067500 0.496715 0.040453
4.072500 0.509835 0.031803
4.077500 0.532623 0.007629
4.082500 0.535799 0.019060
4.087500 0.517312 0.052421
4.092500 0.474528 0.042036
4.097500 0.495406 0.036913
4.102500 0.476391 0.030990
4.107500 0.464944 0.051723
4.112500 0.488925 0.016048
4.117500 0.564908 0.028554
4.122500 0.565518 0.008368
4.127500 0.542066 0.052711
4.132500 0.546455 0.037100
4.137500 0.552857 0.033357
4.142500 0.568231 0.027673
4.147500 0.578900 0.035274
4.152500 0.610685 0.020443
4.157500 0.534338 0.030056
4.162500 0.474570 0.026570
4.167500 0.515966 0.036661
4.172500 0.525938 0.017722
4.177500 0.520258 0.023534
4.182500 0.429613 0.021844
4.187500 0.395482 0.036109
4.192500 0.400884 0.014980
4.197500 0.420000 0.018379
4.202500 0.493975 0.021486
4.207500 0.533684 0.028535
4.212500 0.528566 0.005755
4.217500 0.437922 0.017906
4.222500 0.395239 0.059478
4.227500 0.397632 0.033843
4.232500 0.321251 0.003509
4.237500 0.332758 0.006849
4.242500 0.288721 0.024943
4.247500 0.159565 0.010399
4.252500 0.188608 0.043781
4.257500 0.180881 0.038607
4.262500 0.125710 0.020563
4.267500 0.112747 0.011116
4.272500 0.110791 0.010388
4.277500 0.136203 0.035571
4.282500 0.187559 0.011127
4.287500 0.290202 0.046865
4.292500 0.285294 0.037926
4.297500 0.287219 0.050760
4.302500 0.466484 0.045418
4.307500 0.533315 0.032160
4.312500 0.523949 0.069475
4.317500 0.424894 0.026419
4.322500 0.472501 0.042147
4.327500 0.481093 0.025524
4.332500 0.501070 0.032091
4.337500 0.492214 0.058028
4.342500 0.552457 0.071510
4.347500 0.578598 0.042001
4.352500 0.491592 0.013222
4.357500 0.442423 0.036257
4.362500 0.441174 0.040317
4.367500 0.431869 0.023389
4.372500 0.496181 0.062681
4.377500 0.514445 0.066496
4.382500 0.496949 0.032064
4.387500 0.509667 0.009293
4.392500 0.433510 0.028904
4.397500 0.394567 0.057247
4.402500 0.553021 0.016789
4.407500 0.561257 0.031532
4.412500 0.519667 0.031832
4.417500 0.517520 0.024998
4.422500 0.464818 0.027449
4.427500 0.426826 0.074546
4.432500 0.410942 0.022929
4.437500 0.424138 0.021777
4.442500 0.474380 0.035796
4.447500 0.444679 0.032788
4.452500 0.409290 0.038365
4.457500 0.428255 0.039628
4.462500 0.429279 0.006925
4.467500 0.500692 0.038789
4.472500 0.500051 0.047685
4.477500 0.502215 0.067150
4.482500 0.511872 0.052559
4.487500 0.417151 0.020641
4.492500 0.461349 0.059238
4.497500 0.497774 0.055336
4.502500 0.536875 0.080364
4.507500 0.547746 0.107491
4.512500 0.424872 0.073690
4.517500 0.373113 0.067327
4.522500 0.487163 0.056391
4.527500 0.533355 0.061877
4.532500 0.509717 0.062880
4.537500 0.454417 0.054479
4.542500 0.413498 0.065972
4.547500 0.406279 0.060847
4.552500 0.500545 0.044584
4.557500 0.420051 0.021486
4.562500 0.427183 0.058137
4.567500 0.375145 0.036262
4.572500 0.443205 0.070735
4.577500 0.418641 0.011677
4.582500 0.513667 0.029951
4.587500 0.503711 0.040763
4.592500 0.504644 0.012798
4.597500 0.327375 0.033019
4.602500 0.322790 0.038587
4.607500 0.352442 0.042796
4.612500 0.282970 0.040642
4.617500 0.236015 0.007402
4.622500 0.236009 0.034350
4.627500 0.314638 0.017926
4.632500 0.306350 0.035029
4.637500 0.333497 0.061830
4.642500 0.357609 0.017541
4.647500 0.319557 0.049988
4.652500 0.315581 0.059616
4.657500 0.384476 0.075518
4.662500 0.301393 0.068077
4.667500 0.396841 0.110488
4.672500 0.383280 0.006299
4.677500 0.282175 0.015648
4.682500 0.288609 0.031243
4.687500 0.286071 0.037424
4.692500 0.282946 0.065173
4.697500 0.317427 0.025558
4.702500 0.320673 0.057690
4.707500 0.316061 0.047667
4.712500 0.266177 0.024645
4.717500 0.429723 0.070363
4.722500 0.463257 0.012081
4.727500 0.496017 0.026509
4.732500 0.413789 0.047963
4.737500 0.412635 0.054299
4.742500 0.600769 0.051603
4.747500 0.462903 0.063014
4.752500 0.317106 0.081268
4.757500 0.472507 0.055162
4.762500 0.525331 0.059736
4.767500 0.541577 0.057143
4.772500 0.605562 0.005922
4.777500 0.683315 0.042290
4.782500 0.671157 0.077993
4.787500 0.538702 0.040385
4.792500 0.577834 0.018612
4.797500 0.664903 0.027097
4.802500 0.565356 0.050625
4.807500 0.587305 0.045874
4.812500 0.770659 0.026015
4.817500 0.938904 0.045235
4.822500 0.736660 0.052569
4.827500 0.686593 0.162779
4.832500 0.779120 0.197713
4.837500 0.833447 0.078970
4.842500 1.011823 0.047422
4.847500 0.952371 0.042336
4.852500 0.874961 0.171934
4.857500 0.769158 0.110384
4.862500 0.852933 0.112242
4.867500 0.692339 0.136956
4.872500 0.584062 0.109502
4.877500 0.644259 0.074356
4.882500 0.774477 0.025294
4.887500 0.760967 0.038930
4.892500 0.786081 0.092269
4.897500 0.737060 0.065682
4.902500 0.660056 0.098765
4.907500 0.745016 0.070085
4.912500 0.703144 0.059904
4.917500 0.666525 0.081034
4.922500 0.776286 0.138009
4.927500 0.645651 0.089757
4.932500 0.572163 0.080397
4.937500 0.534228 0.041549
4.942500 0.653898 0.100473
4.947500 0.697138 0.084545
4.952500 0.620173 0.084299
4.957500 0.568291 0.056434
4.962500 0.478908 0.039225
4.967500 0.639823 0.057718
4.972500 0.710730 0.044909
4.977500 0.576991 0.067205
4.982500 0.382661 0.082099
4.987500 0.512130 0.042368
4.992500 0.586115 0.013101
4.997500 0.704813 0.013734
5.002500 0.552241 0.096249
5.007500 0.657750 0.039528
5.012500 0.683492 0.058400
5.017500 0.648821 0.031604
5.022500 0.688766 0.026583
5.027500 0.553314 0.035666
5.032500 0.444277 0.043652
5.037500 0.510300 0.009105
5.042500 0.640916 0.074568
5.047500 0.531465 0.058042
5.052500 0.506831 0.022054
5.057500 0.471051 0.055758
5.062500 0.338235 0.063544
5.067500 0.521965 0.044795
5.072500 0.493135 0.028598
5.077500 0.385304 0.054277
5.082500 0.509643 0.088571
5.087500 0.562528 0.200854
5.092500 0.320445 0.101712
5.097500 0.499983 0.046424
