# DATE = 2025-03-12
# PIPE_VER = 1.17.1
# PMAP = jwst_1322.pmap
# STANDARD_STAR = SNAP-2
# 
# Wavelength (microns), arbitrary reflectance, uncertainty
0.702500 0.588526 0.010348
0.707500 0.595462 0.004155
0.712500 0.604684 0.008285
0.717500 0.593107 0.009334
0.722500 0.598690 0.006737
0.727500 0.608162 0.007925
0.732500 0.623778 0.013303
0.737500 0.620808 0.014903
0.742500 0.615272 0.007768
0.747500 0.621589 0.004207
0.752500 0.618526 0.004203
0.757500 0.614939 0.013502
0.762500 0.618966 0.006276
0.767500 0.631782 0.004416
0.772500 0.628371 0.009023
0.777500 0.638029 0.009239
0.782500 0.639187 0.007522
0.787500 0.619903 0.003912
0.792500 0.599897 0.006035
0.797500 0.610305 0.014007
0.802500 0.639728 0.004299
0.807500 0.644635 0.004357
0.812500 0.654202 0.006650
0.817500 0.647402 0.009456
0.822500 0.646301 0.012401
0.827500 0.640647 0.010009
0.832500 0.640140 0.007383
0.837500 0.662926 0.008077
0.842500 0.656319 0.006844
0.847500 0.654419 0.007635
0.852500 0.658993 0.004762
0.857500 0.658059 0.004020
0.862500 0.660669 0.005266
0.867500 0.662067 0.006885
0.872500 0.657788 0.007135
0.877500 0.665716 0.006562
0.882500 0.661947 0.003780
0.887500 0.670991 0.006065
0.892500 0.673097 0.005398
0.897500 0.677294 0.004138
0.902500 0.681022 0.006987
0.907500 0.675371 0.004071
0.912500 0.668842 0.006538
0.917500 0.672465 0.006556
0.922500 0.680469 0.004986
0.927500 0.678930 0.004042
0.932500 0.683546 0.009579
0.937500 0.686336 0.008760
0.942500 0.694850 0.009141
0.947500 0.690111 0.003909
0.952500 0.693664 0.006149
0.957500 0.698159 0.010095
0.962500 0.699536 0.010137
0.967500 0.697843 0.006615
0.972500 0.697648 0.006607
0.977500 0.707187 0.003197
0.982500 0.712160 0.004105
0.987500 0.714362 0.003058
0.992500 0.711022 0.007080
0.997500 0.705917 0.008742
1.002500 0.698269 0.003962
1.007500 0.709665 0.005819
1.012500 0.714356 0.007054
1.017500 0.718732 0.007671
1.022500 0.716374 0.005512
1.027500 0.715529 0.005583
1.032500 0.718542 0.004826
1.037500 0.722870 0.006499
1.042500 0.724560 0.007028
1.047500 0.724269 0.007987
1.052500 0.719906 0.008295
1.057500 0.720752 0.005757
1.062500 0.724723 0.005527
1.067500 0.730756 0.008345
1.072500 0.730689 0.007340
1.077500 0.732827 0.007014
1.082500 0.735208 0.004504
1.087500 0.736889 0.005692
1.092500 0.745302 0.004212
1.097500 0.745983 0.005507
1.102500 0.738886 0.006476
1.107500 0.738904 0.007521
1.112500 0.740081 0.009760
1.117500 0.748966 0.014483
1.122500 0.752491 0.009145
1.127500 0.758950 0.009305
1.132500 0.759323 0.008533
1.137500 0.762194 0.007137
1.142500 0.777242 0.011563
1.147500 0.778009 0.005743
1.152500 0.775744 0.007944
1.157500 0.770897 0.011729
1.162500 0.772432 0.011720
1.167500 0.772148 0.010497
1.172500 0.775753 0.009051
1.177500 0.777963 0.007490
1.182500 0.780125 0.006167
1.187500 0.776609 0.005269
1.192500 0.775820 0.009283
1.197500 0.781207 0.010821
1.202500 0.783570 0.011079
1.207500 0.785064 0.011230
1.212500 0.792484 0.008305
1.217500 0.786196 0.008751
1.222500 0.779412 0.007594
1.227500 0.776082 0.012135
1.232500 0.787535 0.007196
1.237500 0.789532 0.015203
1.242500 0.791102 0.015820
1.247500 0.794146 0.009240
1.252500 0.796249 0.008611
1.257500 0.790769 0.003204
1.262500 0.802417 0.006716
1.267500 0.808067 0.008580
1.272500 0.803174 0.007419
1.277500 0.812069 0.011153
1.282500 0.814203 0.014470
1.287500 0.810789 0.013552
1.292500 0.794921 0.014990
1.297500 0.803255 0.003330
1.302500 0.803569 0.004319
1.307500 0.807427 0.003894
1.312500 0.819131 0.005894
1.317500 0.822575 0.005831
1.322500 0.818469 0.008539
1.327500 0.813873 0.008347
1.332500 0.807708 0.004583
1.337500 0.809917 0.005295
1.342500 0.815153 0.009146
1.347500 0.822111 0.011785
1.352500 0.832687 0.015032
1.357500 0.833569 0.015721
1.362500 0.831373 0.016293
1.367500 0.832050 0.015377
1.372500 0.830976 0.013636
1.377500 0.824261 0.014101
1.382500 0.830279 0.012246
1.387500 0.828113 0.011644
1.392500 0.833700 0.013534
1.397500 0.835861 0.012255
1.402500 0.833163 0.012577
1.407500 0.835847 0.011833
1.412500 0.838308 0.011313
1.417500 0.842445 0.011595
1.422500 0.843689 0.016017
1.427500 0.845107 0.015821
1.432500 0.843975 0.015453
1.437500 0.844880 0.014928
1.442500 0.844499 0.013075
1.447500 0.844141 0.011531
1.452500 0.843321 0.009332
1.457500 0.845911 0.010042
1.462500 0.846634 0.013016
1.467500 0.848664 0.013943
1.472500 0.850353 0.011198
1.477500 0.850803 0.013443
1.482500 0.853902 0.011789
1.487500 0.850693 0.008437
1.492500 0.850677 0.008819
1.497500 0.851369 0.009073
1.502500 0.853924 0.010980
1.507500 0.847283 0.007702
1.512500 0.840750 0.008165
1.517500 0.849797 0.011420
1.522500 0.849797 0.012560
1.527500 0.842284 0.022007
1.532500 0.846260 0.020793
1.537500 0.848831 0.017038
1.542500 0.849797 0.015950
1.547500 0.847040 0.011595
1.552500 0.848522 0.009798
1.557500 0.847009 0.011262
1.562500 0.850230 0.011361
1.567500 0.853145 0.010257
1.572500 0.856834 0.013841
1.577500 0.853246 0.013364
1.582500 0.852829 0.015158
1.587500 0.853124 0.012333
1.592500 0.853214 0.012114
1.597500 0.855442 0.013118
1.602500 0.856154 0.013373
1.607500 0.858573 0.014404
1.612500 0.865096 0.014175
1.617500 0.867986 0.009021
1.622500 0.869890 0.010371
1.627500 0.869062 0.009479
1.632500 0.868911 0.010211
1.637500 0.867309 0.010515
1.642500 0.866527 0.010095
1.647500 0.873991 0.010698
1.652500 0.876930 0.009940
1.657500 0.880414 0.009283
1.662500 0.882657 0.008427
1.667500 0.893200 0.012238
1.672500 0.898530 0.010950
1.677500 0.895635 0.015336
1.682500 0.895300 0.018149
1.687500 0.898564 0.018211
1.692500 0.903544 0.017929
1.697500 0.905285 0.014605
1.702500 0.906941 0.011735
1.707500 0.906311 0.005680
1.712500 0.907623 0.005384
1.717500 0.901507 0.024511
1.722500 0.908298 0.011247
1.727500 0.913734 0.009009
1.732500 0.921865 0.006612
1.737500 0.918980 0.006068
1.742500 0.919586 0.005537
1.747500 0.918172 0.003704
1.752500 0.915819 0.008637
1.757500 0.909853 0.014873
1.762500 0.911473 0.016024
1.767500 0.918480 0.013866
1.772500 0.916265 0.015345
1.777500 0.911110 0.014268
1.782500 0.901791 0.005292
1.787500 0.905954 0.005493
1.792500 0.898072 0.005557
1.797500 0.905350 0.010225
1.802500 0.912678 0.012934
1.807500 0.920402 0.012473
1.812500 0.925361 0.009697
1.817500 0.925032 0.011962
1.822500 0.928680 0.007813
1.827500 0.924219 0.007514
1.832500 0.924510 0.010870
1.837500 0.926393 0.012406
1.842500 0.922849 0.009732
1.847500 0.934508 0.015631
1.852500 0.925310 0.006528
1.857500 0.928403 0.008244
1.862500 0.945718 0.013043
1.867500 0.938154 0.013670
1.872500 0.939038 0.019063
1.877500 0.946375 0.014905
1.882500 0.944779 0.014036
1.887500 0.940785 0.016978
1.892500 0.941145 0.024131
1.897500 0.943188 0.023756
1.902500 0.940342 0.021162
1.907500 0.950330 0.016568
1.912500 0.953905 0.015284
1.917500 0.940758 0.005699
1.922500 0.938706 0.008234
1.927500 0.935522 0.006823
1.932500 0.936195 0.006207
1.937500 0.942248 0.008074
1.942500 0.930705 0.005989
1.947500 0.927293 0.011443
1.952500 0.926863 0.010483
1.957500 0.926878 0.010928
1.962500 0.925952 0.012569
1.967500 0.925935 0.015455
1.972500 0.922182 0.009396
1.977500 0.919730 0.007743
1.982500 0.912742 0.008450
1.987500 0.913575 0.012323
1.992500 0.915392 0.011327
1.997500 0.912308 0.011445
2.002500 0.914524 0.018001
2.007500 0.913835 0.016712
2.012500 0.904610 0.012725
2.017500 0.904414 0.013532
2.022500 0.908938 0.014281
2.027500 0.916714 0.014367
2.032500 0.923635 0.013865
2.037500 0.922344 0.017499
2.042500 0.923467 0.021298
2.047500 0.921960 0.018842
2.052500 0.922849 0.013057
2.057500 0.933773 0.012603
2.062500 0.930222 0.007244
2.067500 0.937213 0.004700
2.072500 0.938493 0.006069
2.077500 0.942774 0.006229
2.082500 0.951501 0.008552
2.087500 0.930721 0.006443
2.092500 0.928566 0.007801
2.097500 0.939753 0.009309
2.102500 0.940435 0.007960
2.107500 0.951184 0.008188
2.112500 0.959708 0.014243
2.117500 0.957171 0.011129
2.122500 0.962457 0.009897
2.127500 0.969695 0.006532
2.132500 0.973255 0.007685
2.137500 0.975730 0.014480
2.142500 0.972743 0.013175
2.147500 0.971658 0.014575
2.152500 0.976047 0.013970
2.157500 0.977039 0.014702
2.162500 0.974717 0.016753
2.167500 0.989857 0.013929
2.172500 1.004567 0.010396
2.177500 0.999791 0.010679
2.182500 0.989556 0.016004
2.187500 0.988856 0.016167
2.192500 0.988534 0.012200
2.197500 0.997708 0.009278
2.202500 1.006458 0.008826
2.207500 1.009110 0.013102
2.212500 1.006276 0.011930
2.217500 1.006511 0.013214
2.222500 0.998308 0.010579
2.227500 0.993652 0.012117
2.232500 0.994886 0.014945
2.237500 0.993468 0.010934
2.242500 1.005991 0.015375
2.247500 1.006530 0.014727
2.252500 1.003555 0.008102
2.257500 1.006823 0.007128
2.262500 0.998789 0.005134
2.267500 1.000885 0.006846
2.272500 1.004360 0.007153
2.277500 1.003962 0.003092
2.282500 1.002602 0.002780
2.287500 1.012947 0.007136
2.292500 1.004001 0.008655
2.297500 1.006468 0.011147
2.302500 1.007932 0.008728
2.307500 1.010725 0.014380
2.312500 1.027608 0.007545
2.317500 1.042373 0.006313
2.322500 1.042192 0.004361
2.327500 1.029706 0.002195
2.332500 1.007219 0.007515
2.337500 1.018265 0.012631
2.342500 1.010989 0.008509
2.347500 1.019627 0.008544
2.352500 1.027825 0.010693
2.357500 1.027925 0.005568
2.362500 1.022520 0.011653
2.367500 1.022015 0.009665
2.372500 0.995864 0.018527
2.377500 1.006851 0.010562
2.382500 1.021003 0.003043
2.387500 1.012488 0.015041
2.392500 1.012488 0.005544
2.397500 1.021764 0.009397
2.402500 1.025143 0.013978
2.407500 1.007514 0.008453
2.412500 1.028030 0.005865
2.417500 1.012941 0.012648
2.422500 1.014214 0.005875
2.427500 1.014490 0.007921
2.432500 1.028127 0.008250
2.437500 1.021066 0.009820
2.442500 1.021546 0.010105
2.447500 1.020763 0.007664
2.452500 1.021072 0.014329
2.457500 1.017390 0.007260
2.462500 1.020427 0.011294
2.467500 1.035390 0.015056
2.472500 1.035046 0.015527
2.477500 1.040341 0.016249
2.482500 1.029174 0.013597
2.487500 1.032631 0.007931
2.492500 1.012707 0.008882
2.497500 1.017491 0.005662
2.502500 1.015094 0.002568
2.507500 1.015126 0.002604
2.512500 1.005938 0.013909
2.517500 1.001526 0.015468
2.522500 1.000990 0.015611
2.527500 1.006434 0.012153
2.532500 1.012331 0.006486
2.537500 1.013545 0.006747
2.542500 1.017080 0.007063
2.547500 1.012313 0.001905
2.552500 1.007473 0.002503
2.557500 0.999951 0.005015
2.562500 0.997868 0.010318
2.567500 0.996495 0.012869
2.572500 1.003779 0.013180
2.577500 1.011742 0.009309
2.582500 1.002457 0.006184
2.587500 0.995232 0.008389
2.592500 0.996545 0.006605
2.597500 1.001770 0.011135
2.602500 1.000000 0.010964
2.607500 1.001190 0.015911
2.612500 0.985903 0.013181
2.617500 0.994227 0.012090
2.622500 0.998565 0.020673
2.627500 1.003079 0.007292
2.632500 1.005145 0.013049
2.637500 1.010043 0.006811
2.642500 1.022927 0.002556
2.647500 1.018926 0.009062
2.652500 1.027936 0.017223
2.657500 1.028799 0.011831
2.662500 1.022272 0.006703
2.667500 1.032573 0.009762
2.672500 1.032965 0.011032
2.677500 1.029304 0.004788
2.682500 1.014174 0.001925
2.687500 1.010942 0.005177
2.692500 1.004056 0.008968
2.697500 0.992549 0.005814
2.702500 0.985762 0.003011
2.707500 0.980594 0.004633
2.712500 0.971255 0.004578
2.717500 0.984019 0.014311
2.722500 0.987373 0.006367
2.727500 0.988470 0.005397
2.732500 0.976027 0.006278
2.737500 0.962023 0.005938
2.742500 0.926691 0.012260
2.747500 0.927804 0.011785
2.752500 0.944587 0.013504
2.757500 0.899483 0.006985
2.762500 0.877692 0.003892
2.767500 0.864614 0.014937
2.772500 0.829800 0.007058
2.777500 0.829049 0.006920
2.782500 0.823767 0.004874
2.787500 0.805244 0.014253
2.792500 0.775994 0.005541
2.797500 0.751193 0.004546
2.802500 0.740420 0.007554
2.807500 0.736771 0.009903
2.812500 0.704438 0.004917
2.817500 0.700474 0.008218
2.822500 0.682472 0.007920
2.827500 0.656462 0.006380
2.832500 0.645149 0.014035
2.837500 0.630974 0.008801
2.842500 0.620932 0.009795
2.847500 0.620509 0.002101
2.852500 0.584094 0.004949
2.857500 0.577226 0.005140
2.862500 0.587696 0.004242
2.867500 0.570247 0.007999
2.872500 0.567890 0.009522
2.877500 0.564707 0.007032
2.882500 0.548452 0.008297
2.887500 0.555528 0.010667
2.892500 0.533047 0.001946
2.897500 0.519409 0.005006
2.902500 0.500049 0.006186
2.907500 0.475267 0.003784
2.912500 0.470300 0.004661
2.917500 0.469308 0.004653
2.922500 0.468435 0.003692
2.927500 0.466450 0.004092
2.932500 0.460034 0.005887
2.937500 0.445419 0.003170
2.942500 0.444322 0.003103
2.947500 0.442533 0.003143
2.952500 0.438606 0.004661
2.957500 0.422632 0.013982
2.962500 0.403220 0.006756
2.967500 0.402852 0.007223
2.972500 0.412387 0.005317
2.977500 0.418026 0.008018
2.982500 0.430643 0.005014
2.987500 0.423919 0.010087
2.992500 0.430005 0.002732
2.997500 0.416425 0.008286
3.002500 0.404132 0.003130
3.007500 0.409939 0.007440
3.012500 0.408577 0.012233
3.017500 0.408870 0.007116
3.022500 0.403602 0.013487
3.027500 0.407592 0.010172
3.032500 0.414417 0.005210
3.037500 0.410300 0.009115
3.042500 0.419767 0.005165
3.047500 0.425841 0.006106
3.052500 0.438932 0.005952
3.057500 0.435565 0.005076
3.062500 0.447503 0.006787
3.067500 0.462650 0.005043
3.072500 0.470446 0.004788
3.077500 0.460429 0.015409
3.082500 0.459504 0.009448
3.087500 0.472416 0.013012
3.092500 0.484106 0.013892
3.097500 0.492154 0.008622
3.102500 0.500301 0.008321
3.107500 0.499862 0.011195
3.112500 0.492377 0.012398
3.117500 0.496708 0.006103
3.122500 0.472116 0.003608
3.127500 0.463261 0.003050
3.132500 0.456275 0.008466
3.137500 0.457362 0.008279
3.142500 0.452647 0.004692
3.147500 0.451895 0.009997
3.152500 0.450832 0.005446
3.157500 0.443324 0.011033
3.162500 0.441290 0.008218
3.167500 0.440005 0.010148
3.172500 0.446650 0.005920
3.177500 0.442654 0.012043
3.182500 0.431956 0.019442
3.187500 0.416161 0.008058
3.192500 0.434990 0.015110
3.197500 0.445168 0.008002
3.202500 0.464887 0.017674
3.207500 0.452136 0.022943
3.212500 0.449449 0.013933
3.217500 0.451353 0.002969
3.222500 0.463028 0.002637
3.227500 0.476038 0.004994
3.232500 0.501107 0.003272
3.237500 0.501304 0.002155
3.242500 0.507997 0.005518
3.247500 0.528757 0.007523
3.252500 0.546541 0.008662
3.257500 0.553325 0.016101
3.262500 0.547966 0.017081
3.267500 0.555805 0.005151
3.272500 0.560093 0.016610
3.277500 0.570227 0.005661
3.282500 0.578225 0.010347
3.287500 0.609022 0.009226
3.292500 0.611323 0.005165
3.297500 0.620241 0.003791
3.302500 0.620923 0.001565
3.307500 0.639401 0.004564
3.312500 0.679778 0.014272
3.317500 0.709642 0.017331
3.322500 0.729463 0.007528
3.327500 0.727349 0.006556
3.332500 0.722734 0.011805
3.337500 0.738216 0.031167
3.342500 0.750767 0.031290
3.347500 0.768561 0.021100
3.352500 0.780229 0.006390
3.357500 0.782840 0.002683
3.362500 0.785911 0.007058
3.367500 0.774558 0.007301
3.372500 0.782310 0.005761
3.377500 0.822260 0.012725
3.382500 0.845821 0.007211
3.387500 0.845059 0.021027
3.392500 0.831123 0.016789
3.397500 0.824140 0.016468
3.402500 0.836512 0.012408
3.407500 0.865983 0.011810
3.412500 0.877324 0.006488
3.417500 0.853092 0.006122
3.422500 0.829107 0.003499
3.427500 0.840949 0.008514
3.432500 0.858695 0.010587
3.437500 0.875424 0.013544
3.442500 0.879713 0.018022
3.447500 0.874287 0.033193
3.452500 0.916956 0.006839
3.457500 0.919354 0.017540
3.462500 0.913470 0.003802
3.467500 0.891556 0.017794
3.472500 0.862447 0.018261
3.477500 0.866084 0.005130
3.482500 0.858141 0.013982
3.487500 0.883297 0.015246
3.492500 0.899859 0.028486
3.497500 0.908764 0.018906
3.502500 0.912241 0.009359
3.507500 0.926269 0.012131
3.512500 0.921923 0.014390
3.517500 0.910719 0.007674
3.522500 0.923107 0.011507
3.527500 0.944014 0.014961
3.532500 0.926007 0.015048
3.537500 0.938958 0.008859
3.542500 0.937753 0.009737
3.547500 0.928161 0.003984
3.552500 0.903281 0.006460
3.557500 0.886628 0.002953
3.562500 0.912482 0.007144
3.567500 0.928547 0.008590
3.572500 0.902237 0.032238
3.577500 0.927469 0.015387
3.582500 0.921550 0.012570
3.587500 0.941027 0.007651
3.592500 0.939970 0.004925
3.597500 0.961970 0.007341
3.602500 0.985191 0.016827
3.607500 0.994514 0.018981
3.612500 0.960983 0.010309
3.617500 0.919575 0.010043
3.622500 0.936087 0.007925
3.627500 0.962870 0.012796
3.632500 0.975163 0.006884
3.637500 0.955952 0.006414
3.642500 0.971839 0.012812
3.647500 0.968943 0.013719
3.652500 0.985610 0.017610
3.657500 0.971953 0.010165
3.662500 0.962936 0.005070
3.667500 0.967322 0.013478
3.672500 0.973806 0.013189
3.677500 0.973764 0.005101
3.682500 0.959159 0.016974
3.687500 0.937750 0.003137
3.692500 0.924578 0.009063
3.697500 0.941020 0.009885
3.702500 0.956467 0.003771
3.707500 0.954140 0.006819
3.712500 0.929761 0.005930
3.717500 0.934782 0.008055
3.722500 0.872190 0.014610
3.727500 0.864195 0.008987
3.732500 0.878540 0.011744
3.737500 0.872105 0.014794
3.742500 0.888014 0.011945
3.747500 0.882489 0.012826
3.752500 0.880095 0.011026
3.757500 0.907149 0.038893
3.762500 0.928963 0.004640
3.767500 0.933792 0.012591
3.772500 0.899470 0.013129
3.777500 0.892381 0.018283
3.782500 0.878316 0.017720
3.787500 0.865474 0.019738
3.792500 0.866422 0.005433
3.797500 0.876081 0.004889
3.802500 0.891458 0.007526
3.807500 0.901054 0.012432
3.812500 0.882206 0.003367
3.817500 0.843860 0.026429
3.822500 0.853256 0.015395
3.827500 0.867130 0.002445
3.832500 0.868428 0.026431
3.837500 0.870021 0.004094
3.842500 0.876619 0.004801
3.847500 0.882302 0.025313
3.852500 0.881253 0.019380
3.857500 0.865577 0.010194
3.862500 0.861286 0.006665
3.867500 0.846100 0.008447
3.872500 0.840538 0.018455
3.877500 0.845048 0.011893
3.882500 0.883970 0.004235
3.887500 0.879505 0.024428
3.892500 0.885684 0.028299
3.897500 0.874897 0.056059
3.902500 0.828678 0.053434
3.907500 0.809631 0.013711
3.912500 0.822572 0.008480
3.917500 0.860349 0.002073
3.922500 0.859827 0.034044
3.927500 0.843021 0.017873
3.932500 0.865815 0.044960
3.937500 0.875312 0.033523
3.942500 0.871757 0.011867
3.947500 0.866206 0.026153
3.952500 0.814157 0.044518
3.957500 0.865688 0.009697
3.962500 0.854336 0.002475
3.967500 0.820086 0.030366
3.972500 0.825952 0.027130
3.977500 0.838503 0.025175
3.982500 0.795254 0.005756
3.987500 0.801956 0.010710
3.992500 0.806204 0.011453
3.997500 0.856144 0.016147
4.002500 0.895642 0.020008
4.007500 0.874161 0.014866
4.012500 0.877280 0.010834
4.017500 0.843585 0.005946
4.022500 0.832228 0.008937
4.027500 0.822467 0.019096
4.032500 0.779189 0.013282
4.037500 0.779199 0.012832
4.042500 0.761293 0.011721
4.047500 0.728685 0.005625
4.052500 0.700682 0.010971
4.057500 0.705743 0.022664
4.062500 0.735355 0.005898
4.067500 0.740854 0.004001
4.072500 0.720881 0.019644
4.077500 0.711080 0.020995
4.082500 0.736463 0.010441
4.087500 0.748175 0.037997
4.092500 0.736757 0.005962
4.097500 0.739833 0.013475
4.102500 0.766287 0.005886
4.107500 0.773503 0.028458
4.112500 0.723716 0.013783
4.117500 0.762705 0.053470
4.122500 0.752145 0.022444
4.127500 0.767394 0.038837
4.132500 0.773801 0.025631
4.137500 0.790939 0.015190
4.142500 0.771311 0.011232
4.147500 0.755493 0.024169
4.152500 0.801807 0.004876
4.157500 0.745332 0.032885
4.162500 0.707219 0.008881
4.167500 0.717722 0.027778
4.172500 0.745686 0.022000
4.177500 0.723775 0.005998
4.182500 0.716419 0.032292
4.187500 0.759813 0.017005
4.192500 0.722021 0.006761
4.197500 0.722142 0.019729
4.202500 0.679978 0.012456
4.207500 0.676235 0.011388
4.212500 0.706420 0.045523
4.217500 0.674410 0.048120
4.222500 0.650026 0.009830
4.227500 0.683657 0.027032
4.232500 0.717485 0.024818
4.237500 0.625878 0.044314
4.242500 0.570840 0.013760
4.247500 0.563535 0.029145
4.252500 0.572775 0.042179
4.257500 0.527926 0.034733
4.262500 0.534011 0.051940
4.267500 0.591983 0.048647
4.272500 0.488836 0.033207
4.277500 0.525312 0.019914
4.282500 0.575106 0.022817
4.287500 0.603826 0.039945
4.292500 0.691476 0.045302
4.297500 0.744473 0.047619
4.302500 0.724304 0.017969
4.307500 0.706243 0.019043
4.312500 0.701205 0.011841
4.317500 0.722906 0.014494
4.322500 0.779421 0.039284
4.327500 0.756197 0.021361
4.332500 0.735736 0.020078
4.337500 0.716544 0.010720
4.342500 0.717635 0.020498
4.347500 0.692885 0.023847
4.352500 0.739742 0.020914
4.357500 0.695383 0.043697
4.362500 0.690184 0.025101
4.367500 0.744312 0.032456
4.372500 0.803708 0.044724
4.377500 0.787546 0.029173
4.382500 0.747300 0.009971
4.387500 0.722738 0.003962
4.392500 0.701276 0.007684
4.397500 0.684554 0.014580
4.402500 0.753760 0.024315
4.407500 0.788977 0.014084
4.412500 0.705480 0.017838
4.417500 0.661600 0.048671
4.422500 0.705212 0.012682
4.427500 0.723129 0.018080
4.432500 0.726039 0.004161
4.437500 0.750373 0.011559
4.442500 0.740696 0.037092
4.447500 0.705867 0.041070
4.452500 0.676847 0.026583
4.457500 0.676860 0.045494
4.462500 0.699001 0.053710
4.467500 0.674161 0.014494
4.472500 0.687141 0.050434
4.477500 0.686231 0.070176
4.482500 0.645741 0.042768
4.487500 0.624862 0.016527
4.492500 0.675684 0.047999
4.497500 0.713919 0.022696
4.502500 0.733275 0.036522
4.507500 0.701236 0.017006
4.512500 0.777978 0.060201
4.517500 0.780551 0.021432
4.522500 0.733242 0.039205
4.527500 0.734015 0.030933
4.532500 0.730492 0.024613
4.537500 0.646755 0.049160
4.542500 0.585805 0.016154
4.547500 0.663264 0.023286
4.552500 0.664928 0.038102
4.557500 0.668090 0.036253
4.562500 0.722306 0.053859
4.567500 0.758191 0.034604
4.572500 0.759919 0.033852
4.577500 0.724065 0.016840
4.582500 0.629491 0.042042
4.587500 0.661528 0.039958
4.592500 0.674447 0.018202
4.597500 0.665075 0.042589
4.602500 0.694496 0.043241
4.607500 0.806457 0.024045
4.612500 0.728123 0.086485
4.617500 0.677314 0.091158
4.622500 0.695689 0.050879
4.627500 0.673343 0.029685
4.632500 0.708162 0.032871
4.637500 0.690951 0.036041
4.642500 0.738183 0.063598
4.647500 0.753379 0.061248
4.652500 0.642075 0.024237
4.657500 0.587981 0.018414
4.662500 0.678774 0.024327
4.667500 0.730654 0.045848
4.672500 0.855301 0.045708
4.677500 0.856749 0.025876
4.682500 0.890862 0.012840
4.687500 0.755697 0.058820
4.692500 0.781854 0.066514
4.697500 0.807943 0.032573
4.702500 0.794284 0.069406
4.707500 0.842888 0.059468
4.712500 0.847355 0.021707
4.717500 0.814813 0.037791
4.722500 0.775650 0.032391
4.727500 0.799268 0.035376
4.732500 0.880540 0.028111
4.737500 0.822051 0.046204
4.742500 0.774816 0.076889
4.747500 0.813159 0.115796
4.752500 0.859845 0.077853
4.757500 0.817291 0.046935
4.762500 0.775584 0.078853
4.767500 0.811434 0.057974
4.772500 0.863878 0.036934
4.777500 0.865718 0.087323
4.782500 0.914796 0.072427
4.787500 0.882498 0.070587
4.792500 0.806642 0.050518
4.797500 0.751590 0.035751
4.802500 0.824964 0.030289
4.807500 0.881599 0.007789
4.812500 0.875677 0.046727
4.817500 0.881860 0.025202
4.822500 0.899437 0.100604
4.827500 0.933206 0.093248
4.832500 0.987362 0.084358
4.837500 1.014527 0.070492
4.842500 1.006652 0.047087
4.847500 0.873356 0.041649
4.852500 0.937411 0.005493
4.857500 0.985765 0.042915
4.862500 0.974130 0.075566
4.867500 0.949913 0.031109
4.872500 0.923277 0.053808
4.877500 0.790898 0.059992
4.882500 0.836445 0.016687
4.887500 0.824564 0.008217
4.892500 0.938813 0.093872
4.897500 0.940185 0.116822
4.902500 0.831701 0.098523
4.907500 0.798087 0.004838
4.912500 0.867028 0.106130
4.917500 0.918356 0.025843
4.922500 0.995011 0.019845
4.927500 0.852082 0.019111
4.932500 0.827650 0.016405
4.937500 0.876261 0.054280
4.942500 0.946093 0.089687
4.947500 0.945247 0.152839
4.952500 0.956840 0.105869
4.957500 0.859989 0.029636
4.962500 0.829742 0.033705
4.967500 0.850276 0.016481
4.972500 0.844386 0.027915
4.977500 0.905574 0.033145
4.982500 0.876438 0.076717
4.987500 0.941776 0.015280
4.992500 0.928072 0.091650
4.997500 0.876336 0.050109
5.002500 1.045385 0.012063
5.007500 1.003543 0.016699
5.012500 0.935945 0.022465
5.017500 0.841842 0.016129
5.022500 0.861642 0.073505
5.027500 1.052017 0.052473
5.032500 1.007163 0.080432
5.037500 0.828727 0.056750
5.042500 0.872799 0.105896
5.047500 0.986066 0.092561
5.052500 0.872485 0.028785
5.057500 0.795347 0.050975
5.062500 0.769703 0.063392
5.067500 0.986993 0.107612
5.072500 1.084833 0.151412
5.077500 0.985455 0.122354
5.082500 0.774087 0.072892
5.087500 0.931578 0.079893
5.092500 0.884130 0.048743
5.097500 0.786460 0.080040
