# DATE = 2025-03-12
# PIPE_VER = 1.17.1
# PMAP = jwst_1322.pmap
# STANDARD_STAR = SNAP-2
# 
# Wavelength (microns), arbitrary reflectance, uncertainty
0.702500 0.516785 0.004091
0.707500 0.517286 0.003504
0.712500 0.534412 0.004990
0.717500 0.543395 0.010991
0.722500 0.568029 0.008625
0.727500 0.575299 0.004273
0.732500 0.586839 0.004683
0.737500 0.574413 0.007412
0.742500 0.581372 0.012441
0.747500 0.589282 0.010132
0.752500 0.598863 0.008964
0.757500 0.605304 0.008254
0.762500 0.613028 0.007909
0.767500 0.618185 0.011997
0.772500 0.619259 0.004967
0.777500 0.631002 0.005615
0.782500 0.633870 0.007010
0.787500 0.633713 0.015256
0.792500 0.644386 0.004554
0.797500 0.646268 0.003249
0.802500 0.660279 0.005147
0.807500 0.666583 0.004522
0.812500 0.674744 0.004939
0.817500 0.680406 0.010421
0.822500 0.690818 0.011896
0.827500 0.694255 0.004104
0.832500 0.707008 0.005642
0.837500 0.712862 0.003597
0.842500 0.713375 0.005500
0.847500 0.715651 0.003960
0.852500 0.724861 0.003612
0.857500 0.728951 0.004218
0.862500 0.734877 0.008804
0.867500 0.740477 0.010606
0.872500 0.743069 0.013854
0.877500 0.746492 0.013301
0.882500 0.757499 0.004606
0.887500 0.759402 0.010918
0.892500 0.773062 0.007257
0.897500 0.772821 0.007187
0.902500 0.776247 0.007633
0.907500 0.780364 0.009546
0.912500 0.793825 0.007755
0.917500 0.794051 0.009438
0.922500 0.800261 0.011025
0.927500 0.803917 0.008891
0.932500 0.808200 0.008245
0.937500 0.811910 0.009765
0.942500 0.814325 0.008248
0.947500 0.813125 0.010046
0.952500 0.819267 0.005479
0.957500 0.832261 0.007360
0.962500 0.829655 0.008758
0.967500 0.838019 0.007670
0.972500 0.851068 0.016425
0.977500 0.849789 0.010434
0.982500 0.858983 0.010884
0.987500 0.859073 0.009263
0.992500 0.862574 0.006431
0.997500 0.866781 0.009959
1.002500 0.862555 0.006450
1.007500 0.870941 0.005458
1.012500 0.869966 0.004829
1.017500 0.871928 0.004074
1.022500 0.888677 0.004634
1.027500 0.898758 0.008459
1.032500 0.900922 0.009256
1.037500 0.902368 0.007105
1.042500 0.898297 0.006224
1.047500 0.898586 0.005363
1.052500 0.905169 0.006230
1.057500 0.913294 0.007876
1.062500 0.912083 0.005115
1.067500 0.911565 0.005044
1.072500 0.909546 0.004312
1.077500 0.906727 0.006151
1.082500 0.913784 0.003729
1.087500 0.924505 0.006495
1.092500 0.927151 0.007615
1.097500 0.932125 0.007086
1.102500 0.936764 0.011412
1.107500 0.942964 0.015101
1.112500 0.952649 0.007454
1.117500 0.964038 0.005942
1.122500 0.968133 0.008996
1.127500 0.966700 0.008120
1.132500 0.979534 0.007559
1.137500 0.982213 0.004302
1.142500 0.982778 0.005885
1.147500 0.973520 0.010385
1.152500 0.970761 0.012122
1.157500 0.972183 0.013767
1.162500 0.978785 0.011968
1.167500 0.981618 0.005301
1.172500 0.989244 0.006878
1.177500 0.984378 0.005956
1.182500 0.997562 0.008102
1.187500 0.999896 0.006880
1.192500 0.995803 0.007197
1.197500 1.000938 0.006889
1.202500 1.002455 0.006812
1.207500 1.009298 0.007899
1.212500 1.018272 0.009830
1.217500 1.018209 0.006507
1.222500 1.015011 0.005861
1.227500 1.013063 0.005533
1.232500 1.020347 0.006253
1.237500 1.029914 0.007014
1.242500 1.031849 0.006847
1.247500 1.031220 0.005315
1.252500 1.030972 0.010955
1.257500 1.036724 0.016971
1.262500 1.041241 0.010382
1.267500 1.025413 0.013869
1.272500 1.021414 0.012755
1.277500 1.036882 0.009085
1.282500 1.035908 0.010546
1.287500 1.040543 0.010663
1.292500 1.044618 0.010612
1.297500 1.046063 0.005005
1.302500 1.054262 0.005180
1.307500 1.058158 0.007094
1.312500 1.062552 0.008618
1.317500 1.054223 0.005202
1.322500 1.055094 0.006186
1.327500 1.055654 0.006681
1.332500 1.053649 0.006929
1.337500 1.055573 0.007116
1.342500 1.055324 0.006050
1.347500 1.056714 0.005055
1.352500 1.060865 0.005623
1.357500 1.063855 0.006616
1.362500 1.063763 0.006506
1.367500 1.069692 0.006213
1.372500 1.067814 0.005392
1.377500 1.064986 0.006974
1.382500 1.068619 0.006034
1.387500 1.067267 0.005789
1.392500 1.070385 0.006256
1.397500 1.077807 0.007608
1.402500 1.074237 0.009799
1.407500 1.070086 0.006268
1.412500 1.068015 0.006082
1.417500 1.070797 0.005591
1.422500 1.078849 0.006090
1.427500 1.084731 0.005662
1.432500 1.082248 0.005511
1.437500 1.084683 0.005763
1.442500 1.077924 0.006567
1.447500 1.071770 0.009143
1.452500 1.075235 0.009035
1.457500 1.078090 0.006578
1.462500 1.076091 0.007509
1.467500 1.065938 0.009941
1.472500 1.062798 0.008492
1.477500 1.062700 0.009294
1.482500 1.063094 0.006894
1.487500 1.058043 0.006845
1.492500 1.055548 0.007277
1.497500 1.059721 0.004610
1.502500 1.059156 0.004572
1.507500 1.060820 0.003702
1.512500 1.066916 0.006212
1.517500 1.079649 0.005196
1.522500 1.074019 0.007446
1.527500 1.073973 0.007637
1.532500 1.058024 0.008326
1.537500 1.053341 0.008599
1.542500 1.054015 0.008919
1.547500 1.058243 0.007451
1.552500 1.061579 0.006837
1.557500 1.060156 0.008449
1.562500 1.064518 0.007635
1.567500 1.068672 0.006825
1.572500 1.077399 0.004367
1.577500 1.079631 0.006197
1.582500 1.078343 0.006979
1.587500 1.058689 0.007687
1.592500 1.060194 0.009153
1.597500 1.062394 0.006393
1.602500 1.063048 0.009499
1.607500 1.065110 0.007220
1.612500 1.072498 0.007070
1.617500 1.071804 0.007934
1.622500 1.072593 0.005931
1.627500 1.075105 0.007361
1.632500 1.075747 0.004255
1.637500 1.078800 0.006167
1.642500 1.083714 0.004359
1.647500 1.092549 0.007237
1.652500 1.105074 0.009634
1.657500 1.101482 0.009571
1.662500 1.100328 0.006472
1.667500 1.105058 0.006732
1.672500 1.105853 0.006854
1.677500 1.110881 0.006659
1.682500 1.112390 0.004520
1.687500 1.106524 0.006632
1.692500 1.107103 0.009804
1.697500 1.105349 0.007749
1.702500 1.108284 0.005996
1.707500 1.120326 0.009730
1.712500 1.115773 0.006142
1.717500 1.111715 0.005352
1.722500 1.114797 0.005257
1.727500 1.117065 0.004888
1.732500 1.116903 0.005686
1.737500 1.115374 0.004830
1.742500 1.103138 0.006826
1.747500 1.099096 0.005703
1.752500 1.095798 0.005220
1.757500 1.101790 0.007156
1.762500 1.103434 0.006575
1.767500 1.116095 0.006410
1.772500 1.111322 0.007476
1.777500 1.109996 0.006452
1.782500 1.114967 0.008534
1.787500 1.106192 0.006220
1.792500 1.106823 0.004727
1.797500 1.110185 0.005054
1.802500 1.113191 0.005406
1.807500 1.118375 0.009874
1.812500 1.121461 0.010859
1.817500 1.123637 0.008589
1.822500 1.125395 0.007904
1.827500 1.123377 0.011382
1.832500 1.127352 0.007407
1.837500 1.126568 0.006299
1.842500 1.129128 0.011146
1.847500 1.131246 0.007137
1.852500 1.132447 0.004964
1.857500 1.136584 0.006990
1.862500 1.143075 0.005218
1.867500 1.136758 0.004328
1.872500 1.139018 0.005118
1.877500 1.140574 0.004944
1.882500 1.133173 0.009268
1.887500 1.131750 0.005098
1.892500 1.135861 0.006943
1.897500 1.130119 0.008287
1.902500 1.120861 0.007637
1.907500 1.110771 0.006332
1.912500 1.114628 0.006345
1.917500 1.108357 0.009725
1.922500 1.091354 0.005857
1.927500 1.087401 0.015084
1.932500 1.073145 0.005779
1.937500 1.076594 0.006652
1.942500 1.050663 0.010894
1.947500 1.051261 0.010360
1.952500 1.036430 0.012794
1.957500 1.022471 0.006868
1.962500 1.021116 0.006266
1.967500 1.020310 0.005536
1.972500 1.019226 0.006249
1.977500 1.016435 0.005522
1.982500 1.014674 0.005787
1.987500 1.018745 0.004563
1.992500 1.021890 0.006791
1.997500 1.022390 0.003550
2.002500 1.021125 0.005429
2.007500 1.015601 0.006318
2.012500 1.012536 0.011098
2.017500 1.001565 0.007396
2.022500 1.008333 0.006136
2.027500 1.022122 0.010268
2.032500 1.024999 0.015138
2.037500 1.031128 0.011023
2.042500 1.028443 0.010588
2.047500 1.047612 0.007336
2.052500 1.046509 0.005196
2.057500 1.054241 0.005007
2.062500 1.056435 0.005698
2.067500 1.048748 0.008148
2.072500 1.051158 0.006183
2.077500 1.044716 0.008810
2.082500 1.042759 0.008421
2.087500 1.041110 0.007329
2.092500 1.044114 0.005027
2.097500 1.051859 0.004947
2.102500 1.056204 0.004494
2.107500 1.060031 0.004993
2.112500 1.060704 0.004216
2.117500 1.059184 0.004259
2.122500 1.058284 0.004449
2.127500 1.062154 0.005193
2.132500 1.066750 0.006225
2.137500 1.075125 0.009738
2.142500 1.068124 0.017024
2.147500 1.078371 0.012896
2.152500 1.090676 0.006670
2.157500 1.094847 0.005618
2.162500 1.088761 0.009372
2.167500 1.095649 0.009008
2.172500 1.096981 0.007295
2.177500 1.102367 0.003974
2.182500 1.096018 0.005003
2.187500 1.099157 0.006096
2.192500 1.100859 0.004966
2.197500 1.107927 0.008459
2.202500 1.104796 0.006817
2.207500 1.105713 0.008573
2.212500 1.091592 0.009643
2.217500 1.098261 0.011493
2.222500 1.097981 0.007030
2.227500 1.101140 0.004451
2.232500 1.101367 0.004223
2.237500 1.082853 0.009144
2.242500 1.069408 0.003828
2.247500 1.056561 0.007354
2.252500 1.049662 0.003010
2.257500 1.045087 0.005356
2.262500 1.014901 0.013363
2.267500 1.014163 0.010749
2.272500 0.996678 0.006386
2.277500 0.982217 0.008030
2.282500 0.985566 0.008217
2.287500 0.991572 0.003785
2.292500 0.995061 0.002877
2.297500 1.001281 0.003918
2.302500 0.996375 0.004280
2.307500 0.997740 0.004835
2.312500 0.991157 0.005383
2.317500 0.999763 0.007098
2.322500 0.992169 0.003338
2.327500 0.980079 0.005853
2.332500 0.979007 0.006524
2.337500 1.002081 0.006028
2.342500 0.994677 0.002260
2.347500 0.998202 0.003762
2.352500 1.022831 0.003319
2.357500 1.029533 0.013129
2.362500 1.034608 0.013092
2.367500 1.040179 0.017317
2.372500 1.031674 0.010022
2.377500 1.021246 0.010427
2.382500 1.018470 0.012049
2.387500 1.042592 0.014439
2.392500 1.030032 0.011813
2.397500 1.022545 0.005300
2.402500 1.038891 0.014194
2.407500 1.025783 0.004369
2.412500 1.032369 0.004105
2.417500 1.045984 0.008643
2.422500 1.026237 0.003647
2.427500 1.017845 0.007640
2.432500 1.022769 0.005046
2.437500 1.007217 0.004195
2.442500 1.002275 0.007316
2.447500 0.999949 0.004144
2.452500 0.992373 0.005970
2.457500 0.967201 0.010342
2.462500 0.970938 0.002667
2.467500 0.975162 0.003658
2.472500 0.982856 0.005151
2.477500 0.982235 0.007597
2.482500 0.981209 0.004768
2.487500 0.959402 0.005310
2.492500 0.958603 0.004532
2.497500 0.959838 0.008556
2.502500 0.956330 0.005309
2.507500 0.959280 0.006734
2.512500 0.963617 0.002584
2.517500 0.961770 0.003059
2.522500 0.961956 0.007046
2.527500 0.972151 0.006071
2.532500 0.985059 0.004654
2.537500 0.995578 0.004544
2.542500 1.009064 0.007557
2.547500 1.006278 0.007267
2.552500 1.018119 0.003962
2.557500 1.011285 0.003445
2.562500 1.016435 0.003038
2.567500 1.008953 0.004947
2.572500 1.013356 0.003711
2.577500 1.012896 0.007861
2.582500 1.008835 0.005921
2.587500 1.000000 0.002958
2.592500 0.989599 0.008270
2.597500 0.986833 0.004662
2.602500 0.991488 0.002212
2.607500 0.996565 0.002471
2.612500 1.000910 0.004294
2.617500 1.004146 0.005432
2.622500 1.003685 0.004423
2.627500 0.986248 0.007261
2.632500 0.995322 0.009190
2.637500 0.989866 0.006495
2.642500 0.997514 0.009578
2.647500 0.963318 0.012743
2.652500 0.934054 0.006699
2.657500 0.904437 0.003507
2.662500 0.904610 0.002513
2.667500 0.882277 0.003160
2.672500 0.870991 0.010086
2.677500 0.840250 0.003784
2.682500 0.792449 0.006564
2.687500 0.767427 0.011158
2.692500 0.732393 0.010907
2.697500 0.684641 0.002420
2.702500 0.639775 0.003331
2.707500 0.649795 0.004297
2.712500 0.665300 0.004393
2.717500 0.669549 0.009462
2.722500 0.687169 0.005548
2.727500 0.673547 0.015114
2.732500 0.665048 0.014204
2.737500 0.634284 0.004326
2.742500 0.583787 0.025073
2.747500 0.572341 0.011220
2.752500 0.537052 0.015578
2.757500 0.502568 0.011161
2.762500 0.471090 0.001587
2.767500 0.444710 0.004954
2.772500 0.413368 0.012961
2.777500 0.387182 0.006105
2.782500 0.368432 0.004340
2.787500 0.337172 0.004560
2.792500 0.325581 0.005604
2.797500 0.286323 0.008001
2.802500 0.271035 0.007740
2.807500 0.257898 0.004595
2.812500 0.223986 0.009486
2.817500 0.216508 0.002256
2.822500 0.181532 0.004917
2.827500 0.154636 0.004451
2.832500 0.147917 0.003276
2.837500 0.134208 0.001591
2.842500 0.122517 0.005098
2.847500 0.111696 0.007866
2.852500 0.092696 0.002796
2.857500 0.076749 0.001810
2.862500 0.075147 0.002831
2.867500 0.065031 0.004064
2.872500 0.060095 0.006350
2.877500 0.056831 0.002389
2.882500 0.054975 0.002541
2.887500 0.052752 0.003613
2.892500 0.041458 0.006536
2.897500 0.040340 0.005020
2.902500 0.040775 0.001648
2.907500 0.040380 0.001072
2.912500 0.036853 0.003071
2.917500 0.033952 0.003289
2.922500 0.030631 0.004904
2.927500 0.031055 0.002547
2.932500 0.033303 0.002527
2.937500 0.035859 0.002965
2.942500 0.030895 0.002237
2.947500 0.031416 0.005645
2.952500 0.029743 0.006899
2.957500 0.027837 0.005014
2.962500 0.024330 0.002247
2.967500 0.022658 0.000295
2.972500 0.025852 0.001346
2.977500 0.025624 0.002173
2.982500 0.024629 0.001174
2.987500 0.028487 0.002414
2.992500 0.025933 0.000207
2.997500 0.025535 0.003090
3.002500 0.016427 0.004076
3.007500 0.015365 0.003418
3.012500 0.016416 0.002076
3.017500 0.024084 0.000333
3.022500 0.022361 0.001231
3.027500 0.022506 0.001899
3.032500 0.023472 0.002035
3.037500 0.026316 0.002165
3.042500 0.029525 0.002862
3.047500 0.026656 0.003106
3.052500 0.024619 0.000471
3.057500 0.023785 0.000201
3.062500 0.025090 0.001647
3.067500 0.029793 0.002999
3.072500 0.028866 0.001622
3.077500 0.027756 0.003371
3.082500 0.023179 0.001642
3.087500 0.028320 0.002510
3.092500 0.033722 0.004404
3.097500 0.032310 0.003573
3.102500 0.028265 0.000201
3.107500 0.030538 0.001077
3.112500 0.034632 0.002546
3.117500 0.037671 0.002407
3.122500 0.036533 0.002892
3.127500 0.033578 0.001921
3.132500 0.032920 0.002662
3.137500 0.033824 0.005259
3.142500 0.036109 0.005832
3.147500 0.033187 0.002970
3.152500 0.036522 0.001244
3.157500 0.038446 0.002749
3.162500 0.040137 0.000117
3.167500 0.048529 0.002558
3.172500 0.049118 0.001416
3.177500 0.048262 0.000154
3.182500 0.043588 0.001847
3.187500 0.048978 0.005471
3.192500 0.056469 0.002170
3.197500 0.056798 0.003886
3.202500 0.059447 0.003286
3.207500 0.060499 0.001802
3.212500 0.066148 0.002940
3.217500 0.068394 0.005318
3.222500 0.067182 0.007120
3.227500 0.073620 0.000852
3.232500 0.077859 0.004917
3.237500 0.086447 0.001378
3.242500 0.088380 0.007000
3.247500 0.090726 0.002841
3.252500 0.096937 0.004654
3.257500 0.101099 0.007972
3.262500 0.096401 0.009896
3.267500 0.116066 0.005559
3.272500 0.122817 0.007061
3.277500 0.137425 0.008455
3.282500 0.133879 0.004638
3.287500 0.145945 0.011148
3.292500 0.159325 0.005432
3.297500 0.163871 0.007063
3.302500 0.161776 0.006586
3.307500 0.169504 0.007241
3.312500 0.179497 0.003498
3.317500 0.175935 0.006091
3.322500 0.169618 0.010616
3.327500 0.172610 0.012816
3.332500 0.169479 0.011411
3.337500 0.159358 0.007977
3.342500 0.162274 0.007456
3.347500 0.170696 0.005687
3.352500 0.174149 0.002242
3.357500 0.172670 0.004174
3.362500 0.187863 0.006943
3.367500 0.190555 0.005716
3.372500 0.183169 0.016341
3.377500 0.182442 0.018995
3.382500 0.188332 0.013337
3.387500 0.174075 0.007838
3.392500 0.180524 0.017123
3.397500 0.183208 0.013973
3.402500 0.184872 0.008110
3.407500 0.182704 0.002093
3.412500 0.183122 0.005424
3.417500 0.187613 0.006438
3.422500 0.190860 0.003692
3.427500 0.197038 0.001780
3.432500 0.187839 0.004563
3.437500 0.186642 0.006515
3.442500 0.189154 0.005714
3.447500 0.199408 0.003705
3.452500 0.202770 0.004727
3.457500 0.193565 0.008061
3.462500 0.186399 0.009934
3.467500 0.193129 0.006923
3.472500 0.193035 0.002094
3.477500 0.203702 0.003416
3.482500 0.219469 0.001212
3.487500 0.219784 0.007805
3.492500 0.221862 0.003026
3.497500 0.218510 0.009908
3.502500 0.205717 0.001339
3.507500 0.203179 0.004640
3.512500 0.220747 0.014018
3.517500 0.220607 0.005140
3.522500 0.230170 0.015196
3.527500 0.219122 0.018744
3.532500 0.231114 0.019036
3.537500 0.228235 0.010980
3.542500 0.226198 0.005563
3.547500 0.246274 0.011050
3.552500 0.259336 0.010636
3.557500 0.263280 0.003462
3.562500 0.257413 0.003150
3.567500 0.265206 0.010440
3.572500 0.270819 0.008074
3.577500 0.282877 0.005686
3.582500 0.319638 0.017080
3.587500 0.320754 0.019934
3.592500 0.333820 0.006986
3.597500 0.334460 0.004824
3.602500 0.351133 0.007021
3.607500 0.346184 0.012095
3.612500 0.328456 0.003502
3.617500 0.332571 0.009687
3.622500 0.337828 0.008410
3.627500 0.342018 0.010121
3.632500 0.344048 0.008456
3.637500 0.353670 0.008161
3.642500 0.365570 0.003543
3.647500 0.355677 0.010329
3.652500 0.352433 0.004990
3.657500 0.376184 0.012296
3.662500 0.377496 0.013606
3.667500 0.368752 0.004335
3.672500 0.372731 0.008351
3.677500 0.363587 0.005736
3.682500 0.360130 0.005223
3.687500 0.350107 0.006112
3.692500 0.339000 0.005903
3.697500 0.358054 0.008862
3.702500 0.372002 0.005658
3.707500 0.385417 0.004479
3.712500 0.392791 0.005100
3.717500 0.392260 0.008133
3.722500 0.382381 0.005124
3.727500 0.385393 0.005222
3.732500 0.401438 0.016658
3.737500 0.388514 0.016649
3.742500 0.360742 0.012209
3.747500 0.355511 0.013455
3.752500 0.371131 0.006824
3.757500 0.381177 0.014082
3.762500 0.387052 0.008872
3.767500 0.357047 0.022478
3.772500 0.370865 0.005808
3.777500 0.375615 0.008818
3.782500 0.371813 0.010351
3.787500 0.370508 0.002234
3.792500 0.359809 0.008626
3.797500 0.376634 0.012852
3.802500 0.377435 0.008304
3.807500 0.356636 0.005387
3.812500 0.377339 0.006779
3.817500 0.389706 0.002738
3.822500 0.381537 0.010556
3.827500 0.377615 0.008105
3.832500 0.362586 0.013783
3.837500 0.360438 0.011970
3.842500 0.373253 0.009055
3.847500 0.340508 0.018335
3.852500 0.331604 0.013485
3.857500 0.338250 0.015353
3.862500 0.348706 0.012122
3.867500 0.336014 0.014642
3.872500 0.327052 0.002765
3.877500 0.328972 0.016790
3.882500 0.366382 0.018332
3.887500 0.349034 0.007936
3.892500 0.343910 0.003125
3.897500 0.349517 0.004059
3.902500 0.346473 0.006920
3.907500 0.340235 0.001429
3.912500 0.345395 0.001968
3.917500 0.344321 0.001755
3.922500 0.335761 0.010086
3.927500 0.327814 0.011514
3.932500 0.323677 0.018034
3.937500 0.323053 0.022406
3.942500 0.318895 0.016952
3.947500 0.319099 0.005429
3.952500 0.348700 0.030584
3.957500 0.334984 0.029006
3.962500 0.327387 0.002443
3.967500 0.332010 0.011488
3.972500 0.327392 0.004690
3.977500 0.324682 0.009762
3.982500 0.311054 0.033148
3.987500 0.329858 0.027900
3.992500 0.354564 0.012081
3.997500 0.354417 0.013970
4.002500 0.340370 0.004515
4.007500 0.366681 0.008723
4.012500 0.360511 0.007243
4.017500 0.338798 0.011187
4.022500 0.321268 0.018155
4.027500 0.298320 0.006817
4.032500 0.282587 0.002162
4.037500 0.317365 0.018446
4.042500 0.329498 0.012403
4.047500 0.320475 0.006887
4.052500 0.314480 0.012492
4.057500 0.310931 0.006083
4.062500 0.300780 0.007668
4.067500 0.317769 0.009704
4.072500 0.318522 0.008999
4.077500 0.301573 0.007569
4.082500 0.300979 0.003952
4.087500 0.297186 0.010699
4.092500 0.303451 0.010171
4.097500 0.305263 0.015074
4.102500 0.299951 0.008319
4.107500 0.320358 0.008224
4.112500 0.309379 0.004075
4.117500 0.308149 0.007451
4.122500 0.335227 0.034735
4.127500 0.333334 0.031002
4.132500 0.336718 0.015949
4.137500 0.323750 0.024300
4.142500 0.335329 0.025858
4.147500 0.321806 0.020446
4.152500 0.282802 0.001349
4.157500 0.272474 0.008117
4.162500 0.315512 0.016529
4.167500 0.324992 0.022157
4.172500 0.335176 0.002094
4.177500 0.347577 0.019826
4.182500 0.320612 0.006296
4.187500 0.300717 0.015308
4.192500 0.339941 0.008237
4.197500 0.353753 0.027705
4.202500 0.331479 0.012766
4.207500 0.300664 0.020589
4.212500 0.260261 0.009304
4.217500 0.224646 0.004168
4.222500 0.160346 0.014770
4.227500 0.142936 0.008368
4.232500 0.115953 0.008171
4.237500 0.106501 0.014376
4.242500 0.124862 0.005432
4.247500 0.103856 0.012365
4.252500 0.104010 0.003014
4.257500 0.116205 0.002858
4.262500 0.114828 0.007997
4.267500 0.112759 0.024225
4.272500 0.096902 0.025057
4.277500 0.114592 0.002614
4.282500 0.142905 0.007505
4.287500 0.212355 0.027701
4.292500 0.251712 0.001834
4.297500 0.301760 0.006651
4.302500 0.378865 0.013687
4.307500 0.405357 0.021303
4.312500 0.426864 0.014382
4.317500 0.433891 0.007842
4.322500 0.461298 0.016205
4.327500 0.473110 0.024412
4.332500 0.466017 0.030002
4.337500 0.430130 0.009439
4.342500 0.461465 0.015630
4.347500 0.452370 0.016588
4.352500 0.420841 0.005206
4.357500 0.416828 0.018115
4.362500 0.420513 0.015954
4.367500 0.407674 0.013086
4.372500 0.411321 0.014786
4.377500 0.388131 0.016186
4.382500 0.359625 0.016022
4.387500 0.336141 0.018228
4.392500 0.360082 0.008092
4.397500 0.342866 0.010188
4.402500 0.352929 0.008161
4.407500 0.375334 0.020083
4.412500 0.405536 0.019967
4.417500 0.366581 0.017088
4.422500 0.337747 0.012844
4.427500 0.379388 0.016269
4.432500 0.384979 0.028960
4.437500 0.379006 0.043091
4.442500 0.334460 0.022614
4.447500 0.322253 0.010468
4.452500 0.323249 0.015983
4.457500 0.316221 0.020742
4.462500 0.294767 0.032562
4.467500 0.300476 0.020454
4.472500 0.284828 0.023121
4.477500 0.329614 0.025727
4.482500 0.317514 0.026858
4.487500 0.314411 0.020725
4.492500 0.288152 0.013652
4.497500 0.285715 0.014351
4.502500 0.291479 0.011360
4.507500 0.294855 0.020980
4.512500 0.318566 0.010210
4.517500 0.323163 0.011539
4.522500 0.336572 0.020152
4.527500 0.297040 0.016584
4.532500 0.305469 0.007938
4.537500 0.288917 0.013974
4.542500 0.319731 0.015571
4.547500 0.314820 0.018298
4.552500 0.339464 0.030274
4.557500 0.331767 0.032916
4.562500 0.362854 0.032455
4.567500 0.351555 0.001162
4.572500 0.349752 0.018391
4.577500 0.307096 0.024037
4.582500 0.283274 0.005965
4.587500 0.288589 0.006613
4.592500 0.321613 0.022731
4.597500 0.353150 0.006364
4.602500 0.286892 0.012501
4.607500 0.271762 0.013319
4.612500 0.231475 0.025720
4.617500 0.238983 0.014594
4.622500 0.253450 0.008551
4.627500 0.267449 0.038079
4.632500 0.291492 0.039395
4.637500 0.295258 0.018817
4.642500 0.306498 0.014183
4.647500 0.307718 0.003840
4.652500 0.308366 0.033667
4.657500 0.322131 0.035409
4.662500 0.267390 0.031415
4.667500 0.206139 0.028043
4.672500 0.157949 0.007751
4.677500 0.135703 0.013632
4.682500 0.151576 0.029697
4.687500 0.194059 0.029232
4.692500 0.177953 0.012920
4.697500 0.240891 0.018781
4.702500 0.273195 0.014019
4.707500 0.258281 0.024812
4.712500 0.347427 0.019125
4.717500 0.388672 0.034567
4.722500 0.377028 0.012021
4.727500 0.339739 0.010506
4.732500 0.350497 0.002863
4.737500 0.410887 0.005300
4.742500 0.425291 0.011729
4.747500 0.374134 0.014217
4.752500 0.378614 0.017817
4.757500 0.431652 0.031588
4.762500 0.459944 0.024946
4.767500 0.408603 0.017403
4.772500 0.466240 0.062603
4.777500 0.507115 0.016524
4.782500 0.482258 0.013500
4.787500 0.528769 0.032727
4.792500 0.447372 0.027152
4.797500 0.415296 0.036603
4.802500 0.457386 0.027424
4.807500 0.494469 0.023429
4.812500 0.426514 0.016423
4.817500 0.538183 0.013953
4.822500 0.564050 0.023947
4.827500 0.514581 0.025731
4.832500 0.495398 0.031667
4.837500 0.485181 0.008947
4.842500 0.437861 0.015321
4.847500 0.393170 0.011014
4.852500 0.475241 0.053343
4.857500 0.499282 0.042732
4.862500 0.449906 0.014527
4.867500 0.477162 0.033679
4.872500 0.484264 0.025906
4.877500 0.556969 0.014841
4.882500 0.466514 0.101386
4.887500 0.493885 0.118801
4.892500 0.536566 0.067042
4.897500 0.476436 0.058151
4.902500 0.425190 0.029478
4.907500 0.401696 0.006104
4.912500 0.436986 0.047330
4.917500 0.442681 0.061727
4.922500 0.481762 0.031318
4.927500 0.461951 0.049982
4.932500 0.417019 0.016359
4.937500 0.423942 0.034609
4.942500 0.455247 0.034825
4.947500 0.459617 0.013126
4.952500 0.430286 0.022991
4.957500 0.458551 0.016102
4.962500 0.457203 0.044614
4.967500 0.428467 0.040789
4.972500 0.427002 0.029752
4.977500 0.433637 0.017996
4.982500 0.490793 0.013846
4.987500 0.491642 0.058223
4.992500 0.467101 0.066581
4.997500 0.454170 0.062472
5.002500 0.463660 0.024163
5.007500 0.439243 0.048915
5.012500 0.423978 0.049375
5.017500 0.480426 0.025318
5.022500 0.435657 0.021634
5.027500 0.404258 0.049102
5.032500 0.384633 0.028104
5.037500 0.460498 0.007575
5.042500 0.467147 0.027863
5.047500 0.430975 0.031902
5.052500 0.534949 0.106382
5.057500 0.497977 0.015798
5.062500 0.446067 0.015555
5.067500 0.472365 0.011739
5.072500 0.441737 0.043768
5.077500 0.500911 0.037797
5.082500 0.446891 0.005649
5.087500 0.480881 0.007348
5.092500 0.459609 0.014554
5.097500 0.465987 0.022723
