# DATE = 2025-03-12
# PIPE_VER = 1.17.1
# PMAP = jwst_1322.pmap
# STANDARD_STAR = SNAP-2
# 
# Wavelength (microns), arbitrary reflectance, uncertainty
0.702500 0.783057 0.007557
0.707500 0.814100 0.004490
0.712500 0.799604 0.027564
0.717500 0.785102 0.022820
0.722500 0.796915 0.022453
0.727500 0.808348 0.013286
0.732500 0.819586 0.015500
0.737500 0.832708 0.007236
0.742500 0.824581 0.019416
0.747500 0.843155 0.016092
0.752500 0.864910 0.009238
0.757500 0.856087 0.017351
0.762500 0.856966 0.014637
0.767500 0.862654 0.016891
0.772500 0.874197 0.016704
0.777500 0.883215 0.011474
0.782500 0.878854 0.011800
0.787500 0.867718 0.015412
0.792500 0.870749 0.017291
0.797500 0.880303 0.024489
0.802500 0.890088 0.015279
0.807500 0.905790 0.010027
0.812500 0.916998 0.012092
0.817500 0.919975 0.017735
0.822500 0.926174 0.019146
0.827500 0.928939 0.016082
0.832500 0.930302 0.014796
0.837500 0.938469 0.019635
0.842500 0.949763 0.019057
0.847500 0.941840 0.024465
0.852500 0.938617 0.019316
0.857500 0.946270 0.017760
0.862500 0.944418 0.021236
0.867500 0.933209 0.021247
0.872500 0.947326 0.019886
0.877500 0.952614 0.017771
0.882500 0.960971 0.022303
0.887500 0.963525 0.021951
0.892500 0.972413 0.020910
0.897500 0.966524 0.017490
0.902500 0.959855 0.013546
0.907500 0.969215 0.023209
0.912500 0.978925 0.023435
0.917500 0.984375 0.025515
0.922500 0.989186 0.026221
0.927500 0.982280 0.023648
0.932500 0.989139 0.024351
0.937500 0.992020 0.019639
0.942500 0.991345 0.023653
0.947500 0.981219 0.021376
0.952500 0.991796 0.019387
0.957500 1.009225 0.022953
0.962500 1.007721 0.021650
0.967500 1.009945 0.022861
0.972500 1.014773 0.020113
0.977500 1.026521 0.014128
0.982500 1.030114 0.016565
0.987500 1.025679 0.020611
0.992500 1.015986 0.021218
0.997500 1.024547 0.024163
1.002500 1.014315 0.023343
1.007500 1.024555 0.025387
1.012500 1.023578 0.022142
1.017500 1.031908 0.020917
1.022500 1.041924 0.019509
1.027500 1.033209 0.021466
1.032500 1.043862 0.014086
1.037500 1.047706 0.013227
1.042500 1.048705 0.013307
1.047500 1.036060 0.020560
1.052500 1.042218 0.005556
1.057500 1.040801 0.014083
1.062500 1.037972 0.021519
1.067500 1.031262 0.020394
1.072500 1.029723 0.022319
1.077500 1.032230 0.020195
1.082500 1.044408 0.020568
1.087500 1.047829 0.022700
1.092500 1.051352 0.021532
1.097500 1.051813 0.025217
1.102500 1.050417 0.022345
1.107500 1.059640 0.024478
1.112500 1.053329 0.026147
1.117500 1.049626 0.022241
1.122500 1.029261 0.009864
1.127500 1.041272 0.011250
1.132500 1.049679 0.015758
1.137500 1.061696 0.021525
1.142500 1.066534 0.025678
1.147500 1.067004 0.026236
1.152500 1.064221 0.024500
1.157500 1.069174 0.020254
1.162500 1.076643 0.017501
1.167500 1.073358 0.019745
1.172500 1.071681 0.023605
1.177500 1.072387 0.024514
1.182500 1.078583 0.022927
1.187500 1.070675 0.022386
1.192500 1.064470 0.019186
1.197500 1.075503 0.024855
1.202500 1.076938 0.029272
1.207500 1.079582 0.030301
1.212500 1.086443 0.025372
1.217500 1.077678 0.027359
1.222500 1.069628 0.025956
1.227500 1.064929 0.022346
1.232500 1.073950 0.021849
1.237500 1.079064 0.021877
1.242500 1.087461 0.020901
1.247500 1.084131 0.024122
1.252500 1.077538 0.025783
1.257500 1.080695 0.025063
1.262500 1.077927 0.023573
1.267500 1.080785 0.020237
1.272500 1.083404 0.018679
1.277500 1.084716 0.020636
1.282500 1.089038 0.020022
1.287500 1.083207 0.027748
1.292500 1.076263 0.033269
1.297500 1.079126 0.034365
1.302500 1.079461 0.035823
1.307500 1.082033 0.032473
1.312500 1.088606 0.034052
1.317500 1.088601 0.034900
1.322500 1.086330 0.034307
1.327500 1.083876 0.035217
1.332500 1.086960 0.034410
1.337500 1.095273 0.030477
1.342500 1.088598 0.032687
1.347500 1.096950 0.023876
1.352500 1.089765 0.030759
1.357500 1.088028 0.026323
1.362500 1.088639 0.027378
1.367500 1.088640 0.030939
1.372500 1.089235 0.034528
1.377500 1.083675 0.036233
1.382500 1.079049 0.033218
1.387500 1.083883 0.033374
1.392500 1.084682 0.028634
1.397500 1.092206 0.026852
1.402500 1.099117 0.025656
1.407500 1.092685 0.028782
1.412500 1.096488 0.030449
1.417500 1.101641 0.031300
1.422500 1.100655 0.032382
1.427500 1.097998 0.036463
1.432500 1.098910 0.031192
1.437500 1.099707 0.026176
1.442500 1.088710 0.028995
1.447500 1.085856 0.035629
1.452500 1.083484 0.031315
1.457500 1.091087 0.036750
1.462500 1.096710 0.035786
1.467500 1.095447 0.037876
1.472500 1.098786 0.033874
1.477500 1.087646 0.024947
1.482500 1.085867 0.028745
1.487500 1.085666 0.031812
1.492500 1.075682 0.032605
1.497500 1.080461 0.035659
1.502500 1.080396 0.034541
1.507500 1.070939 0.028252
1.512500 1.079828 0.030965
1.517500 1.068748 0.028509
1.522500 1.070269 0.028973
1.527500 1.073187 0.030987
1.532500 1.078910 0.036698
1.537500 1.073859 0.031859
1.542500 1.072244 0.034192
1.547500 1.073552 0.038090
1.552500 1.084290 0.030279
1.557500 1.098016 0.019043
1.562500 1.101989 0.017133
1.567500 1.076386 0.036754
1.572500 1.082218 0.038426
1.577500 1.078064 0.032219
1.582500 1.079660 0.036578
1.587500 1.078855 0.035738
1.592500 1.079720 0.032728
1.597500 1.078007 0.035075
1.602500 1.072589 0.030565
1.607500 1.071463 0.029517
1.612500 1.074794 0.030066
1.617500 1.067001 0.025784
1.622500 1.059338 0.024643
1.627500 1.060935 0.028454
1.632500 1.064008 0.030775
1.637500 1.067831 0.026681
1.642500 1.076044 0.023762
1.647500 1.083449 0.023848
1.652500 1.080973 0.026224
1.657500 1.058481 0.014914
1.662500 1.055754 0.010857
1.667500 1.089491 0.030276
1.672500 1.083150 0.025257
1.677500 1.084505 0.013543
1.682500 1.078321 0.021176
1.687500 1.086070 0.020379
1.692500 1.084273 0.022812
1.697500 1.068036 0.021985
1.702500 1.057680 0.015138
1.707500 1.066890 0.018913
1.712500 1.073636 0.020788
1.717500 1.083197 0.025023
1.722500 1.078964 0.022920
1.727500 1.085672 0.025889
1.732500 1.078204 0.023348
1.737500 1.065462 0.022133
1.742500 1.075506 0.028765
1.747500 1.075695 0.028987
1.752500 1.071122 0.024425
1.757500 1.073249 0.026894
1.762500 1.075064 0.030700
1.767500 1.082489 0.033143
1.772500 1.082417 0.033109
1.777500 1.086648 0.034366
1.782500 1.087504 0.035034
1.787500 1.094756 0.036768
1.792500 1.091994 0.035109
1.797500 1.090717 0.032767
1.802500 1.090792 0.039786
1.807500 1.095092 0.037340
1.812500 1.085261 0.029562
1.817500 1.067993 0.019639
1.822500 1.078218 0.018755
1.827500 1.078135 0.022650
1.832500 1.073798 0.024466
1.837500 1.067799 0.018119
1.842500 1.071635 0.016671
1.847500 1.084703 0.025158
1.852500 1.086343 0.021707
1.857500 1.098438 0.025888
1.862500 1.103472 0.032875
1.867500 1.094457 0.026837
1.872500 1.098933 0.023226
1.877500 1.093566 0.029952
1.882500 1.097143 0.029546
1.887500 1.097862 0.031223
1.892500 1.091899 0.030114
1.897500 1.085374 0.032170
1.902500 1.096342 0.026402
1.907500 1.092357 0.024976
1.912500 1.087592 0.024106
1.917500 1.080196 0.022505
1.922500 1.089331 0.026702
1.927500 1.094960 0.020851
1.932500 1.081136 0.023831
1.937500 1.086191 0.026819
1.942500 1.081546 0.031184
1.947500 1.055749 0.017115
1.952500 1.051348 0.012363
1.957500 1.046310 0.022065
1.962500 1.047720 0.023578
1.967500 1.050980 0.024441
1.972500 1.050195 0.025367
1.977500 1.049510 0.028250
1.982500 1.044851 0.032720
1.987500 1.043295 0.030100
1.992500 1.044849 0.031096
1.997500 1.039207 0.030684
2.002500 1.034842 0.032049
2.007500 1.034067 0.030424
2.012500 1.035767 0.033092
2.017500 1.041812 0.037512
2.022500 1.048421 0.029460
2.027500 1.052368 0.032066
2.032500 1.059289 0.035890
2.037500 1.060949 0.028940
2.042500 1.047796 0.037971
2.047500 1.051439 0.034442
2.052500 1.051708 0.029310
2.057500 1.049758 0.022303
2.062500 1.043845 0.017844
2.067500 1.051320 0.018315
2.072500 1.064272 0.022025
2.077500 1.069747 0.021006
2.082500 1.074903 0.020163
2.087500 1.066768 0.020801
2.092500 1.058999 0.022421
2.097500 1.065399 0.025748
2.102500 1.062972 0.027700
2.107500 1.065527 0.025520
2.112500 1.047978 0.017020
2.117500 1.044991 0.016118
2.122500 1.048210 0.018435
2.127500 1.053249 0.028421
2.132500 1.065642 0.030609
2.137500 1.071346 0.037608
2.142500 1.067131 0.041008
2.147500 1.067219 0.036456
2.152500 1.072853 0.030829
2.157500 1.076068 0.034013
2.162500 1.075979 0.029995
2.167500 1.082489 0.026586
2.172500 1.082226 0.023856
2.177500 1.079028 0.017901
2.182500 1.078883 0.015918
2.187500 1.069137 0.024619
2.192500 1.067448 0.029410
2.197500 1.066172 0.030802
2.202500 1.063299 0.026173
2.207500 1.076166 0.032106
2.212500 1.064687 0.022699
2.217500 1.074094 0.022898
2.222500 1.072437 0.021683
2.227500 1.070261 0.026734
2.232500 1.054585 0.035083
2.237500 1.080305 0.036590
2.242500 1.075023 0.031821
2.247500 1.072432 0.041445
2.252500 1.061642 0.024720
2.257500 1.063558 0.021155
2.262500 1.065094 0.024980
2.267500 1.053153 0.020521
2.272500 1.056995 0.023607
2.277500 1.056508 0.021540
2.282500 1.063847 0.017301
2.287500 1.063251 0.026688
2.292500 1.056256 0.030021
2.297500 1.076032 0.020877
2.302500 1.072232 0.009373
2.307500 1.075767 0.010572
2.312500 1.070436 0.010444
2.317500 1.048494 0.023882
2.322500 1.046601 0.021569
2.327500 1.044153 0.019398
2.332500 1.044378 0.020052
2.337500 1.054688 0.020800
2.342500 1.046346 0.022208
2.347500 1.056431 0.023007
2.352500 1.061188 0.023955
2.357500 1.060523 0.023183
2.362500 1.071329 0.018943
2.367500 1.076205 0.013745
2.372500 1.046786 0.029040
2.377500 1.045639 0.026548
2.382500 1.051965 0.022058
2.387500 1.040638 0.014174
2.392500 1.030280 0.011409
2.397500 1.014522 0.008549
2.402500 1.032140 0.015423
2.407500 1.028731 0.011123
2.412500 1.034449 0.016258
2.417500 1.042605 0.016957
2.422500 1.049492 0.018487
2.427500 1.043369 0.016544
2.432500 1.044891 0.013098
2.437500 1.040727 0.019874
2.442500 1.038846 0.020297
2.447500 1.038525 0.024353
2.452500 1.042145 0.027840
2.457500 1.037651 0.025819
2.462500 1.021311 0.018564
2.467500 1.028237 0.020069
2.472500 1.023524 0.019593
2.477500 1.026460 0.011448
2.482500 1.013634 0.004447
2.487500 1.031028 0.019220
2.492500 1.022988 0.016379
2.497500 1.033051 0.020016
2.502500 1.026885 0.015692
2.507500 1.031527 0.018830
2.512500 1.035537 0.021727
2.517500 1.035682 0.025537
2.522500 1.044345 0.027961
2.527500 1.030875 0.021256
2.532500 1.025144 0.025891
2.537500 1.024088 0.026014
2.542500 1.005788 0.020724
2.547500 1.006248 0.015370
2.552500 0.997493 0.009887
2.557500 1.004817 0.015830
2.562500 1.010386 0.017903
2.567500 1.014444 0.021648
2.572500 1.015014 0.013074
2.577500 1.013371 0.014530
2.582500 1.016142 0.013436
2.587500 1.022215 0.022658
2.592500 1.014868 0.025039
2.597500 1.010029 0.020411
2.602500 0.985371 0.006093
2.607500 1.000000 0.017574
2.612500 0.994646 0.016652
2.617500 0.984964 0.012633
2.622500 0.984774 0.014817
2.627500 0.991186 0.021728
2.632500 0.966194 0.007242
2.637500 0.956052 0.013863
2.642500 0.958146 0.014764
2.647500 0.953230 0.005341
2.652500 0.935543 0.022435
2.657500 0.898102 0.016362
2.662500 0.864966 0.008990
2.667500 0.836796 0.012842
2.672500 0.809390 0.003784
2.677500 0.745990 0.004096
2.682500 0.691761 0.013052
2.687500 0.663402 0.019905
2.692500 0.616948 0.007700
2.697500 0.664331 0.003336
2.702500 0.653933 0.021618
2.707500 0.712825 0.025896
2.712500 0.736804 0.005358
2.717500 0.793655 0.007936
2.722500 0.833041 0.020215
2.727500 0.813555 0.025364
2.732500 0.814258 0.030935
2.737500 0.785805 0.018495
2.742500 0.746133 0.012099
2.747500 0.719478 0.009842
2.752500 0.692094 0.009032
2.757500 0.675072 0.005371
2.762500 0.660552 0.009320
2.767500 0.622520 0.008999
2.772500 0.609563 0.012139
2.777500 0.567325 0.009271
2.782500 0.558133 0.005056
2.787500 0.576113 0.007501
2.792500 0.598371 0.014899
2.797500 0.608427 0.014115
2.802500 0.584966 0.011723
2.807500 0.566188 0.004363
2.812500 0.549652 0.009684
2.817500 0.526511 0.007960
2.822500 0.498009 0.001521
2.827500 0.474359 0.006412
2.832500 0.464499 0.007663
2.837500 0.433180 0.003305
2.842500 0.418682 0.002550
2.847500 0.407020 0.002361
2.852500 0.387547 0.004058
2.857500 0.379507 0.006559
2.862500 0.354445 0.001998
2.867500 0.335860 0.005753
2.872500 0.317972 0.004242
2.877500 0.307377 0.005532
2.882500 0.286371 0.006259
2.887500 0.281322 0.004610
2.892500 0.275448 0.003175
2.897500 0.273041 0.002791
2.902500 0.258016 0.005359
2.907500 0.242393 0.007403
2.912500 0.239957 0.010060
2.917500 0.234176 0.004827
2.922500 0.223428 0.005071
2.927500 0.214002 0.002631
2.932500 0.203044 0.004483
2.937500 0.197467 0.002300
2.942500 0.200273 0.005427
2.947500 0.200657 0.005861
2.952500 0.211769 0.002628
2.957500 0.196644 0.008547
2.962500 0.191791 0.003536
2.967500 0.187510 0.003212
2.972500 0.180173 0.004665
2.977500 0.179874 0.008242
2.982500 0.171867 0.003817
2.987500 0.183423 0.005745
2.992500 0.174182 0.005867
2.997500 0.170200 0.001251
3.002500 0.169120 0.000581
3.007500 0.171895 0.001348
3.012500 0.171757 0.001230
3.017500 0.175597 0.001089
3.022500 0.168853 0.006155
3.027500 0.173508 0.008187
3.032500 0.171993 0.007771
3.037500 0.161303 0.004184
3.042500 0.150897 0.002132
3.047500 0.150240 0.003291
3.052500 0.147904 0.004038
3.057500 0.154115 0.005380
3.062500 0.160916 0.002377
3.067500 0.163196 0.003429
3.072500 0.164063 0.002077
3.077500 0.167185 0.002297
3.082500 0.165061 0.002415
3.087500 0.162524 0.002622
3.092500 0.162275 0.004802
3.097500 0.166450 0.008474
3.102500 0.169834 0.006347
3.107500 0.178491 0.005324
3.112500 0.179376 0.006564
3.117500 0.184445 0.007395
3.122500 0.183530 0.010907
3.127500 0.188890 0.007653
3.132500 0.166409 0.003870
3.137500 0.176391 0.007889
3.142500 0.172014 0.005286
3.147500 0.188322 0.006426
3.152500 0.192771 0.010966
3.157500 0.206280 0.010657
3.162500 0.208897 0.013381
3.167500 0.205587 0.013739
3.172500 0.208820 0.011464
3.177500 0.222697 0.007544
3.182500 0.225346 0.004028
3.187500 0.225488 0.005753
3.192500 0.227668 0.009618
3.197500 0.226815 0.011985
3.202500 0.239965 0.006648
3.207500 0.251706 0.005421
3.212500 0.257509 0.001463
3.217500 0.263144 0.007885
3.222500 0.249352 0.001039
3.227500 0.267615 0.009255
3.232500 0.276956 0.009278
3.237500 0.287319 0.005844
3.242500 0.306512 0.012124
3.247500 0.324684 0.010179
3.252500 0.327853 0.002608
3.257500 0.344258 0.003118
3.262500 0.360976 0.003565
3.267500 0.367368 0.010270
3.272500 0.370062 0.007916
3.277500 0.380081 0.012148
3.282500 0.396738 0.005687
3.287500 0.416916 0.007574
3.292500 0.437557 0.011330
3.297500 0.434673 0.005413
3.302500 0.438937 0.001357
3.307500 0.443370 0.002391
3.312500 0.464669 0.003403
3.317500 0.481379 0.009643
3.322500 0.484762 0.003912
3.327500 0.479211 0.007038
3.332500 0.485019 0.007726
3.337500 0.490951 0.001558
3.342500 0.490670 0.005174
3.347500 0.489647 0.006802
3.352500 0.504279 0.010762
3.357500 0.508252 0.009046
3.362500 0.498792 0.006666
3.367500 0.498552 0.001500
3.372500 0.492723 0.008413
3.377500 0.503229 0.018349
3.382500 0.486778 0.007965
3.387500 0.513504 0.016821
3.392500 0.526586 0.010424
3.397500 0.536560 0.007390
3.402500 0.530772 0.014640
3.407500 0.548131 0.008752
3.412500 0.528376 0.010619
3.417500 0.524831 0.008737
3.422500 0.505672 0.014714
3.427500 0.495866 0.028847
3.432500 0.497270 0.044048
3.437500 0.501803 0.041749
3.442500 0.521932 0.018792
3.447500 0.532266 0.004064
3.452500 0.551013 0.003922
3.457500 0.562119 0.003218
3.462500 0.558656 0.001728
3.467500 0.551716 0.001517
3.472500 0.551925 0.004347
3.477500 0.554811 0.005166
3.482500 0.569276 0.010459
3.487500 0.573340 0.017773
3.492500 0.558889 0.018003
3.497500 0.577619 0.016540
3.502500 0.594216 0.019713
3.507500 0.595124 0.006573
3.512500 0.583881 0.018072
3.517500 0.602840 0.010142
3.522500 0.609626 0.008430
3.527500 0.621103 0.010884
3.532500 0.634328 0.006379
3.537500 0.632493 0.005219
3.542500 0.632086 0.005696
3.547500 0.641489 0.013686
3.552500 0.653335 0.007258
3.557500 0.656332 0.015087
3.562500 0.657472 0.003287
3.567500 0.638928 0.003032
3.572500 0.629732 0.009132
3.577500 0.668650 0.007725
3.582500 0.672134 0.006862
3.587500 0.683185 0.008152
3.592500 0.672773 0.003808
3.597500 0.683897 0.006554
3.602500 0.686821 0.003954
3.607500 0.705913 0.006763
3.612500 0.713081 0.002141
3.617500 0.711812 0.010362
3.622500 0.707382 0.007009
3.627500 0.707325 0.013109
3.632500 0.699709 0.015521
3.637500 0.721634 0.003816
3.642500 0.717729 0.006390
3.647500 0.713398 0.008710
3.652500 0.697204 0.012644
3.657500 0.695360 0.016782
3.662500 0.696698 0.004724
3.667500 0.712141 0.006764
3.672500 0.728732 0.009335
3.677500 0.737257 0.019349
3.682500 0.711232 0.032535
3.687500 0.706950 0.029264
3.692500 0.700422 0.010366
3.697500 0.718955 0.014881
3.702500 0.713313 0.011302
3.707500 0.695078 0.005908
3.712500 0.706964 0.011462
3.717500 0.711713 0.014544
3.722500 0.685396 0.004638
3.727500 0.685652 0.023465
3.732500 0.719543 0.012226
3.737500 0.710457 0.006631
3.742500 0.700529 0.004710
3.747500 0.700408 0.012185
3.752500 0.700847 0.013763
3.757500 0.700505 0.012619
3.762500 0.683743 0.013151
3.767500 0.685477 0.004873
3.772500 0.669229 0.015994
3.777500 0.671796 0.003998
3.782500 0.687863 0.010698
3.787500 0.674880 0.020455
3.792500 0.674288 0.023370
3.797500 0.661027 0.028520
3.802500 0.659741 0.033624
3.807500 0.662433 0.005772
3.812500 0.677871 0.012141
3.817500 0.675064 0.012991
3.822500 0.693152 0.017548
3.827500 0.687252 0.006412
3.832500 0.689524 0.022183
3.837500 0.662441 0.012434
3.842500 0.638536 0.018680
3.847500 0.627726 0.022337
3.852500 0.630785 0.024912
3.857500 0.620995 0.020152
3.862500 0.622328 0.023328
3.867500 0.600442 0.020333
3.872500 0.576764 0.012866
3.877500 0.580726 0.005552
3.882500 0.621015 0.001570
3.887500 0.624393 0.015797
3.892500 0.612072 0.024921
3.897500 0.594539 0.002964
3.902500 0.594353 0.022095
3.907500 0.609464 0.022499
3.912500 0.579444 0.015217
3.917500 0.588063 0.008292
3.922500 0.590713 0.005558
3.927500 0.579274 0.006305
3.932500 0.550679 0.022823
3.937500 0.555287 0.012226
3.942500 0.579051 0.008767
3.947500 0.584540 0.009590
3.952500 0.580038 0.011269
3.957500 0.567632 0.013902
3.962500 0.550087 0.003112
3.967500 0.560519 0.007283
3.972500 0.571600 0.014205
3.977500 0.568476 0.008015
3.982500 0.536643 0.002584
3.987500 0.531413 0.013960
3.992500 0.520012 0.017924
3.997500 0.493074 0.008149
4.002500 0.499266 0.017729
4.007500 0.483736 0.018808
4.012500 0.498476 0.026362
4.017500 0.490718 0.027847
4.022500 0.458648 0.012934
4.027500 0.447414 0.009408
4.032500 0.424802 0.015931
4.037500 0.412364 0.009103
4.042500 0.412197 0.017257
4.047500 0.385315 0.016971
4.052500 0.366656 0.030321
4.057500 0.355508 0.017650
4.062500 0.321342 0.016671
4.067500 0.331924 0.007912
4.072500 0.318722 0.014553
4.077500 0.304156 0.009743
4.082500 0.315847 0.014889
4.087500 0.331560 0.013389
4.092500 0.350418 0.015316
4.097500 0.374547 0.016085
4.102500 0.361703 0.017058
4.107500 0.363053 0.007575
4.112500 0.378595 0.021253
4.117500 0.394011 0.015059
4.122500 0.394863 0.009580
4.127500 0.378072 0.015229
4.132500 0.385700 0.007916
4.137500 0.399069 0.023948
4.142500 0.413911 0.006407
4.147500 0.406151 0.005687
4.152500 0.412846 0.020374
4.157500 0.428925 0.011990
4.162500 0.425298 0.019768
4.167500 0.464718 0.021672
4.172500 0.504425 0.020217
4.177500 0.519712 0.009247
4.182500 0.566003 0.020175
4.187500 0.661556 0.045751
4.192500 0.713444 0.072486
4.197500 0.856414 0.048967
4.202500 0.829138 0.018530
4.207500 0.658414 0.011650
4.212500 0.527725 0.030079
4.217500 0.395034 0.018565
4.222500 0.348141 0.031267
4.227500 0.303683 0.013183
4.232500 0.296217 0.007012
4.237500 0.318238 0.010017
4.242500 0.297983 0.004952
4.247500 0.300508 0.004661
4.252500 0.353937 0.015147
4.257500 0.361924 0.012451
4.262500 0.377481 0.019918
4.267500 0.390867 0.011322
4.272500 0.377834 0.006851
4.277500 0.344135 0.012383
4.282500 0.373165 0.018822
4.287500 0.480887 0.026952
4.292500 0.593546 0.021469
4.297500 0.683312 0.014069
4.302500 0.800769 0.008840
4.307500 0.985482 0.007408
4.312500 1.104912 0.030738
4.317500 1.123970 0.034602
4.322500 1.136573 0.017169
4.327500 1.112840 0.041400
4.332500 1.139029 0.020245
4.337500 1.140125 0.019732
4.342500 1.091677 0.021168
4.347500 1.063205 0.015973
4.352500 1.035858 0.011197
4.357500 1.037372 0.011458
4.362500 0.952937 0.016106
4.367500 0.872899 0.007728
4.372500 0.756445 0.008972
4.377500 0.625332 0.026603
4.382500 0.479331 0.029542
4.387500 0.536733 0.039707
4.392500 0.710999 0.019891
4.397500 0.816002 0.041786
4.402500 0.860670 0.034138
4.407500 0.877632 0.019366
4.412500 0.887798 0.033210
4.417500 0.889601 0.025428
4.422500 0.912221 0.031746
4.427500 0.904374 0.019322
4.432500 0.887885 0.012552
4.437500 0.885499 0.009465
4.442500 0.882332 0.008130
4.447500 0.888145 0.019632
4.452500 0.897719 0.025406
4.457500 0.866537 0.035857
4.462500 0.904177 0.004669
4.467500 0.852580 0.015021
4.472500 0.832628 0.002021
4.477500 0.867736 0.008489
4.482500 0.903368 0.012047
4.487500 0.939919 0.029304
4.492500 0.898145 0.017381
4.497500 0.861789 0.013212
4.502500 0.872611 0.017720
4.507500 0.885577 0.020207
4.512500 0.840834 0.028572
4.517500 0.820649 0.037182
4.522500 0.847480 0.036018
4.527500 0.848854 0.017935
4.532500 0.825276 0.013019
4.537500 0.788457 0.013274
4.542500 0.806852 0.009125
4.547500 0.837037 0.055971
4.552500 0.843363 0.078414
4.557500 0.924283 0.036308
4.562500 0.913241 0.031953
4.567500 0.818581 0.018079
4.572500 0.759727 0.005343
4.577500 0.810009 0.035087
4.582500 0.810165 0.030849
4.587500 0.828598 0.056766
4.592500 0.921695 0.039094
4.597500 0.869229 0.020603
4.602500 0.835232 0.039263
4.607500 0.865439 0.054336
4.612500 0.832279 0.047353
4.617500 0.781000 0.052614
4.622500 0.791444 0.039846
4.627500 0.845480 0.013129
4.632500 0.840812 0.014424
4.637500 0.859709 0.025259
4.642500 0.784493 0.025702
4.647500 0.769038 0.019768
4.652500 0.710889 0.013574
4.657500 0.654775 0.011247
4.662500 0.625684 0.023666
4.667500 0.476724 0.026929
4.672500 0.357266 0.029199
4.677500 0.351613 0.003393
4.682500 0.365324 0.015173
4.687500 0.486829 0.007215
4.692500 0.571954 0.026106
4.697500 0.645504 0.022256
4.702500 0.661340 0.026291
4.707500 0.745019 0.042198
4.712500 0.793135 0.036278
4.717500 0.820981 0.014746
4.722500 0.840879 0.023714
4.727500 0.833487 0.038919
4.732500 0.833279 0.053161
4.737500 0.839665 0.039582
4.742500 0.797206 0.011327
4.747500 0.839237 0.036216
4.752500 0.874985 0.034823
4.757500 0.840696 0.040320
4.762500 0.802981 0.009555
4.767500 0.805724 0.021103
4.772500 0.823518 0.020197
4.777500 0.873674 0.017551
4.782500 0.856686 0.044948
4.787500 0.884662 0.052806
4.792500 0.903809 0.032387
4.797500 0.833922 0.026382
4.802500 0.807721 0.033744
4.807500 0.841454 0.039568
4.812500 0.857993 0.044622
4.817500 0.849950 0.023019
4.822500 0.840686 0.021473
4.827500 0.879674 0.014663
4.832500 0.894732 0.028527
4.837500 0.831500 0.024453
4.842500 0.814786 0.033319
4.847500 0.844084 0.055711
4.852500 0.720502 0.034814
4.857500 0.755495 0.035809
4.862500 0.801562 0.011680
4.867500 0.867166 0.007147
4.872500 0.891001 0.051963
4.877500 0.916405 0.046796
4.882500 0.883992 0.007844
4.887500 0.814374 0.036604
4.892500 0.896710 0.023200
4.897500 0.810639 0.050256
4.902500 0.764138 0.026350
4.907500 0.837172 0.038455
4.912500 0.879504 0.040121
4.917500 0.886936 0.012649
4.922500 0.805867 0.062290
4.927500 0.820847 0.039775
4.932500 0.844874 0.008021
4.937500 0.930519 0.053081
4.942500 0.958177 0.015824
4.947500 0.842921 0.013550
4.952500 0.827389 0.032833
4.957500 0.831007 0.042849
4.962500 0.848100 0.042406
4.967500 0.841195 0.022762
4.972500 0.856650 0.032656
4.977500 0.861954 0.047780
4.982500 0.812703 0.020751
4.987500 0.880828 0.029468
4.992500 0.917351 0.053401
4.997500 0.871606 0.039986
5.002500 0.782825 0.017751
5.007500 0.839183 0.041465
5.012500 0.837071 0.056234
5.017500 0.797366 0.015615
5.022500 0.803894 0.025495
5.027500 0.822809 0.035451
5.032500 0.884883 0.012149
5.037500 0.921843 0.031495
5.042500 0.897874 0.059897
5.047500 0.875447 0.016534
5.052500 0.768668 0.057548
5.057500 0.878338 0.009081
5.062500 0.803754 0.023643
5.067500 0.803670 0.047023
5.072500 0.922138 0.010805
5.077500 0.847667 0.038523
5.082500 0.804163 0.074787
5.087500 0.877737 0.042153
5.092500 0.842987 0.021938
5.097500 0.720993 0.044729
