# DATE = 2025-03-12
# PIPE_VER = 1.17.1
# PMAP = jwst_1322.pmap
# STANDARD_STAR = SNAP-2
# 
# Wavelength (microns), arbitrary reflectance, uncertainty
0.702500 0.780249 0.033099
0.707500 0.786095 0.050389
0.712500 0.777808 0.060970
0.717500 0.766942 0.052353
0.722500 0.778376 0.059693
0.727500 0.771549 0.032047
0.732500 0.773927 0.056229
0.737500 0.783475 0.068948
0.742500 0.752122 0.046682
0.747500 0.771853 0.032542
0.752500 0.796138 0.043269
0.757500 0.791498 0.031443
0.762500 0.791429 0.029832
0.767500 0.824001 0.048777
0.772500 0.810496 0.038978
0.777500 0.791828 0.035902
0.782500 0.810473 0.048656
0.787500 0.810994 0.046261
0.792500 0.791295 0.045666
0.797500 0.791309 0.034843
0.802500 0.812108 0.040906
0.807500 0.820648 0.047721
0.812500 0.814149 0.038882
0.817500 0.826558 0.038527
0.822500 0.870565 0.052624
0.827500 0.870046 0.043993
0.832500 0.882220 0.049987
0.837500 0.867005 0.041468
0.842500 0.842036 0.032458
0.847500 0.849226 0.034392
0.852500 0.862167 0.037342
0.857500 0.873686 0.042416
0.862500 0.874724 0.045801
0.867500 0.874130 0.051090
0.872500 0.872826 0.047761
0.877500 0.881061 0.043388
0.882500 0.883821 0.042992
0.887500 0.880152 0.040813
0.892500 0.891831 0.051058
0.897500 0.897587 0.047242
0.902500 0.904316 0.049999
0.907500 0.906279 0.046476
0.912500 0.916577 0.047354
0.917500 0.922259 0.052109
0.922500 0.927242 0.050069
0.927500 0.932318 0.050602
0.932500 0.930995 0.057827
0.937500 0.922512 0.058432
0.942500 0.924506 0.050715
0.947500 0.929488 0.044363
0.952500 0.937363 0.049638
0.957500 0.947540 0.054405
0.962500 0.949675 0.060559
0.967500 0.963924 0.073975
0.972500 0.958179 0.059625
0.977500 0.954048 0.050956
0.982500 0.954165 0.045575
0.987500 0.958061 0.046263
0.992500 0.963630 0.051064
0.997500 0.979835 0.055225
1.002500 0.979091 0.045850
1.007500 0.976922 0.051253
1.012500 0.973944 0.051624
1.017500 0.971357 0.052854
1.022500 0.983371 0.053505
1.027500 0.972677 0.051730
1.032500 0.978180 0.059916
1.037500 0.980435 0.059695
1.042500 0.972706 0.056624
1.047500 0.976729 0.058146
1.052500 0.995681 0.056881
1.057500 0.993089 0.056564
1.062500 0.994748 0.051252
1.067500 0.988916 0.042051
1.072500 0.986074 0.042819
1.077500 0.989909 0.044321
1.082500 1.001184 0.049283
1.087500 1.001499 0.048002
1.092500 1.006359 0.045730
1.097500 1.011418 0.049274
1.102500 1.024834 0.051369
1.107500 1.023905 0.052607
1.112500 1.036541 0.050585
1.117500 1.051950 0.046000
1.122500 1.055969 0.044050
1.127500 1.055939 0.041983
1.132500 1.047588 0.044927
1.137500 1.045652 0.044243
1.142500 1.048463 0.044927
1.147500 1.044107 0.045225
1.152500 1.042567 0.044076
1.157500 1.041056 0.039156
1.162500 1.042969 0.039156
1.167500 1.043545 0.044632
1.172500 1.040887 0.048115
1.177500 1.044916 0.051192
1.182500 1.046541 0.043910
1.187500 1.042549 0.044790
1.192500 1.038621 0.043951
1.197500 1.042239 0.050420
1.202500 1.060737 0.054491
1.207500 1.066040 0.048647
1.212500 1.065810 0.049755
1.217500 1.073144 0.044863
1.222500 1.069448 0.042660
1.227500 1.064610 0.042145
1.232500 1.072025 0.038057
1.237500 1.069381 0.044440
1.242500 1.067874 0.044282
1.247500 1.060869 0.042420
1.252500 1.062600 0.046169
1.257500 1.060928 0.038053
1.262500 1.064917 0.042891
1.267500 1.062667 0.047467
1.272500 1.044885 0.039024
1.277500 1.047468 0.044002
1.282500 1.033820 0.035584
1.287500 1.037218 0.037881
1.292500 1.069117 0.045411
1.297500 1.073569 0.046712
1.302500 1.093753 0.043652
1.307500 1.088211 0.048081
1.312500 1.061505 0.038709
1.317500 1.066975 0.036017
1.322500 1.071943 0.041814
1.327500 1.073669 0.037784
1.332500 1.070670 0.041143
1.337500 1.071789 0.048058
1.342500 1.068213 0.043072
1.347500 1.065165 0.042059
1.352500 1.067181 0.041430
1.357500 1.067903 0.041194
1.362500 1.070353 0.039106
1.367500 1.071996 0.039424
1.372500 1.067228 0.043177
1.377500 1.062784 0.046608
1.382500 1.062980 0.050751
1.387500 1.065666 0.045814
1.392500 1.071962 0.038203
1.397500 1.072794 0.037517
1.402500 1.073631 0.036419
1.407500 1.078090 0.036018
1.412500 1.082346 0.036157
1.417500 1.085775 0.036939
1.422500 1.083933 0.041077
1.427500 1.073282 0.042284
1.432500 1.068783 0.041320
1.437500 1.067111 0.034390
1.442500 1.067440 0.036080
1.447500 1.067829 0.040994
1.452500 1.068273 0.044226
1.457500 1.067071 0.043435
1.462500 1.061253 0.044070
1.467500 1.049983 0.031671
1.472500 1.046801 0.027927
1.477500 1.046873 0.028753
1.482500 1.051646 0.033593
1.487500 1.041288 0.030469
1.492500 1.039063 0.030492
1.497500 1.036600 0.031612
1.502500 1.035284 0.031693
1.507500 1.049612 0.035358
1.512500 1.046319 0.036791
1.517500 1.035877 0.030480
1.522500 1.045928 0.041022
1.527500 1.037244 0.038007
1.532500 1.038849 0.037828
1.537500 1.035309 0.031628
1.542500 1.036013 0.027220
1.547500 1.043579 0.034859
1.552500 1.043118 0.036171
1.557500 1.033409 0.035535
1.562500 1.028099 0.037637
1.567500 1.017973 0.028739
1.572500 1.023153 0.028592
1.577500 1.030432 0.028519
1.582500 1.034243 0.025339
1.587500 1.028020 0.016649
1.592500 1.029823 0.017975
1.597500 1.036032 0.025638
1.602500 1.030181 0.033279
1.607500 1.038559 0.039611
1.612500 1.043136 0.040252
1.617500 1.041220 0.038627
1.622500 1.044305 0.044718
1.627500 1.033590 0.038764
1.632500 1.039001 0.042420
1.637500 1.036407 0.035075
1.642500 1.035953 0.033287
1.647500 1.045081 0.038756
1.652500 1.045953 0.040768
1.657500 1.040050 0.039872
1.662500 1.044090 0.038410
1.667500 1.030913 0.030401
1.672500 1.037266 0.028340
1.677500 1.038473 0.029575
1.682500 1.046559 0.036623
1.687500 1.064479 0.046636
1.692500 1.065155 0.047218
1.697500 1.068957 0.049914
1.702500 1.055116 0.044908
1.707500 1.043633 0.033360
1.712500 1.048259 0.033319
1.717500 1.047603 0.024127
1.722500 1.039904 0.022627
1.727500 1.034289 0.017401
1.732500 1.035979 0.019636
1.737500 1.026289 0.023741
1.742500 1.041423 0.031061
1.747500 1.044139 0.029792
1.752500 1.043669 0.027984
1.757500 1.038058 0.022866
1.762500 1.027379 0.031926
1.767500 1.023628 0.029588
1.772500 1.024894 0.033979
1.777500 1.018844 0.031646
1.782500 1.007384 0.022207
1.787500 1.018348 0.021548
1.792500 1.023658 0.026703
1.797500 1.028352 0.027780
1.802500 1.039715 0.026413
1.807500 1.051179 0.026758
1.812500 1.048793 0.025933
1.817500 1.038735 0.024844
1.822500 1.033269 0.031177
1.827500 1.033178 0.034096
1.832500 1.042977 0.036955
1.837500 1.046843 0.034525
1.842500 1.037777 0.034752
1.847500 1.040462 0.032813
1.852500 1.041173 0.030815
1.857500 1.039461 0.037916
1.862500 1.048907 0.038335
1.867500 1.047138 0.040958
1.872500 1.047829 0.043928
1.877500 1.042501 0.040235
1.882500 1.041974 0.030652
1.887500 1.049433 0.037673
1.892500 1.045107 0.039948
1.897500 1.042003 0.039460
1.902500 1.039021 0.040292
1.907500 1.042475 0.033301
1.912500 1.048694 0.018284
1.917500 1.053437 0.011433
1.922500 1.058384 0.010786
1.927500 1.054188 0.006309
1.932500 1.036672 0.019358
1.937500 1.021001 0.028773
1.942500 1.022526 0.030960
1.947500 1.012876 0.024061
1.952500 0.996213 0.034633
1.957500 0.997719 0.035110
1.962500 0.993913 0.026895
1.967500 0.975886 0.022368
1.972500 0.981348 0.029889
1.977500 0.978393 0.023874
1.982500 0.972043 0.019080
1.987500 0.972251 0.013583
1.992500 0.974504 0.020424
1.997500 0.976706 0.023137
2.002500 0.987274 0.029625
2.007500 0.996486 0.026888
2.012500 0.994711 0.021145
2.017500 0.990799 0.018811
2.022500 0.995917 0.022595
2.027500 1.009622 0.019680
2.032500 1.009805 0.024734
2.037500 1.025767 0.008108
2.042500 1.015010 0.007897
2.047500 1.007827 0.010732
2.052500 1.007563 0.007795
2.057500 0.995174 0.022333
2.062500 1.009362 0.026354
2.067500 1.016487 0.029068
2.072500 1.022799 0.024950
2.077500 1.032987 0.014542
2.082500 1.039096 0.012417
2.087500 1.044948 0.011133
2.092500 1.034924 0.018645
2.097500 1.023210 0.042394
2.102500 1.024533 0.045448
2.107500 1.018985 0.042492
2.112500 1.028311 0.048359
2.117500 1.025220 0.041240
2.122500 1.018847 0.046509
2.127500 1.019389 0.042608
2.132500 1.029353 0.020331
2.137500 1.046755 0.008060
2.142500 1.054385 0.004869
2.147500 1.064644 0.005038
2.152500 1.079193 0.007544
2.157500 1.075951 0.009854
2.162500 1.046787 0.023133
2.167500 1.021574 0.024687
2.172500 1.022102 0.026225
2.177500 1.016600 0.019825
2.182500 1.008816 0.022382
2.187500 1.006955 0.021294
2.192500 1.003308 0.021421
2.197500 1.033632 0.019098
2.202500 1.044223 0.022392
2.207500 1.047423 0.021652
2.212500 1.048149 0.025061
2.217500 1.043516 0.028429
2.222500 1.045939 0.023873
2.227500 1.041637 0.023779
2.232500 1.034944 0.026261
2.237500 1.039539 0.014818
2.242500 1.046376 0.008223
2.247500 1.036335 0.010681
2.252500 1.034889 0.007426
2.257500 1.033872 0.006286
2.262500 1.026085 0.007934
2.267500 1.010369 0.015972
2.272500 1.003800 0.014182
2.277500 1.015199 0.016434
2.282500 1.022460 0.022565
2.287500 1.033551 0.018689
2.292500 1.037792 0.017379
2.297500 1.027237 0.021112
2.302500 1.017266 0.013409
2.307500 1.015906 0.013886
2.312500 1.018424 0.017786
2.317500 1.008388 0.029195
2.322500 1.017021 0.031531
2.327500 1.021331 0.025100
2.332500 1.019503 0.023130
2.337500 1.027479 0.017665
2.342500 1.029124 0.015507
2.347500 1.029393 0.019580
2.352500 1.028943 0.026372
2.357500 1.038437 0.025293
2.362500 1.038023 0.022459
2.367500 1.038131 0.026657
2.372500 1.043882 0.018771
2.377500 1.044222 0.017506
2.382500 1.019314 0.015445
2.387500 1.014990 0.017460
2.392500 1.003905 0.026326
2.397500 1.011558 0.022473
2.402500 0.967016 0.034134
2.407500 0.973558 0.032361
2.412500 0.935413 0.052773
2.417500 0.933112 0.056131
2.422500 0.948234 0.072366
2.427500 0.972784 0.051086
2.432500 0.974551 0.041938
2.437500 0.975811 0.035936
2.442500 0.959860 0.035119
2.447500 0.944043 0.036176
2.452500 0.944400 0.032841
2.457500 0.940952 0.039579
2.462500 1.007588 0.008193
2.467500 1.021626 0.010727
2.472500 1.035794 0.001876
2.477500 1.011561 0.025644
2.482500 1.012332 0.026173
2.487500 1.011026 0.021450
2.492500 0.988146 0.028810
2.497500 0.982666 0.021668
2.502500 0.980797 0.022351
2.507500 0.984113 0.017689
2.512500 0.991900 0.010780
2.517500 0.989591 0.007905
2.522500 0.981258 0.010847
2.527500 0.977657 0.013912
2.532500 0.984237 0.012189
2.537500 0.981399 0.015018
2.542500 0.970857 0.005364
2.547500 0.984564 0.015271
2.552500 1.003815 0.022693
2.557500 1.039565 0.028932
2.562500 1.045968 0.035481
2.567500 1.039031 0.038834
2.572500 1.029253 0.033407
2.577500 1.032779 0.034558
2.582500 1.020735 0.050571
2.587500 0.998732 0.054016
2.592500 0.982856 0.045974
2.597500 1.002544 0.035448
2.602500 1.026510 0.035607
2.607500 1.032204 0.035179
2.612500 0.986822 0.026935
2.617500 0.988819 0.044203
2.622500 1.000000 0.048444
2.627500 0.962752 0.034781
2.632500 0.952649 0.039353
2.637500 0.946827 0.039113
2.642500 0.976340 0.046435
2.647500 0.981036 0.044170
2.652500 0.963398 0.034770
2.657500 0.880758 0.031494
2.662500 0.862335 0.044515
2.667500 0.844306 0.033155
2.672500 0.774384 0.058082
2.677500 0.765835 0.043246
2.682500 0.737833 0.030379
2.687500 0.683000 0.050273
2.692500 0.682572 0.050297
2.697500 0.692850 0.053464
2.702500 0.713410 0.055347
2.707500 0.729713 0.060021
2.712500 0.769925 0.045394
2.717500 0.795645 0.030524
2.722500 0.793748 0.026206
2.727500 0.763404 0.033928
2.732500 0.752008 0.036643
2.737500 0.769822 0.007720
2.742500 0.763996 0.021322
2.747500 0.738653 0.039273
2.752500 0.730988 0.041571
2.757500 0.664288 0.043780
2.762500 0.667477 0.019747
2.767500 0.656732 0.021129
2.772500 0.628684 0.048239
2.777500 0.623758 0.055222
2.782500 0.621179 0.057531
2.787500 0.626647 0.062642
2.792500 0.667146 0.053635
2.797500 0.662301 0.059502
2.802500 0.664738 0.060516
2.807500 0.631642 0.067959
2.812500 0.617790 0.065839
2.817500 0.604488 0.071057
2.822500 0.589409 0.058075
2.827500 0.593320 0.051456
2.832500 0.578595 0.049683
2.837500 0.565562 0.043272
2.842500 0.519296 0.050611
2.847500 0.508264 0.048735
2.852500 0.473770 0.049514
2.857500 0.485263 0.048857
2.862500 0.468152 0.045288
2.867500 0.468462 0.024867
2.872500 0.428241 0.030887
2.877500 0.385845 0.046720
2.882500 0.335761 0.049900
2.887500 0.354428 0.068965
2.892500 0.351109 0.068241
2.897500 0.379990 0.035876
2.902500 0.364963 0.037576
2.907500 0.381844 0.029663
2.912500 0.387724 0.021930
2.917500 0.379442 0.020751
2.922500 0.345530 0.038258
2.927500 0.328237 0.047365
2.932500 0.330210 0.053580
2.937500 0.330282 0.039790
2.942500 0.305733 0.061314
2.947500 0.302809 0.039907
2.952500 0.280106 0.030788
2.957500 0.297775 0.015422
2.962500 0.296675 0.027557
2.967500 0.311176 0.035514
2.972500 0.316919 0.035392
2.977500 0.312157 0.043722
2.982500 0.333186 0.033193
2.987500 0.337396 0.033937
2.992500 0.333383 0.047230
2.997500 0.310843 0.052704
3.002500 0.323496 0.044162
3.007500 0.335728 0.025617
3.012500 0.349801 0.022341
3.017500 0.309007 0.042442
3.022500 0.310886 0.037849
3.027500 0.289560 0.035171
3.032500 0.316719 0.012994
3.037500 0.303327 0.019623
3.042500 0.307779 0.024191
3.047500 0.310819 0.031396
3.052500 0.328460 0.013321
3.057500 0.325212 0.005257
3.062500 0.342319 0.010264
3.067500 0.352942 0.008855
3.072500 0.356176 0.015650
3.077500 0.342654 0.010632
3.082500 0.335182 0.007675
3.087500 0.350123 0.001307
3.092500 0.328782 0.011274
3.097500 0.323727 0.011749
3.102500 0.294844 0.030179
3.107500 0.311666 0.029567
3.112500 0.304792 0.029808
3.117500 0.307014 0.029955
3.122500 0.306442 0.044927
3.127500 0.333312 0.053594
3.132500 0.347278 0.061430
3.137500 0.362020 0.057184
3.142500 0.368952 0.042190
3.147500 0.351894 0.049810
3.152500 0.325818 0.040681
3.157500 0.299484 0.049206
3.162500 0.295785 0.048616
3.167500 0.322011 0.036291
3.172500 0.347793 0.028339
3.177500 0.360656 0.025612
3.182500 0.365007 0.047110
3.187500 0.381898 0.036726
3.192500 0.394262 0.040249
3.197500 0.430281 0.012386
3.202500 0.458143 0.020818
3.207500 0.446988 0.040362
3.212500 0.436061 0.053322
3.217500 0.418505 0.073796
3.222500 0.400644 0.080400
3.227500 0.386836 0.079168
3.232500 0.388399 0.042589
3.237500 0.402068 0.020954
3.242500 0.419531 0.023239
3.247500 0.449357 0.019330
3.252500 0.444823 0.046680
3.257500 0.478885 0.026186
3.262500 0.488720 0.020664
3.267500 0.481056 0.028695
3.272500 0.502498 0.039155
3.277500 0.506117 0.050308
3.282500 0.540165 0.051135
3.287500 0.567930 0.030143
3.292500 0.577652 0.011703
3.297500 0.571825 0.009816
3.302500 0.556551 0.004585
3.307500 0.550304 0.029480
3.312500 0.535696 0.047605
3.317500 0.554554 0.028557
3.322500 0.562740 0.024895
3.327500 0.614657 0.037650
3.332500 0.634437 0.032245
3.337500 0.659476 0.045869
3.342500 0.689429 0.026553
3.347500 0.709557 0.020410
3.352500 0.685899 0.025053
3.357500 0.663856 0.014813
3.362500 0.667811 0.030508
3.367500 0.689111 0.034565
3.372500 0.732522 0.034660
3.377500 0.734955 0.038859
3.382500 0.676115 0.035330
3.387500 0.700513 0.041180
3.392500 0.758890 0.037659
3.397500 0.824180 0.029942
3.402500 0.824060 0.044956
3.407500 0.781663 0.038897
3.412500 0.796325 0.043194
3.417500 0.845953 0.023755
3.422500 0.850756 0.058113
3.427500 0.860206 0.063968
3.432500 0.858005 0.086524
3.437500 0.901183 0.086215
3.442500 0.997151 0.104804
3.447500 0.997619 0.087275
3.452500 0.934309 0.107712
3.457500 0.944557 0.063751
3.462500 0.989629 0.066436
3.467500 0.973248 0.076996
3.472500 0.997238 0.108101
3.477500 1.072185 0.153111
3.482500 1.068589 0.113911
3.487500 1.008766 0.071237
3.492500 1.047229 0.088797
3.497500 1.047575 0.117575
3.502500 1.028837 0.094159
3.507500 1.066611 0.109808
3.512500 1.106630 0.095049
3.517500 1.122614 0.122827
3.522500 1.141291 0.094970
3.527500 1.116222 0.113338
3.532500 1.126260 0.131760
3.537500 1.105141 0.101821
3.542500 1.061624 0.060725
3.547500 1.075759 0.027943
3.552500 1.150544 0.028526
3.557500 1.160044 0.039907
3.562500 1.125106 0.057014
3.567500 1.167330 0.076997
3.572500 1.261813 0.057493
3.577500 1.282784 0.029973
3.582500 1.235572 0.042378
3.587500 1.166064 0.041041
3.592500 1.208100 0.052733
3.597500 1.288068 0.060303
3.602500 1.353201 0.097146
3.607500 1.364153 0.043455
3.612500 1.389436 0.023215
3.617500 1.408385 0.025142
3.622500 1.456750 0.058492
3.627500 1.440863 0.024955
3.632500 1.537979 0.076649
3.637500 1.553259 0.044486
3.642500 1.590233 0.067603
3.647500 1.635291 0.065026
3.652500 1.589980 0.069879
3.657500 1.583188 0.047293
3.662500 1.658267 0.113234
3.667500 1.641396 0.102352
3.672500 1.549731 0.123627
3.677500 1.626194 0.081431
3.682500 1.681564 0.110480
3.687500 1.677099 0.109584
3.692500 1.601472 0.124055
3.697500 1.542515 0.112247
3.702500 1.538140 0.102072
3.707500 1.630261 0.125456
3.712500 1.645245 0.123110
3.717500 1.757187 0.198915
3.722500 1.775740 0.124771
3.727500 1.676057 0.110199
3.732500 1.745377 0.067628
3.737500 1.698994 0.110769
3.742500 1.739248 0.090503
3.747500 1.613815 0.039527
3.752500 1.686878 0.047430
3.757500 1.649191 0.076396
3.762500 1.562046 0.061497
3.767500 1.703718 0.079739
3.772500 1.618648 0.079400
3.777500 1.739769 0.111328
3.782500 1.763975 0.063938
3.787500 1.728928 0.125486
3.792500 1.695177 0.109640
3.797500 1.611175 0.034140
3.802500 1.806708 0.032305
3.807500 1.711867 0.039358
3.812500 1.748505 0.043958
3.817500 1.718672 0.019309
3.822500 1.784932 0.045069
3.827500 1.751210 0.046576
3.832500 1.786702 0.058512
3.837500 1.914194 0.085094
3.842500 1.955187 0.086613
3.847500 2.128446 0.100677
3.852500 2.363564 0.090734
3.857500 2.523149 0.174753
3.862500 2.408719 0.155277
3.867500 2.324560 0.096225
3.872500 2.434199 0.086382
3.877500 2.466730 0.095604
3.882500 2.472846 0.110830
3.887500 2.369597 0.120958
3.892500 2.466366 0.044347
3.897500 2.480569 0.076686
3.902500 2.327201 0.176775
3.907500 2.311017 0.159436
3.912500 2.450760 0.164290
3.917500 2.396587 0.164918
3.922500 2.330054 0.165805
3.927500 2.151132 0.135290
3.932500 2.245351 0.110750
3.937500 2.312277 0.165679
3.942500 2.172127 0.148267
3.947500 2.109499 0.163686
3.952500 2.046854 0.181279
3.957500 2.225848 0.205194
3.962500 2.072766 0.231717
3.967500 2.026392 0.195095
3.972500 2.039444 0.192640
3.977500 2.052405 0.210063
3.982500 2.007815 0.189561
3.987500 2.004172 0.148640
3.992500 1.968390 0.114371
3.997500 1.919439 0.144609
4.002500 1.908354 0.139556
4.007500 1.953556 0.090350
4.012500 1.925300 0.064733
4.017500 1.915745 0.029515
4.022500 2.015570 0.026792
4.027500 2.124856 0.060024
4.032500 2.248834 0.170728
4.037500 2.254800 0.118737
4.042500 2.373235 0.120206
4.047500 2.401127 0.159126
4.052500 2.621623 0.238333
4.057500 2.646179 0.197874
4.062500 2.721516 0.218647
4.067500 2.708416 0.210307
4.072500 2.673659 0.254818
4.077500 2.761551 0.261680
4.082500 2.620765 0.274924
4.087500 2.763161 0.273210
4.092500 2.954830 0.302984
4.097500 3.039585 0.335376
4.102500 3.063422 0.319418
4.107500 3.000220 0.342757
4.112500 2.829186 0.263961
4.117500 2.589523 0.200594
4.122500 2.462467 0.189257
4.127500 2.534010 0.148567
4.132500 2.318066 0.109841
4.137500 2.156121 0.065706
4.142500 2.029755 0.074099
4.147500 1.951065 0.096659
4.152500 1.893315 0.076400
4.157500 1.842568 0.081974
4.162500 1.769953 0.051911
4.167500 1.786947 0.057365
4.172500 1.873873 0.096803
4.177500 1.814786 0.111156
4.182500 1.805941 0.113456
4.187500 1.791862 0.128751
4.192500 1.853108 0.196588
4.197500 1.846622 0.167271
4.202500 1.714441 0.151963
4.207500 1.573163 0.148581
4.212500 1.577911 nan
4.217500 1.589617 nan
4.222500 1.568886 0.080317
4.227500 1.558654 0.041997
4.232500 1.453466 0.039286
4.237500 1.464280 0.052095
4.242500 1.491679 0.098074
4.247500 1.503876 0.101490
4.252500 1.524949 0.104755
4.257500 1.523550 0.140286
4.262500 1.502086 0.185155
4.267500 1.495865 0.197914
4.272500 1.464639 0.177820
4.277500 1.433467 0.196328
4.282500 1.442642 0.213666
4.287500 1.420739 0.233183
4.292500 1.348272 0.214602
4.297500 1.344033 0.278041
4.302500 1.418967 0.303494
4.307500 1.496118 0.276220
4.312500 1.573204 0.290052
4.317500 1.589990 0.322446
4.322500 1.660126 0.341582
4.327500 1.777700 0.304419
4.332500 1.879786 0.260233
4.337500 1.978617 0.263297
4.342500 2.065747 0.227951
4.347500 2.134320 0.227499
4.352500 2.217241 0.261166
4.357500 2.227280 0.273603
4.362500 2.274681 0.248350
4.367500 2.357652 0.305876
4.372500 2.366735 0.285203
4.377500 2.227924 0.339978
4.382500 2.335076 0.364697
4.387500 2.358122 0.385114
4.392500 2.373501 0.343748
4.397500 2.430898 0.321299
4.402500 2.522852 0.306352
4.407500 2.609677 0.286633
4.412500 2.744641 0.259769
4.417500 2.701060 0.239284
4.422500 2.672434 0.268872
4.427500 2.723518 0.219937
4.432500 2.712845 0.184273
4.437500 2.844275 0.239131
4.442500 2.932769 0.343606
4.447500 2.848000 0.305956
4.452500 2.760865 0.267256
4.457500 2.766872 0.292788
4.462500 2.866644 0.246032
4.467500 2.926499 0.239087
4.472500 2.991318 0.272104
4.477500 3.004175 0.249581
4.482500 3.099794 0.178880
4.487500 3.158183 0.179541
4.492500 3.147929 0.189584
4.497500 3.149441 0.165704
4.502500 3.128663 0.218121
4.507500 3.047703 0.233773
4.512500 3.090324 0.222970
4.517500 3.298655 0.190228
4.522500 3.386230 0.167151
4.527500 3.361159 0.238230
4.532500 3.379157 0.269935
4.537500 3.339620 0.200362
4.542500 3.334824 0.188736
4.547500 3.368774 0.197918
4.552500 3.335883 0.136170
4.557500 3.685989 0.229181
4.562500 3.437554 0.244300
4.567500 3.517691 0.221237
4.572500 3.603696 0.253308
4.577500 3.548282 0.268231
4.582500 3.525220 0.292109
4.587500 3.642976 0.318296
4.592500 3.675186 0.333034
4.597500 3.685588 0.320256
4.602500 3.607919 0.295406
4.607500 3.611541 0.359311
4.612500 3.750375 0.267810
4.617500 3.964055 0.232746
4.622500 3.982832 0.276692
4.627500 4.141911 0.212101
4.632500 4.231712 0.255862
4.637500 4.353048 0.215455
4.642500 4.364318 0.134214
4.647500 4.424152 0.228704
4.652500 4.938510 nan
4.657500 5.281304 nan
4.662500 5.382922 nan
4.667500 5.157466 nan
4.672500 4.792985 nan
4.677500 4.808734 nan
4.682500 5.066623 nan
4.687500 5.342592 nan
4.692500 5.691089 nan
4.697500 5.998826 nan
4.702500 6.070001 nan
4.707500 6.034980 nan
4.712500 6.199043 0.338482
4.717500 6.398051 0.373665
4.722500 6.274957 0.433699
4.727500 6.257542 0.408570
4.732500 6.421554 0.330758
4.737500 6.670594 nan
4.742500 6.758319 nan
4.747500 6.867638 nan
4.752500 6.488627 0.587292
4.757500 6.442471 0.639191
4.762500 6.641194 0.508849
4.767500 6.812651 0.452488
4.772500 6.937152 0.419064
4.777500 6.843813 0.513156
4.782500 6.668597 0.532610
4.787500 6.729518 0.524663
4.792500 6.731647 0.460167
4.797500 6.575466 0.417500
4.802500 7.036123 0.491651
4.807500 6.783365 0.408193
4.812500 6.750211 0.438455
4.817500 6.844248 0.472385
4.822500 6.874858 0.444433
4.827500 7.005589 0.478877
4.832500 7.055702 0.449838
4.837500 7.054981 0.475047
4.842500 7.258290 0.503839
4.847500 7.097948 0.506868
4.852500 6.985796 0.473284
4.857500 7.205882 0.552821
4.862500 7.197153 0.618165
4.867500 7.336858 0.592148
4.872500 7.447371 0.653758
4.877500 7.470629 0.799484
4.882500 7.756033 0.798102
4.887500 7.716357 0.716722
4.892500 7.433457 0.584066
4.897500 7.575762 0.623069
4.902500 7.728410 0.663818
4.907500 7.797860 0.728002
4.912500 7.806857 0.719233
4.917500 8.021186 0.761047
4.922500 8.255664 0.846335
4.927500 8.135958 0.888797
4.932500 7.901728 0.835265
4.937500 8.376244 0.924031
4.942500 8.568945 1.038674
4.947500 8.104922 1.142725
4.952500 8.227888 1.133144
4.957500 8.217612 1.079347
4.962500 8.302327 1.118904
4.967500 8.348713 1.024923
4.972500 8.379716 0.948213
4.977500 8.373347 0.797716
4.982500 8.443440 0.829666
4.987500 8.499460 0.929438
4.992500 8.610367 0.903072
4.997500 8.765735 0.937443
5.002500 8.911035 0.914861
5.007500 8.716305 0.769935
5.012500 8.769142 0.943602
5.017500 8.882093 0.870505
5.022500 8.845414 0.751686
5.027500 9.027817 0.778711
5.032500 9.058482 0.699607
5.037500 9.272381 0.801435
5.042500 9.419206 0.815736
5.047500 9.424405 0.762963
5.052500 9.403632 0.698978
5.057500 9.639100 0.627764
5.062500 10.101308 0.866823
5.067500 10.034660 0.748427
5.072500 9.784605 0.628094
5.077500 9.649031 0.640530
5.082500 9.690263 0.609728
5.087500 9.827522 0.623085
5.092500 10.135829 0.722979
5.097500 10.185990 0.874882
