# DATE = 2025-03-12
# PIPE_VER = 1.17.1
# PMAP = jwst_1322.pmap
# STANDARD_STAR = SNAP-2
# 
# Wavelength (microns), arbitrary reflectance, uncertainty
0.702500 0.747793 0.031539
0.707500 0.764208 0.013763
0.712500 0.774191 0.011893
0.717500 0.785632 0.019515
0.722500 0.795920 0.011473
0.727500 0.794702 0.010218
0.732500 0.793434 0.009109
0.737500 0.804905 0.008222
0.742500 0.817098 0.007397
0.747500 0.809852 0.009315
0.752500 0.825941 0.007649
0.757500 0.836312 0.013638
0.762500 0.834978 0.009703
0.767500 0.829120 0.010419
0.772500 0.840641 0.009649
0.777500 0.842014 0.017985
0.782500 0.858498 0.030699
0.787500 0.879468 0.010159
0.792500 0.873550 0.009863
0.797500 0.863788 0.017161
0.802500 0.852350 0.014116
0.807500 0.864863 0.009304
0.812500 0.884545 0.007276
0.817500 0.896036 0.012843
0.822500 0.900091 0.025140
0.827500 0.904587 0.019955
0.832500 0.913508 0.013553
0.837500 0.906117 0.009569
0.842500 0.897952 0.019130
0.847500 0.906515 0.018252
0.852500 0.904057 0.015245
0.857500 0.915308 0.018139
0.862500 0.935890 0.011066
0.867500 0.932766 0.016998
0.872500 0.933462 0.013969
0.877500 0.936413 0.014816
0.882500 0.939423 0.012736
0.887500 0.946209 0.016410
0.892500 0.966932 0.015709
0.897500 0.955470 0.022366
0.902500 0.955629 0.021191
0.907500 0.963066 0.016224
0.912500 0.979453 0.012232
0.917500 0.980291 0.013759
0.922500 0.992136 0.020446
0.927500 0.999670 0.021618
0.932500 1.000930 0.022299
0.937500 1.002364 0.014714
0.942500 1.000839 0.010989
0.947500 1.003582 0.014455
0.952500 0.999068 0.015136
0.957500 1.005403 0.009748
0.962500 1.006369 0.012196
0.967500 1.028608 0.005600
0.972500 1.028839 0.004930
0.977500 1.024733 0.006431
0.982500 1.019467 0.014203
0.987500 1.020762 0.015989
0.992500 1.024108 0.018206
0.997500 1.029956 0.019480
1.002500 1.034148 0.016914
1.007500 1.046734 0.013015
1.012500 1.048490 0.010578
1.017500 1.051949 0.012371
1.022500 1.051833 0.014615
1.027500 1.048615 0.012255
1.032500 1.053785 0.013495
1.037500 1.056221 0.011303
1.042500 1.065473 0.006942
1.047500 1.064208 0.011064
1.052500 1.049389 0.023818
1.057500 1.045379 0.021721
1.062500 1.047134 0.023009
1.067500 1.052717 0.019327
1.072500 1.045651 0.020330
1.077500 1.037860 0.018323
1.082500 1.050586 0.016639
1.087500 1.057329 0.017211
1.092500 1.071422 0.018708
1.097500 1.072553 0.016736
1.102500 1.073083 0.015097
1.107500 1.073748 0.019418
1.112500 1.083436 0.017800
1.117500 1.089652 0.015687
1.122500 1.088785 0.014619
1.127500 1.090620 0.014565
1.132500 1.097987 0.014125
1.137500 1.093900 0.016136
1.142500 1.100461 0.023809
1.147500 1.106761 0.020882
1.152500 1.104546 0.021172
1.157500 1.104262 0.020874
1.162500 1.106253 0.015722
1.167500 1.109941 0.015386
1.172500 1.113783 0.012759
1.177500 1.109858 0.015920
1.182500 1.114312 0.018292
1.187500 1.107209 0.019704
1.192500 1.105924 0.016611
1.197500 1.111148 0.017519
1.202500 1.119560 0.012766
1.207500 1.127378 0.009236
1.212500 1.132640 0.009399
1.217500 1.121366 0.015844
1.222500 1.111111 0.012808
1.227500 1.105207 0.014913
1.232500 1.116807 0.014627
1.237500 1.133989 0.011622
1.242500 1.139210 0.009530
1.247500 1.131527 0.005404
1.252500 1.131399 0.007444
1.257500 1.115798 0.011385
1.262500 1.115277 0.012937
1.267500 1.112960 0.014758
1.272500 1.087361 0.034571
1.277500 1.084556 0.034840
1.282500 1.097872 0.037260
1.287500 1.107822 0.031034
1.292500 1.109675 0.032228
1.297500 1.117674 0.029381
1.302500 1.114873 0.028001
1.307500 1.116089 0.021919
1.312500 1.110203 0.021833
1.317500 1.116525 0.021816
1.322500 1.118702 0.022748
1.327500 1.115258 0.022451
1.332500 1.113027 0.023306
1.337500 1.122321 0.020580
1.342500 1.124788 0.021574
1.347500 1.132739 0.017028
1.352500 1.129535 0.020738
1.357500 1.125724 0.020807
1.362500 1.129034 0.015896
1.367500 1.125998 0.017593
1.372500 1.127943 0.016989
1.377500 1.126976 0.019043
1.382500 1.127103 0.022853
1.387500 1.120964 0.030251
1.392500 1.126285 0.031163
1.397500 1.126158 0.029480
1.402500 1.119660 0.031527
1.407500 1.117675 0.026394
1.412500 1.118274 0.027299
1.417500 1.122159 0.023701
1.422500 1.123088 0.021575
1.427500 1.124222 0.019691
1.432500 1.123674 0.018410
1.437500 1.123815 0.017015
1.442500 1.114293 0.018567
1.447500 1.104397 0.025833
1.452500 1.103299 0.027165
1.457500 1.106359 0.024246
1.462500 1.111291 0.022542
1.467500 1.120174 0.020261
1.472500 1.131347 0.016112
1.477500 1.116578 0.020391
1.482500 1.098619 0.016283
1.487500 1.098744 0.021693
1.492500 1.090496 0.022228
1.497500 1.092432 0.024504
1.502500 1.101885 0.028448
1.507500 1.106314 0.025484
1.512500 1.103952 0.025451
1.517500 1.102004 0.023782
1.522500 1.098669 0.024639
1.527500 1.104065 0.022396
1.532500 1.107697 0.021642
1.537500 1.107779 0.023753
1.542500 1.094411 0.028399
1.547500 1.088759 0.031450
1.552500 1.094104 0.027699
1.557500 1.086793 0.031736
1.562500 1.080739 0.031861
1.567500 1.083633 0.029362
1.572500 1.090496 0.026475
1.577500 1.085690 0.021219
1.582500 1.086816 0.026407
1.587500 1.086968 0.026272
1.592500 1.088274 0.030652
1.597500 1.097152 0.029182
1.602500 1.088160 0.037770
1.607500 1.088274 0.023246
1.612500 1.088274 0.022714
1.617500 1.076165 0.029265
1.622500 1.076765 0.037514
1.627500 1.080108 0.027867
1.632500 1.090947 0.032331
1.637500 1.100226 0.034634
1.642500 1.114318 0.014308
1.647500 1.116286 0.013954
1.652500 1.113848 0.015451
1.657500 1.106610 0.021821
1.662500 1.099382 0.023576
1.667500 1.109697 0.021890
1.672500 1.118430 0.023502
1.677500 1.120366 0.026855
1.682500 1.105118 0.027784
1.687500 1.099795 0.025597
1.692500 1.100527 0.024103
1.697500 1.109434 0.011775
1.702500 1.104941 0.024922
1.707500 1.108768 0.030481
1.712500 1.106878 0.026071
1.717500 1.106405 0.030424
1.722500 1.109556 0.030590
1.727500 1.120094 0.023388
1.732500 1.117655 0.025100
1.737500 1.108516 0.021903
1.742500 1.107887 0.014088
1.747500 1.114450 0.010952
1.752500 1.119699 0.011577
1.757500 1.111146 0.021245
1.762500 1.105601 0.028345
1.767500 1.115953 0.029716
1.772500 1.111945 0.026415
1.777500 1.108909 0.023723
1.782500 1.111768 0.017863
1.787500 1.118080 0.017702
1.792500 1.109812 0.017258
1.797500 1.104078 0.024507
1.802500 1.098038 0.023737
1.807500 1.112677 0.023731
1.812500 1.112133 0.020549
1.817500 1.104058 0.025767
1.822500 1.107771 0.025594
1.827500 1.109714 0.022124
1.832500 1.116382 0.019530
1.837500 1.118825 0.017663
1.842500 1.114899 0.019243
1.847500 1.121711 0.017119
1.852500 1.101651 0.023974
1.857500 1.093796 0.025837
1.862500 1.102538 0.026788
1.867500 1.105775 0.022563
1.872500 1.119023 0.018152
1.877500 1.126049 0.018906
1.882500 1.127261 0.022862
1.887500 1.131356 0.021686
1.892500 1.111513 0.023362
1.897500 1.110605 0.017552
1.902500 1.113121 0.015549
1.907500 1.115342 0.028297
1.912500 1.105655 0.035470
1.917500 1.100162 0.031146
1.922500 1.108482 0.020531
1.927500 1.086531 0.023946
1.932500 1.072392 0.029923
1.937500 1.078122 0.026632
1.942500 1.078144 0.021321
1.947500 1.065676 0.021909
1.952500 1.073756 0.014519
1.957500 1.077386 0.015345
1.962500 1.073911 0.016477
1.967500 1.064936 0.020063
1.972500 1.063077 0.017352
1.977500 1.062018 0.014458
1.982500 1.056276 0.013348
1.987500 1.067619 0.006413
1.992500 1.062944 0.005319
1.997500 1.061771 0.009216
2.002500 1.042278 0.016380
2.007500 1.032997 0.020099
2.012500 1.046549 0.024802
2.017500 1.037810 0.021165
2.022500 1.038351 0.022173
2.027500 1.045809 0.021097
2.032500 1.051304 0.015189
2.037500 1.052292 0.015761
2.042500 1.062975 0.010491
2.047500 1.070393 0.008523
2.052500 1.062321 0.012198
2.057500 1.066637 0.019151
2.062500 1.067685 0.024097
2.067500 1.075755 0.027338
2.072500 1.052530 0.024833
2.077500 1.041484 0.020959
2.082500 1.052510 0.019634
2.087500 1.056373 0.022428
2.092500 1.063547 0.027933
2.097500 1.061987 0.015590
2.102500 1.056187 0.015024
2.107500 1.056965 0.022715
2.112500 1.067412 0.029028
2.117500 1.087606 0.034856
2.122500 1.092407 0.034962
2.127500 1.087130 0.024902
2.132500 1.070189 0.028843
2.137500 1.070770 0.021258
2.142500 1.070737 0.020640
2.147500 1.074154 0.020299
2.152500 1.071736 0.026110
2.157500 1.076614 0.031425
2.162500 1.064482 0.023810
2.167500 1.062947 0.025096
2.172500 1.074017 0.031204
2.177500 1.090160 0.016115
2.182500 1.103959 0.011730
2.187500 1.108352 0.018377
2.192500 1.106699 0.012699
2.197500 1.100623 0.012519
2.202500 1.103490 0.011016
2.207500 1.097611 0.009655
2.212500 1.086138 0.011923
2.217500 1.076125 0.016900
2.222500 1.080435 0.015030
2.227500 1.081801 0.014701
2.232500 1.084869 0.015473
2.237500 1.086870 0.013255
2.242500 1.073195 0.014047
2.247500 1.045921 0.018166
2.252500 1.042688 0.014729
2.257500 1.033797 0.004892
2.262500 1.022045 0.010073
2.267500 1.021966 0.014579
2.272500 1.014542 0.010419
2.277500 1.024568 0.018164
2.282500 1.036636 0.012911
2.287500 1.051433 0.017399
2.292500 1.040305 0.024310
2.297500 1.041881 0.030312
2.302500 1.037560 0.015952
2.307500 1.035598 0.011606
2.312500 1.033841 0.016131
2.317500 1.022439 0.016215
2.322500 1.023426 0.017694
2.327500 1.014091 0.024627
2.332500 1.000292 0.044382
2.337500 1.012105 0.045922
2.342500 1.011918 0.032241
2.347500 1.045753 0.002438
2.352500 1.035511 0.008851
2.357500 1.043484 0.007577
2.362500 1.048806 0.007845
2.367500 1.057346 0.008747
2.372500 1.060169 0.012834
2.377500 1.038963 0.025846
2.382500 1.034388 0.029850
2.387500 1.049020 0.031278
2.392500 1.055817 0.021817
2.397500 1.030954 0.027468
2.402500 1.029336 0.017577
2.407500 1.028971 0.022218
2.412500 1.037327 0.022534
2.417500 1.042942 0.026415
2.422500 1.039517 0.035964
2.427500 1.012344 0.042070
2.432500 0.999519 0.024454
2.437500 1.000317 0.026076
2.442500 0.998194 0.020311
2.447500 0.995474 0.022120
2.452500 0.992600 0.014203
2.457500 1.010894 0.013206
2.462500 1.019416 0.014990
2.467500 1.016559 0.018757
2.472500 0.978521 0.024280
2.477500 0.966159 0.036923
2.482500 0.973852 0.026521
2.487500 0.994344 0.022642
2.492500 1.003448 0.015826
2.497500 0.996211 0.016883
2.502500 0.995159 0.020137
2.507500 1.005536 0.020194
2.512500 0.996507 0.012184
2.517500 0.989719 0.016395
2.522500 0.992743 0.027646
2.527500 0.991215 0.010845
2.532500 0.990150 0.016348
2.537500 0.973941 0.004909
2.542500 0.993186 0.012796
2.547500 0.983842 0.011963
2.552500 0.997695 0.025875
2.557500 0.999112 0.028834
2.562500 0.997929 0.021882
2.567500 1.012573 0.018110
2.572500 1.006170 0.011449
2.577500 1.010383 0.015039
2.582500 1.000000 0.026365
2.587500 1.010366 0.023666
2.592500 1.012066 0.028701
2.597500 1.003480 0.033583
2.602500 1.000950 0.035793
2.607500 0.995112 0.040455
2.612500 0.975245 0.029851
2.617500 0.978198 0.026792
2.622500 0.980871 0.022442
2.627500 0.981063 0.015052
2.632500 0.968758 0.013300
2.637500 0.946400 0.014042
2.642500 0.938606 0.005246
2.647500 0.938670 0.004106
2.652500 0.923649 0.019104
2.657500 0.902567 0.033168
2.662500 0.852019 0.019391
2.667500 0.811945 0.020679
2.672500 0.782742 0.031274
2.677500 0.741876 0.005890
2.682500 0.722670 0.024881
2.687500 0.699477 0.035271
2.692500 0.663774 0.007821
2.697500 0.672270 0.008127
2.702500 0.689813 0.006144
2.707500 0.716499 0.010153
2.712500 0.739222 0.026504
2.717500 0.741010 0.029098
2.722500 0.774043 0.035247
2.727500 0.762916 0.032834
2.732500 0.757440 0.021126
2.737500 0.723509 0.013762
2.742500 0.692006 0.021654
2.747500 0.667710 0.012160
2.752500 0.640550 0.005844
2.757500 0.621227 0.017288
2.762500 0.610577 0.016827
2.767500 0.574112 0.009802
2.772500 0.553742 0.021373
2.777500 0.511097 0.018765
2.782500 0.493728 0.008870
2.787500 0.495899 0.012470
2.792500 0.503851 0.004917
2.797500 0.480943 0.014500
2.802500 0.468209 0.010746
2.807500 0.439393 0.013839
2.812500 0.428904 0.022170
2.817500 0.406329 0.013526
2.822500 0.375098 0.003875
2.827500 0.367566 0.003790
2.832500 0.336556 0.005764
2.837500 0.318422 0.006830
2.842500 0.285509 0.005989
2.847500 0.272472 0.009613
2.852500 0.257632 0.009059
2.857500 0.254165 0.006467
2.862500 0.231073 0.005188
2.867500 0.218678 0.008879
2.872500 0.209351 0.007616
2.877500 0.203790 0.006783
2.882500 0.195522 0.002191
2.887500 0.183049 0.011334
2.892500 0.180937 0.005993
2.897500 0.177297 0.003157
2.902500 0.181842 0.003020
2.907500 0.160918 0.004106
2.912500 0.145105 0.015520
2.917500 0.135171 0.012553
2.922500 0.137081 0.007741
2.927500 0.132333 0.006224
2.932500 0.136261 0.008466
2.937500 0.130510 0.006545
2.942500 0.139705 0.014581
2.947500 0.138408 0.016631
2.952500 0.134773 0.024946
2.957500 0.132591 0.024283
2.962500 0.144135 0.019144
2.967500 0.147077 0.011831
2.972500 0.123723 0.019548
2.977500 0.109382 0.020460
2.982500 0.112738 0.020336
2.987500 0.100884 0.017184
2.992500 0.114184 0.013330
2.997500 0.120215 0.005063
3.002500 0.127169 0.010255
3.007500 0.118449 0.010845
3.012500 0.114454 0.014570
3.017500 0.112844 0.018229
3.022500 0.115470 0.017962
3.027500 0.100355 0.013481
3.032500 0.095489 0.015132
3.037500 0.100415 0.018357
3.042500 0.088937 0.010469
3.047500 0.081185 0.006098
3.052500 0.094140 0.008930
3.057500 0.108892 0.012448
3.062500 0.102389 0.015158
3.067500 0.098314 0.015703
3.072500 0.103003 0.017841
3.077500 0.102514 0.017930
3.082500 0.101664 0.011799
3.087500 0.098429 0.009605
3.092500 0.095531 0.002662
3.097500 0.099790 0.009250
3.102500 0.110780 0.009992
3.107500 0.121143 0.005805
3.112500 0.118323 0.002957
3.117500 0.111136 0.005834
3.122500 0.104426 0.002417
3.127500 0.131552 0.014131
3.132500 0.136467 0.010725
3.137500 0.136021 0.008737
3.142500 0.127974 0.016486
3.147500 0.136895 0.006886
3.152500 0.135194 0.004753
3.157500 0.150743 0.002997
3.162500 0.158854 0.009880
3.167500 0.156532 0.010998
3.172500 0.168734 0.008537
3.177500 0.154199 0.005782
3.182500 0.157871 0.004816
3.187500 0.160057 0.001375
3.192500 0.166739 0.003013
3.197500 0.163171 0.006435
3.202500 0.163795 0.011866
3.207500 0.156724 0.011850
3.212500 0.157592 0.004050
3.217500 0.159608 0.005773
3.222500 0.166783 0.002536
3.227500 0.173060 0.007102
3.232500 0.189158 0.016754
3.237500 0.202210 0.022156
3.242500 0.221526 0.008177
3.247500 0.226605 0.010581
3.252500 0.223690 0.010254
3.257500 0.237215 0.011391
3.262500 0.252433 0.019519
3.267500 0.247789 0.010399
3.272500 0.259006 0.006158
3.277500 0.261232 0.006816
3.282500 0.299815 0.016092
3.287500 0.323396 0.012715
3.292500 0.335823 0.010522
3.297500 0.325315 0.011815
3.302500 0.320106 0.011457
3.307500 0.330554 0.010174
3.312500 0.344642 0.014570
3.317500 0.330832 0.018366
3.322500 0.322785 0.023147
3.327500 0.342157 0.017653
3.332500 0.347480 0.008971
3.337500 0.361992 0.007435
3.342500 0.375446 0.019493
3.347500 0.359865 0.028606
3.352500 0.363287 0.035694
3.357500 0.341274 0.009205
3.362500 0.351143 0.020871
3.367500 0.346561 0.026709
3.372500 0.354093 0.036575
3.377500 0.318059 0.008005
3.382500 0.351496 0.029221
3.387500 0.343380 0.029373
3.392500 0.370731 0.017289
3.397500 0.352344 0.003791
3.402500 0.387712 0.012328
3.407500 0.379949 0.023014
3.412500 0.365729 0.023487
3.417500 0.362340 0.033824
3.422500 0.388001 0.031817
3.427500 0.379649 0.019648
3.432500 0.376166 0.016340
3.437500 0.375436 0.018574
3.442500 0.379884 0.017435
3.447500 0.381305 0.042041
3.452500 0.372201 0.059384
3.457500 0.372355 0.041136
3.462500 0.410741 0.023074
3.467500 0.425348 0.014899
3.472500 0.412359 0.008316
3.477500 0.391680 0.016680
3.482500 0.389302 0.012655
3.487500 0.383867 0.007901
3.492500 0.393311 0.015034
3.497500 0.410986 0.022914
3.502500 0.396224 0.006626
3.507500 0.409476 0.012370
3.512500 0.427118 0.010699
3.517500 0.421735 0.020586
3.522500 0.416634 0.008471
3.527500 0.439541 0.012348
3.532500 0.443172 0.013500
3.537500 0.455431 0.021890
3.542500 0.467719 0.006461
3.547500 0.462683 0.009411
3.552500 0.477678 0.016466
3.557500 0.494620 0.018540
3.562500 0.525765 0.012560
3.567500 0.514559 0.015736
3.572500 0.526675 0.012751
3.577500 0.538776 0.018563
3.582500 0.519005 0.014654
3.587500 0.520605 0.015111
3.592500 0.552233 0.006431
3.597500 0.553034 0.020621
3.602500 0.579279 0.032856
3.607500 0.552645 0.023161
3.612500 0.553043 0.015030
3.617500 0.524629 0.009941
3.622500 0.544106 0.021771
3.627500 0.559750 0.010113
3.632500 0.569996 0.015261
3.637500 0.580462 0.005060
3.642500 0.584424 0.001578
3.647500 0.551214 0.022967
3.652500 0.540429 0.020764
3.657500 0.557740 0.018172
3.662500 0.554712 0.015380
3.667500 0.564321 0.022944
3.672500 0.590026 0.006254
3.677500 0.579286 0.019788
3.682500 0.555445 0.008962
3.687500 0.567709 0.014137
3.692500 0.593072 0.028699
3.697500 0.611565 0.008656
3.702500 0.584115 0.005560
3.707500 0.589081 0.018960
3.712500 0.597292 0.022105
3.717500 0.590823 0.014883
3.722500 0.582597 0.015177
3.727500 0.554082 0.019507
3.732500 0.563648 0.014612
3.737500 0.562714 0.004481
3.742500 0.566906 0.013794
3.747500 0.565169 0.023346
3.752500 0.595474 0.005578
3.757500 0.597618 0.013969
3.762500 0.601808 0.008851
3.767500 0.552889 0.017320
3.772500 0.552686 0.002841
3.777500 0.549454 0.008114
3.782500 0.561429 0.013155
3.787500 0.563700 0.022585
3.792500 0.558696 0.032392
3.797500 0.561661 0.010786
3.802500 0.560253 0.011469
3.807500 0.544108 0.005158
3.812500 0.542002 0.013180
3.817500 0.542224 0.025958
3.822500 0.521706 0.008388
3.827500 0.507169 0.014997
3.832500 0.507270 0.008845
3.837500 0.543786 0.033347
3.842500 0.542659 0.037534
3.847500 0.492842 0.031952
3.852500 0.489564 0.045915
3.857500 0.531571 0.021023
3.862500 0.574942 0.018237
3.867500 0.542174 0.021899
3.872500 0.516447 0.028463
3.877500 0.535923 0.038555
3.882500 0.542775 0.026645
3.887500 0.516339 0.004205
3.892500 0.485214 0.008846
3.897500 0.484283 0.014457
3.902500 0.447341 0.031063
3.907500 0.496263 0.011953
3.912500 0.553702 0.016615
3.917500 0.563712 0.024263
3.922500 0.530175 0.012292
3.927500 0.507504 0.010211
3.932500 0.486878 0.041865
3.937500 0.496022 0.041767
3.942500 0.480858 0.034911
3.947500 0.449408 0.028318
3.952500 0.478512 0.029014
3.957500 0.452154 0.007833
3.962500 0.437966 0.012690
3.967500 0.427000 0.003550
3.972500 0.422030 0.003271
3.977500 0.411522 0.007127
3.982500 0.424631 0.012727
3.987500 0.442290 0.013507
3.992500 0.452788 0.017395
3.997500 0.494290 0.022692
4.002500 0.507329 0.014249
4.007500 0.456908 0.030368
4.012500 0.387540 0.010553
4.017500 0.375158 0.017554
4.022500 0.389224 0.024595
4.027500 0.403732 0.003006
4.032500 0.398550 0.005024
4.037500 0.394536 0.006288
4.042500 0.345410 0.002259
4.047500 0.348887 0.029205
4.052500 0.378682 0.044475
4.057500 0.386928 0.026252
4.062500 0.365488 0.019840
4.067500 0.402497 0.014984
4.072500 0.419122 0.006898
4.077500 0.364422 0.021406
4.082500 0.351143 0.016860
4.087500 0.354532 0.017350
4.092500 0.385599 0.021309
4.097500 0.384745 0.020624
4.102500 0.383735 0.015042
4.107500 0.392107 0.031908
4.112500 0.396203 0.045627
4.117500 0.451308 0.053140
4.122500 0.360555 0.017188
4.127500 0.407948 0.034627
4.132500 0.386590 0.048018
4.137500 0.366620 0.030880
4.142500 0.395102 0.036560
4.147500 0.441203 0.041387
4.152500 0.437929 0.016709
4.157500 0.501703 0.050290
4.162500 0.511138 0.037834
4.167500 0.501403 0.009624
4.172500 0.510566 0.005569
4.177500 0.528734 0.019673
4.182500 0.587276 0.041785
4.187500 0.594746 0.028850
4.192500 0.681890 0.033063
4.197500 0.739719 0.017005
4.202500 0.727149 0.009824
4.207500 0.672619 0.010140
4.212500 0.523167 0.026063
4.217500 0.423865 0.020089
4.222500 0.370846 0.036248
4.227500 0.326361 0.025553
4.232500 0.343180 0.028915
4.237500 0.349240 0.021592
4.242500 0.292143 0.005660
4.247500 0.325767 0.012962
4.252500 0.395381 0.006726
4.257500 0.383395 0.018010
4.262500 0.380146 0.024050
4.267500 0.362879 0.011567
4.272500 0.283917 0.050365
4.277500 0.245778 0.021604
4.282500 0.267404 0.008366
4.287500 0.323104 0.004752
4.292500 0.415818 0.018619
4.297500 0.550451 0.041540
4.302500 0.658480 0.012022
4.307500 0.775169 0.043655
4.312500 0.836615 0.023244
4.317500 0.817977 0.025349
4.322500 0.772773 0.064318
4.327500 0.795404 0.030407
4.332500 0.724569 0.060558
4.337500 0.781548 0.045638
4.342500 0.853509 0.024945
4.347500 0.827076 0.028072
4.352500 0.918419 0.013472
4.357500 0.815839 0.031457
4.362500 0.807750 0.034980
4.367500 0.797140 0.022119
4.372500 0.639224 0.079931
4.377500 0.544400 0.047020
4.382500 0.468779 0.023757
4.387500 0.464736 0.029054
4.392500 0.498026 0.032104
4.397500 0.608705 0.050769
4.402500 0.641984 0.052074
4.407500 0.604535 0.027212
4.412500 0.567425 0.009731
4.417500 0.602486 0.024693
4.422500 0.628973 0.038211
4.427500 0.625167 0.052715
4.432500 0.620196 0.047610
4.437500 0.665717 0.024980
4.442500 0.672217 0.018336
4.447500 0.557429 0.010965
4.452500 0.516710 0.008889
4.457500 0.614881 0.025259
4.462500 0.647267 0.015163
4.467500 0.651057 0.018409
4.472500 0.682692 0.022034
4.477500 0.636091 0.022218
4.482500 0.639420 0.021757
4.487500 0.605830 0.055654
4.492500 0.646235 0.076630
4.497500 0.710444 0.088180
4.502500 0.666455 0.068821
4.507500 0.668174 0.030245
4.512500 0.827247 0.068818
4.517500 0.809455 0.030568
4.522500 0.620083 0.080146
4.527500 0.648569 0.061444
4.532500 0.740203 0.006223
4.537500 0.766977 0.044009
4.542500 0.733023 0.009230
4.547500 0.752800 0.046297
4.552500 0.740665 0.046248
4.557500 0.708489 0.025865
4.562500 0.620386 0.041716
4.567500 0.588096 0.052731
4.572500 0.615493 0.045282
4.577500 0.681755 0.076223
4.582500 0.677592 0.056558
4.587500 0.662212 0.016629
4.592500 0.690252 0.009227
4.597500 0.587429 0.011303
4.602500 0.564925 0.059430
4.607500 0.687221 0.031790
4.612500 0.507761 0.040381
4.617500 0.476909 0.042995
4.622500 0.577373 0.011181
4.627500 0.578452 0.027268
4.632500 0.632634 0.017961
4.637500 0.571058 0.037529
4.642500 0.561140 0.050762
4.647500 0.607765 0.040347
4.652500 0.587007 0.046670
4.657500 0.550960 0.006690
4.662500 0.504734 0.027333
4.667500 0.455398 0.024642
4.672500 0.380264 0.040596
4.677500 0.290169 0.050726
4.682500 0.262821 0.010233
4.687500 0.300315 0.032496
4.692500 0.376229 0.023799
4.697500 0.436297 0.044135
4.702500 0.477524 0.010392
4.707500 0.470258 0.020935
4.712500 0.532620 0.019370
4.717500 0.606280 0.019463
4.722500 0.570589 0.015485
4.727500 0.571087 0.041576
4.732500 0.628505 0.056803
4.737500 0.632593 0.024726
4.742500 0.594166 0.025971
4.747500 0.634529 0.068204
4.752500 0.748889 0.017480
4.757500 0.630597 0.074648
4.762500 0.517520 0.052719
4.767500 0.637434 0.088634
4.772500 0.632748 0.090848
4.777500 0.687568 0.023664
4.782500 0.623088 0.015655
4.787500 0.680036 0.043435
4.792500 0.645371 0.022784
4.797500 0.724902 0.076714
4.802500 0.715210 0.068392
4.807500 0.656778 0.096594
4.812500 0.691918 0.034975
4.817500 0.694475 0.059148
4.822500 0.638097 0.041907
4.827500 0.658800 0.121084
4.832500 0.604121 0.072294
4.837500 0.740215 0.097543
4.842500 0.681103 0.038011
4.847500 0.595193 0.021868
4.852500 0.697547 0.067151
4.857500 0.896015 0.169848
4.862500 0.798107 0.100978
4.867500 0.669096 0.124473
4.872500 0.639385 0.066934
4.877500 0.699946 0.050396
4.882500 0.574149 0.032505
4.887500 0.491242 0.016510
4.892500 0.607739 0.063903
4.897500 0.562625 0.038127
4.902500 0.647072 0.011607
4.907500 0.662582 0.093020
4.912500 0.673921 0.147517
4.917500 0.736648 0.031209
4.922500 0.700046 0.029206
4.927500 0.602020 0.025045
4.932500 0.637718 0.038845
4.937500 0.722653 0.025848
4.942500 0.773418 0.025047
4.947500 0.729339 0.051584
4.952500 0.684783 0.046161
4.957500 0.625383 0.003251
4.962500 0.621837 0.026514
4.967500 0.676299 0.081411
4.972500 0.787942 0.088134
4.977500 0.781232 0.069730
4.982500 0.654242 0.091621
4.987500 0.899851 0.085358
4.992500 0.895717 0.096391
4.997500 0.850435 0.097116
5.002500 0.874223 0.047421
5.007500 0.767955 0.089780
5.012500 0.819620 0.078138
5.017500 0.831416 0.119146
5.022500 0.831196 0.105114
5.027500 0.575737 0.067852
5.032500 0.531703 0.086046
5.037500 0.729454 0.046999
5.042500 0.766928 0.004838
5.047500 0.689485 0.023671
5.052500 0.684614 0.058926
5.057500 0.602217 0.025169
5.062500 0.680355 0.085358
5.067500 0.822572 0.063595
5.072500 0.699381 0.048246
5.077500 0.771989 0.026985
5.082500 0.751447 0.111688
5.087500 0.574858 0.016714
5.092500 0.473361 0.056649
5.097500 0.687050 0.041247
