# DATE = 2025-03-12
# PIPE_VER = 1.17.1
# PMAP = jwst_1322.pmap
# STANDARD_STAR = SNAP-2
# 
# Wavelength (microns), arbitrary reflectance, uncertainty
0.702500 0.770743 0.011350
0.707500 0.760314 0.004837
0.712500 0.789634 0.016138
0.717500 0.776161 0.008415
0.722500 0.793577 0.010673
0.727500 0.781390 0.008479
0.732500 0.785743 0.005744
0.737500 0.796777 0.008555
0.742500 0.792254 0.011324
0.747500 0.794917 0.007268
0.752500 0.812934 0.005467
0.757500 0.819984 0.004042
0.762500 0.836414 0.005832
0.767500 0.845602 0.007268
0.772500 0.845882 0.006371
0.777500 0.847332 0.009774
0.782500 0.847637 0.006647
0.787500 0.867562 0.009082
0.792500 0.853699 0.007006
0.797500 0.872376 0.006084
0.802500 0.872394 0.004369
0.807500 0.865423 0.009528
0.812500 0.877689 0.005615
0.817500 0.876049 0.005398
0.822500 0.886622 0.008757
0.827500 0.894139 0.005820
0.832500 0.891283 0.004532
0.837500 0.899143 0.005553
0.842500 0.884940 0.005533
0.847500 0.895451 0.007534
0.852500 0.905585 0.006952
0.857500 0.910029 0.004801
0.862500 0.914411 0.006112
0.867500 0.914869 0.004806
0.872500 0.921075 0.005469
0.877500 0.923107 0.005580
0.882500 0.921646 0.004026
0.887500 0.926031 0.006478
0.892500 0.932907 0.007986
0.897500 0.929572 0.005936
0.902500 0.927766 0.006976
0.907500 0.936870 0.005231
0.912500 0.945392 0.005957
0.917500 0.944940 0.006745
0.922500 0.946345 0.006766
0.927500 0.949173 0.006717
0.932500 0.956009 0.007567
0.937500 0.962631 0.007762
0.942500 0.958364 0.004732
0.947500 0.960089 0.004388
0.952500 0.961034 0.007022
0.957500 0.966735 0.008232
0.962500 0.970361 0.007436
0.967500 0.979584 0.006114
0.972500 0.982468 0.004928
0.977500 0.979713 0.004078
0.982500 0.982500 0.005261
0.987500 0.991772 0.011735
0.992500 0.993825 0.011528
0.997500 0.993898 0.010835
1.002500 0.997228 0.011089
1.007500 1.001568 0.012375
1.012500 1.015935 0.007744
1.017500 1.005735 0.009733
1.022500 1.009910 0.011349
1.027500 1.013291 0.012869
1.032500 1.013929 0.008777
1.037500 1.010098 0.011263
1.042500 1.010044 0.008799
1.047500 1.011410 0.006787
1.052500 1.019034 0.004952
1.057500 1.016348 0.004960
1.062500 1.021223 0.005394
1.067500 1.018185 0.009290
1.072500 1.022715 0.006245
1.077500 1.016872 0.005180
1.082500 1.012451 0.010096
1.087500 1.015860 0.011092
1.092500 1.017185 0.007525
1.097500 1.015532 0.005715
1.102500 1.012915 0.004771
1.107500 1.018677 0.008539
1.112500 1.016091 0.006445
1.117500 1.030947 0.005077
1.122500 1.039484 0.005940
1.127500 1.032420 0.005538
1.132500 1.039896 0.005441
1.137500 1.037616 0.007693
1.142500 1.039771 0.008579
1.147500 1.044296 0.006478
1.152500 1.046300 0.005088
1.157500 1.042008 0.004939
1.162500 1.050429 0.006130
1.167500 1.051220 0.005514
1.172500 1.056241 0.005474
1.177500 1.057946 0.005522
1.182500 1.059622 0.009986
1.187500 1.053077 0.012167
1.192500 1.045116 0.012087
1.197500 1.046527 0.007686
1.202500 1.051515 0.010067
1.207500 1.054869 0.012133
1.212500 1.064903 0.008730
1.217500 1.061624 0.009122
1.222500 1.052110 0.006408
1.227500 1.052041 0.009905
1.232500 1.059005 0.012289
1.237500 1.059876 0.014650
1.242500 1.061244 0.015245
1.247500 1.061469 0.008546
1.252500 1.066274 0.011229
1.257500 1.071679 0.009831
1.262500 1.061764 0.011681
1.267500 1.058382 0.010908
1.272500 1.057160 0.009449
1.277500 1.067896 0.016193
1.282500 1.063323 0.011813
1.287500 1.056794 0.006638
1.292500 1.063360 0.007309
1.297500 1.061666 0.006822
1.302500 1.058043 0.004573
1.307500 1.073153 0.005542
1.312500 1.071717 0.005581
1.317500 1.073039 0.010044
1.322500 1.071337 0.009447
1.327500 1.066339 0.007579
1.332500 1.068399 0.008861
1.337500 1.073396 0.008471
1.342500 1.065007 0.006256
1.347500 1.066254 0.006384
1.352500 1.068551 0.007010
1.357500 1.070807 0.006957
1.362500 1.071890 0.006334
1.367500 1.072235 0.005189
1.372500 1.075498 0.004950
1.377500 1.072796 0.005149
1.382500 1.070848 0.006738
1.387500 1.070174 0.007787
1.392500 1.068728 0.008238
1.397500 1.069303 0.008452
1.402500 1.067915 0.008121
1.407500 1.072065 0.005679
1.412500 1.075478 0.005779
1.417500 1.076418 0.005462
1.422500 1.073175 0.004790
1.427500 1.073641 0.004736
1.432500 1.073101 0.006310
1.437500 1.064642 0.008342
1.442500 1.066311 0.007591
1.447500 1.064151 0.008873
1.452500 1.071264 0.007583
1.457500 1.064436 0.008323
1.462500 1.064918 0.006434
1.467500 1.062816 0.007635
1.472500 1.066814 0.007457
1.477500 1.063417 0.006520
1.482500 1.058018 0.004775
1.487500 1.055526 0.005470
1.492500 1.052703 0.005487
1.497500 1.053325 0.004699
1.502500 1.056435 0.004534
1.507500 1.057783 0.005324
1.512500 1.055775 0.005306
1.517500 1.058081 0.007021
1.522500 1.050442 0.004980
1.527500 1.052910 0.003739
1.532500 1.052951 0.004346
1.537500 1.056329 0.005140
1.542500 1.056812 0.005875
1.547500 1.062437 0.005524
1.552500 1.067332 0.005584
1.557500 1.058717 0.006827
1.562500 1.051074 0.006346
1.567500 1.052186 0.010144
1.572500 1.059960 0.012817
1.577500 1.053746 0.014317
1.582500 1.044909 0.007740
1.587500 1.044235 0.003228
1.592500 1.044223 0.004491
1.597500 1.054259 0.006920
1.602500 1.057685 0.006730
1.607500 1.063603 0.005963
1.612500 1.063640 0.007929
1.617500 1.067066 0.007936
1.622500 1.073754 0.005937
1.627500 1.077857 0.005021
1.632500 1.078546 0.005960
1.637500 1.075932 0.004667
1.642500 1.075973 0.006352
1.647500 1.080483 0.006021
1.652500 1.082309 0.005725
1.657500 1.082054 0.005579
1.662500 1.074608 0.008285
1.667500 1.072135 0.004564
1.672500 1.078857 0.008926
1.677500 1.077037 0.006644
1.682500 1.081101 0.004427
1.687500 1.084625 0.007500
1.692500 1.093244 0.011107
1.697500 1.088062 0.009420
1.702500 1.076413 0.004912
1.707500 1.076483 0.007202
1.712500 1.080654 0.005180
1.717500 1.079287 0.004573
1.722500 1.081645 0.005349
1.727500 1.086192 0.005190
1.732500 1.088475 0.004853
1.737500 1.081430 0.006737
1.742500 1.070410 0.010768
1.747500 1.070431 0.006747
1.752500 1.070863 0.006843
1.757500 1.066530 0.005400
1.762500 1.072404 0.011801
1.767500 1.076986 0.013926
1.772500 1.071526 0.010995
1.777500 1.058100 0.006264
1.782500 1.064546 0.010631
1.787500 1.074227 0.008189
1.792500 1.072055 0.011332
1.797500 1.066678 0.013383
1.802500 1.066572 0.007641
1.807500 1.074234 0.004933
1.812500 1.075347 0.005236
1.817500 1.071698 0.004690
1.822500 1.065778 0.005631
1.827500 1.062945 0.005991
1.832500 1.063713 0.005352
1.837500 1.063865 0.004564
1.842500 1.067594 0.006053
1.847500 1.077955 0.004779
1.852500 1.072218 0.007936
1.857500 1.077089 0.007573
1.862500 1.092519 0.006440
1.867500 1.092733 0.005575
1.872500 1.089416 0.009330
1.877500 1.082402 0.007427
1.882500 1.075487 0.004442
1.887500 1.080404 0.006227
1.892500 1.084423 0.005360
1.897500 1.079075 0.012653
1.902500 1.079947 0.015395
1.907500 1.081342 0.015676
1.912500 1.080616 0.010587
1.917500 1.075499 0.007150
1.922500 1.078819 0.007781
1.927500 1.075800 0.004930
1.932500 1.059913 0.007931
1.937500 1.059905 0.008128
1.942500 1.054614 0.011082
1.947500 1.047179 0.010967
1.952500 1.041180 0.010891
1.957500 1.044893 0.007904
1.962500 1.044731 0.008903
1.967500 1.043909 0.008933
1.972500 1.032742 0.005218
1.977500 1.032355 0.004242
1.982500 1.033639 0.003787
1.987500 1.033569 0.004745
1.992500 1.034075 0.008269
1.997500 1.035408 0.009562
2.002500 1.033990 0.005674
2.007500 1.033972 0.009851
2.012500 1.030741 0.013881
2.017500 1.026242 0.009512
2.022500 1.020474 0.005438
2.027500 1.026600 0.004415
2.032500 1.026428 0.005312
2.037500 1.031443 0.006562
2.042500 1.037431 0.005900
2.047500 1.042225 0.007839
2.052500 1.045829 0.007094
2.057500 1.052579 0.004759
2.062500 1.053333 0.006407
2.067500 1.061403 0.005671
2.072500 1.062111 0.005076
2.077500 1.054677 0.004740
2.082500 1.055162 0.004665
2.087500 1.052953 0.005974
2.092500 1.054428 0.004746
2.097500 1.060375 0.005896
2.102500 1.062306 0.006045
2.107500 1.062394 0.004493
2.112500 1.063289 0.005902
2.117500 1.045401 0.003725
2.122500 1.043027 0.004828
2.127500 1.051917 0.004243
2.132500 1.053125 0.004649
2.137500 1.059603 0.005228
2.142500 1.059714 0.006724
2.147500 1.052790 0.004579
2.152500 1.059191 0.003606
2.157500 1.060499 0.004659
2.162500 1.056936 0.004454
2.167500 1.065133 0.003741
2.172500 1.063021 0.012179
2.177500 1.058951 0.010138
2.182500 1.070325 0.006415
2.187500 1.074083 0.005588
2.192500 1.075318 0.010813
2.197500 1.080889 0.007287
2.202500 1.068873 0.007943
2.207500 1.062967 0.007680
2.212500 1.056030 0.004602
2.217500 1.063508 0.004861
2.222500 1.069472 0.007125
2.227500 1.065386 0.006770
2.232500 1.067095 0.006044
2.237500 1.063835 0.003589
2.242500 1.066982 0.003337
2.247500 1.064323 0.004753
2.252500 1.066622 0.007483
2.257500 1.060370 0.003014
2.262500 1.065796 0.003791
2.267500 1.063347 0.004907
2.272500 1.050300 0.004081
2.277500 1.050160 0.002413
2.282500 1.044361 0.007502
2.287500 1.047541 0.006646
2.292500 1.043450 0.007094
2.297500 1.047568 0.002852
2.302500 1.054920 0.004832
2.307500 1.053945 0.003819
2.312500 1.056622 0.004874
2.317500 1.052352 0.013912
2.322500 1.047683 0.011742
2.327500 1.050544 0.008463
2.332500 1.039431 0.003560
2.337500 1.044303 0.006717
2.342500 1.052926 0.007037
2.347500 1.066600 0.011054
2.352500 1.051959 0.005037
2.357500 1.056110 0.003239
2.362500 1.056627 0.005456
2.367500 1.052537 0.006389
2.372500 1.056875 0.006155
2.377500 1.056527 0.004495
2.382500 1.059290 0.011248
2.387500 1.060064 0.006563
2.392500 1.055152 0.003503
2.397500 1.052393 0.006286
2.402500 1.045631 0.003782
2.407500 1.047183 0.007842
2.412500 1.039989 0.002354
2.417500 1.042065 0.003146
2.422500 1.042385 0.001865
2.427500 1.038456 0.007316
2.432500 1.041817 0.007016
2.437500 1.037437 0.007469
2.442500 1.028175 0.008383
2.447500 1.015540 0.014174
2.452500 1.017578 0.004771
2.457500 1.019225 0.003970
2.462500 1.026422 0.007820
2.467500 1.026397 0.014081
2.472500 1.019143 0.007117
2.477500 1.017234 0.006621
2.482500 1.021596 0.002339
2.487500 1.021001 0.004410
2.492500 1.013160 0.002033
2.497500 1.014828 0.005372
2.502500 1.020212 0.006473
2.507500 1.024296 0.002411
2.512500 1.026228 0.003937
2.517500 1.023222 0.005517
2.522500 1.024808 0.007464
2.527500 1.022663 0.006044
2.532500 1.019601 0.008252
2.537500 1.017557 0.004251
2.542500 1.004335 0.003329
2.547500 1.003482 0.004767
2.552500 1.000144 0.002104
2.557500 1.008605 0.006200
2.562500 1.016734 0.010428
2.567500 1.009957 0.004248
2.572500 1.013507 0.004666
2.577500 1.016290 0.002391
2.582500 1.017967 0.004460
2.587500 1.007907 0.001449
2.592500 1.007436 0.003509
2.597500 1.005201 0.003029
2.602500 0.999424 0.002330
2.607500 1.000000 0.004848
2.612500 0.996108 0.002757
2.617500 0.985638 0.006089
2.622500 0.981249 0.008394
2.627500 0.984517 0.009544
2.632500 0.978483 0.004489
2.637500 0.969162 0.003584
2.642500 0.954975 0.006561
2.647500 0.943813 0.003477
2.652500 0.932146 0.007704
2.657500 0.909621 0.002597
2.662500 0.873599 0.003603
2.667500 0.845585 0.007074
2.672500 0.819787 0.010706
2.677500 0.753589 0.011705
2.682500 0.708018 0.008697
2.687500 0.662571 0.005355
2.692500 0.632611 0.003166
2.697500 0.609920 0.010595
2.702500 0.656955 0.020545
2.707500 0.700011 0.007919
2.712500 0.740647 0.008936
2.717500 0.757738 0.009738
2.722500 0.803924 0.004845
2.727500 0.798294 0.004719
2.732500 0.799718 0.006639
2.737500 0.777691 0.007463
2.742500 0.747973 0.011198
2.747500 0.719680 0.014015
2.752500 0.685545 0.010507
2.757500 0.666877 0.006701
2.762500 0.624862 0.017907
2.767500 0.599729 0.009919
2.772500 0.583533 0.003914
2.777500 0.581529 0.006237
2.782500 0.573081 0.001610
2.787500 0.572471 0.004358
2.792500 0.579380 0.006904
2.797500 0.577981 0.004538
2.802500 0.551961 0.010038
2.807500 0.537952 0.007812
2.812500 0.521736 0.003845
2.817500 0.492224 0.010560
2.822500 0.469490 0.002664
2.827500 0.454586 0.008911
2.832500 0.436021 0.007996
2.837500 0.410302 0.007422
2.842500 0.397487 0.006220
2.847500 0.375400 0.004163
2.852500 0.362601 0.009624
2.857500 0.344927 0.008431
2.862500 0.321117 0.007258
2.867500 0.307632 0.001950
2.872500 0.292181 0.002028
2.877500 0.280033 0.002017
2.882500 0.274625 0.003939
2.887500 0.262406 0.002861
2.892500 0.241832 0.004592
2.897500 0.241848 0.004413
2.902500 0.230769 0.002708
2.907500 0.224070 0.003084
2.912500 0.220045 0.004314
2.917500 0.206515 0.003646
2.922500 0.205969 0.003791
2.927500 0.202982 0.002762
2.932500 0.198402 0.002029
2.937500 0.192369 0.002107
2.942500 0.178464 0.004369
2.947500 0.174250 0.005948
2.952500 0.174884 0.005522
2.957500 0.173427 0.004109
2.962500 0.170492 0.002389
2.967500 0.169792 0.005773
2.972500 0.168226 0.009958
2.977500 0.166315 0.010966
2.982500 0.164866 0.007792
2.987500 0.165449 0.007239
2.992500 0.165274 0.006147
2.997500 0.159810 0.006207
3.002500 0.159218 0.006466
3.007500 0.157879 0.007047
3.012500 0.165558 0.001940
3.017500 0.162484 0.001707
3.022500 0.152920 0.001279
3.027500 0.151843 0.002888
3.032500 0.149124 0.006944
3.037500 0.144688 0.008004
3.042500 0.143727 0.005399
3.047500 0.145719 0.003463
3.052500 0.151921 0.006205
3.057500 0.154663 0.006514
3.062500 0.152880 0.001941
3.067500 0.147145 0.004398
3.072500 0.142934 0.004783
3.077500 0.143792 0.004511
3.082500 0.152496 0.007467
3.087500 0.153707 0.010755
3.092500 0.155898 0.008836
3.097500 0.144448 0.003558
3.102500 0.147166 0.008045
3.107500 0.156315 0.004560
3.112500 0.158449 0.004489
3.117500 0.164023 0.004459
3.122500 0.165303 0.006541
3.127500 0.169667 0.011712
3.132500 0.175477 0.006802
3.137500 0.170382 0.007533
3.142500 0.171946 0.007309
3.147500 0.168370 0.005721
3.152500 0.184086 0.008604
3.157500 0.184890 0.007784
3.162500 0.183569 0.010261
3.167500 0.181397 0.010086
3.172500 0.191785 0.005622
3.177500 0.196127 0.002276
3.182500 0.195062 0.003966
3.187500 0.189433 0.007669
3.192500 0.195435 0.001606
3.197500 0.201356 0.003259
3.202500 0.211176 0.003976
3.207500 0.212074 0.006146
3.212500 0.221945 0.005616
3.217500 0.228307 0.004876
3.222500 0.230865 0.005836
3.227500 0.245726 0.010631
3.232500 0.250564 0.009766
3.237500 0.268867 0.012320
3.242500 0.283425 0.003663
3.247500 0.288820 0.001257
3.252500 0.290438 0.003946
3.257500 0.299636 0.001188
3.262500 0.314956 0.001903
3.267500 0.328630 0.000749
3.272500 0.346762 0.001752
3.277500 0.367599 0.002577
3.282500 0.373964 0.003309
3.287500 0.377109 0.002021
3.292500 0.385526 0.006274
3.297500 0.397121 0.007640
3.302500 0.408058 0.007094
3.307500 0.416631 0.006307
3.312500 0.428839 0.004435
3.317500 0.430223 0.002290
3.322500 0.434880 0.007869
3.327500 0.439347 0.006951
3.332500 0.459558 0.005641
3.337500 0.457338 0.003233
3.342500 0.459975 0.004666
3.347500 0.448103 0.005254
3.352500 0.448137 0.008288
3.357500 0.435410 0.008257
3.362500 0.430411 0.008745
3.367500 0.414188 0.002732
3.372500 0.432464 0.014354
3.377500 0.436619 0.015495
3.382500 0.430245 0.006517
3.387500 0.432563 0.003697
3.392500 0.457613 0.004245
3.397500 0.461389 0.008522
3.402500 0.452919 0.005440
3.407500 0.458013 0.007173
3.412500 0.455863 0.007974
3.417500 0.467990 0.002595
3.422500 0.473588 0.008257
3.427500 0.486960 0.009002
3.432500 0.483672 0.004337
3.437500 0.488595 0.005299
3.442500 0.489195 0.005289
3.447500 0.500157 0.005375
3.452500 0.522913 0.004948
3.457500 0.519352 0.003999
3.462500 0.505414 0.005824
3.467500 0.499965 0.001647
3.472500 0.500359 0.005737
3.477500 0.494924 0.001198
3.482500 0.508471 0.003759
3.487500 0.511457 0.002400
3.492500 0.528957 0.014265
3.497500 0.549333 0.002702
3.502500 0.542943 0.007786
3.507500 0.548779 0.006754
3.512500 0.557179 0.006075
3.517500 0.564307 0.005906
3.522500 0.566309 0.006981
3.527500 0.565197 0.004218
3.532500 0.569157 0.008781
3.537500 0.569944 0.009413
3.542500 0.571162 0.008516
3.547500 0.578391 0.009296
3.552500 0.586809 0.008250
3.557500 0.594757 0.013829
3.562500 0.623462 0.011323
3.567500 0.630233 0.009756
3.572500 0.626773 0.004372
3.577500 0.639142 0.008450
3.582500 0.633496 0.016003
3.587500 0.611026 0.007978
3.592500 0.617738 0.006970
3.597500 0.645169 0.014542
3.602500 0.656769 0.013316
3.607500 0.658700 0.004771
3.612500 0.663318 0.013639
3.617500 0.646765 0.008260
3.622500 0.651347 0.006236
3.627500 0.669122 0.005791
3.632500 0.687371 0.009284
3.637500 0.689031 0.003186
3.642500 0.669738 0.009706
3.647500 0.672096 0.010080
3.652500 0.685826 0.002838
3.657500 0.688651 0.006368
3.662500 0.685930 0.015428
3.667500 0.676860 0.014648
3.672500 0.675998 0.008967
3.677500 0.681279 0.004084
3.682500 0.665617 0.001556
3.687500 0.650020 0.014580
3.692500 0.653850 0.014988
3.697500 0.681734 0.010115
3.702500 0.694264 0.009500
3.707500 0.723039 0.006914
3.712500 0.720002 0.003628
3.717500 0.698571 0.002390
3.722500 0.683255 0.005857
3.727500 0.665590 0.013546
3.732500 0.660643 0.006721
3.737500 0.667409 0.004995
3.742500 0.656434 0.019544
3.747500 0.664705 0.017773
3.752500 0.665537 0.011981
3.757500 0.649794 0.009942
3.762500 0.655457 0.007895
3.767500 0.658950 0.007167
3.772500 0.648605 0.002540
3.777500 0.660801 0.009963
3.782500 0.674032 0.003926
3.787500 0.645870 0.012284
3.792500 0.634063 0.016822
3.797500 0.663417 0.011106
3.802500 0.663289 0.012834
3.807500 0.643354 0.008152
3.812500 0.636159 0.009991
3.817500 0.628576 0.015314
3.822500 0.618455 0.016205
3.827500 0.635465 0.007054
3.832500 0.622863 0.015213
3.837500 0.638925 0.013684
3.842500 0.627888 0.001736
3.847500 0.600949 0.004721
3.852500 0.596700 0.018615
3.857500 0.606549 0.027077
3.862500 0.614264 0.008858
3.867500 0.609348 0.014256
3.872500 0.597890 0.008343
3.877500 0.590026 0.001429
3.882500 0.594598 0.002620
3.887500 0.605906 0.016089
3.892500 0.577991 0.001910
3.897500 0.578324 0.009060
3.902500 0.555224 0.006860
3.907500 0.574456 0.027719
3.912500 0.561383 0.020975
3.917500 0.555519 0.016649
3.922500 0.551153 0.017793
3.927500 0.547256 0.005150
3.932500 0.547578 0.007758
3.937500 0.545484 0.008607
3.942500 0.561001 0.014001
3.947500 0.561619 0.011364
3.952500 0.533586 0.009712
3.957500 0.531067 0.008432
3.962500 0.534019 0.005104
3.967500 0.543904 0.011449
3.972500 0.541069 0.004105
3.977500 0.537063 0.014921
3.982500 0.528517 0.002290
3.987500 0.525276 0.013919
3.992500 0.524381 0.010448
3.997500 0.502211 0.014241
4.002500 0.519206 0.006466
4.007500 0.524245 0.009048
4.012500 0.523703 0.003641
4.017500 0.505690 0.007073
4.022500 0.473448 0.001925
4.027500 0.474437 0.007610
4.032500 0.463469 0.012492
4.037500 0.449233 0.015540
4.042500 0.426418 0.022884
4.047500 0.397013 0.015608
4.052500 0.393456 0.011144
4.057500 0.394764 0.011566
4.062500 0.376308 0.010753
4.067500 0.352981 0.011075
4.072500 0.324965 0.018888
4.077500 0.354185 0.023056
4.082500 0.383253 0.005175
4.087500 0.368685 0.006399
4.092500 0.356893 0.021962
4.097500 0.366225 0.014268
4.102500 0.372224 0.003492
4.107500 0.363481 0.003477
4.112500 0.364458 0.025471
4.117500 0.384605 0.031346
4.122500 0.383800 0.011551
4.127500 0.365815 0.016430
4.132500 0.361196 0.015286
4.137500 0.394663 0.019675
4.142500 0.410583 0.015833
4.147500 0.389459 0.018628
4.152500 0.402319 0.022148
4.157500 0.445695 0.013668
4.162500 0.469536 0.018068
4.167500 0.518782 0.009898
4.172500 0.553125 0.016690
4.177500 0.592012 0.011534
4.182500 0.692239 0.012305
4.187500 0.810956 0.013549
4.192500 0.860195 0.020831
4.197500 0.938789 0.024530
4.202500 0.816282 0.045202
4.207500 0.775446 0.006594
4.212500 0.686873 0.007413
4.217500 0.506590 0.006081
4.222500 0.449524 0.009492
4.227500 0.380888 0.016753
4.232500 0.395855 0.002918
4.237500 0.411324 0.009003
4.242500 0.425666 0.026347
4.247500 0.451423 0.049515
4.252500 0.453261 0.044066
4.257500 0.438323 0.031163
4.262500 0.445128 0.018969
4.267500 0.429327 0.023883
4.272500 0.358806 0.011375
4.277500 0.347643 0.018876
4.282500 0.338420 0.019997
4.287500 0.396363 0.018428
4.292500 0.494677 0.003123
4.297500 0.620198 0.008013
4.302500 0.760774 0.017150
4.307500 0.902136 0.004694
4.312500 0.994683 0.022561
4.317500 1.071266 0.010152
4.322500 1.049126 0.030536
4.327500 1.090774 0.021907
4.332500 1.093702 0.024963
4.337500 1.053660 0.008439
4.342500 1.044401 0.001946
4.347500 1.016939 0.011031
4.352500 0.987769 0.006131
4.357500 0.892374 0.007076
4.362500 0.867490 0.019966
4.367500 0.843292 0.053028
4.372500 0.729485 0.023390
4.377500 0.600723 0.018918
4.382500 0.501411 0.028793
4.387500 0.553138 0.007542
4.392500 0.597533 0.022959
4.397500 0.720944 0.030151
4.402500 0.768711 0.028228
4.407500 0.743565 0.006064
4.412500 0.779298 0.017801
4.417500 0.795641 0.005866
4.422500 0.801866 0.015741
4.427500 0.786564 0.020135
4.432500 0.800273 0.011634
4.437500 0.780815 0.010953
4.442500 0.785736 0.020487
4.447500 0.823319 0.018083
4.452500 0.793952 0.009266
4.457500 0.750241 0.035087
4.462500 0.797022 0.033896
4.467500 0.796692 0.021344
4.472500 0.797508 0.020703
4.477500 0.773358 0.004936
4.482500 0.776875 0.023107
4.487500 0.805305 0.016819
4.492500 0.822415 0.027675
4.497500 0.840823 0.019238
4.502500 0.845028 0.007901
4.507500 0.833051 0.010876
4.512500 0.840151 0.018267
4.517500 0.821941 0.031003
4.522500 0.810901 0.029845
4.527500 0.810915 0.009537
4.532500 0.774885 0.014315
4.537500 0.812286 0.006650
4.542500 0.814333 0.009733
4.547500 0.810096 0.022002
4.552500 0.797651 0.011757
4.557500 0.795518 0.009397
4.562500 0.802223 0.026199
4.567500 0.777648 0.003672
4.572500 0.776133 0.028987
4.577500 0.781801 0.028461
4.582500 0.796085 0.019564
4.587500 0.795660 0.005353
4.592500 0.724995 0.008224
4.597500 0.724413 0.007477
4.602500 0.720645 0.022397
4.607500 0.756274 0.021161
4.612500 0.742689 0.025525
4.617500 0.711605 0.008146
4.622500 0.679150 0.009027
4.627500 0.700439 0.013360
4.632500 0.720101 0.011279
4.637500 0.743187 0.007900
4.642500 0.766533 0.018684
4.647500 0.783450 0.013793
4.652500 0.717339 0.022377
4.657500 0.692227 0.006808
4.662500 0.581968 0.024678
4.667500 0.492988 0.006171
4.672500 0.466378 0.010801
4.677500 0.456786 0.008698
4.682500 0.474537 0.007709
4.687500 0.479880 0.022800
4.692500 0.520049 0.014795
4.697500 0.571786 0.015941
4.702500 0.702983 0.063076
4.707500 0.706383 0.031395
4.712500 0.710353 0.016980
4.717500 0.749894 0.013162
4.722500 0.755492 0.014690
4.727500 0.746557 0.007409
4.732500 0.759464 0.011013
4.737500 0.799104 0.041776
4.742500 0.806442 0.049354
4.747500 0.807853 0.041279
4.752500 0.852661 0.011845
4.757500 0.889354 0.003471
4.762500 0.862246 0.026954
4.767500 0.832028 0.020913
4.772500 0.831738 0.010849
4.777500 0.810649 0.020523
4.782500 0.827989 0.052889
4.787500 0.836173 0.043995
4.792500 0.868760 0.039512
4.797500 0.860067 0.037562
4.802500 0.839252 0.017231
4.807500 0.852730 0.024597
4.812500 0.826264 0.019191
4.817500 0.766971 0.038001
4.822500 0.799854 0.030245
4.827500 0.851345 0.024720
4.832500 0.867714 0.017186
4.837500 0.874691 0.019492
4.842500 0.854055 0.007687
4.847500 0.837748 0.021350
4.852500 0.835642 0.033832
4.857500 0.758607 0.005805
4.862500 0.760024 0.022255
4.867500 0.797084 0.036022
4.872500 0.801138 0.056909
4.877500 0.813550 0.029585
4.882500 0.839925 0.053591
4.887500 0.782669 0.038701
4.892500 0.790593 0.022433
4.897500 0.822812 0.041253
4.902500 0.791279 0.040054
4.907500 0.839927 0.051589
4.912500 0.882552 0.071168
4.917500 0.877555 0.026691
4.922500 0.871236 0.009740
4.927500 0.845120 0.015923
4.932500 0.823819 0.027472
4.937500 0.858019 0.009039
4.942500 0.917171 0.021605
4.947500 0.922272 0.035246
4.952500 0.886077 0.045901
4.957500 0.787442 0.044099
4.962500 0.801126 0.010306
4.967500 0.853796 0.019241
4.972500 0.837146 0.016394
4.977500 0.861310 0.010659
4.982500 0.854027 0.008491
4.987500 0.824255 0.041012
4.992500 0.807795 0.021615
4.997500 0.830551 0.045283
5.002500 0.855700 0.019553
5.007500 0.843035 0.026997
5.012500 0.822096 0.027341
5.017500 0.804107 0.015594
5.022500 0.897587 0.024240
5.027500 0.900783 0.051384
5.032500 0.829851 0.075557
5.037500 0.859122 0.024222
5.042500 0.827480 0.016765
5.047500 0.795867 0.021158
5.052500 0.826191 0.042933
5.057500 0.807994 0.040734
5.062500 0.760940 0.027207
5.067500 0.828693 0.011684
5.072500 0.823255 0.007738
5.077500 0.766155 0.017808
5.082500 0.789618 0.009585
5.087500 0.845719 0.019280
5.092500 0.833403 0.025681
5.097500 0.822783 0.025600
