# DATE = 2025-03-12
# PIPE_VER = 1.17.1
# PMAP = jwst_1322.pmap
# STANDARD_STAR = SNAP-2
# 
# Wavelength (microns), arbitrary reflectance, uncertainty
0.702500 0.518625 0.032431
0.707500 0.516206 0.037692
0.712500 0.500601 0.038328
0.717500 0.489780 0.037779
0.722500 0.514558 0.035951
0.727500 0.509830 0.040763
0.732500 0.505096 0.045225
0.737500 0.517563 0.045332
0.742500 0.511741 0.043008
0.747500 0.519062 0.034576
0.752500 0.524409 0.033791
0.757500 0.528422 0.033785
0.762500 0.526748 0.041627
0.767500 0.527092 0.044052
0.772500 0.533065 0.044917
0.777500 0.532984 0.043500
0.782500 0.538205 0.042241
0.787500 0.528178 0.039315
0.792500 0.520690 0.042702
0.797500 0.532705 0.044298
0.802500 0.546888 0.043441
0.807500 0.556175 0.044701
0.812500 0.566569 0.047000
0.817500 0.558719 0.046286
0.822500 0.556513 0.043360
0.827500 0.563541 0.045111
0.832500 0.562508 0.043040
0.837500 0.562914 0.036430
0.842500 0.562894 0.035178
0.847500 0.565292 0.037214
0.852500 0.564271 0.036526
0.857500 0.568224 0.038413
0.862500 0.573774 0.041407
0.867500 0.583789 0.038161
0.872500 0.597524 0.041326
0.877500 0.599077 0.042295
0.882500 0.592936 0.039186
0.887500 0.591390 0.038022
0.892500 0.596755 0.035477
0.897500 0.593622 0.037503
0.902500 0.597892 0.037728
0.907500 0.599743 0.037441
0.912500 0.607785 0.039425
0.917500 0.613121 0.044331
0.922500 0.618616 0.045452
0.927500 0.624297 0.041435
0.932500 0.628651 0.048458
0.937500 0.623715 0.044037
0.942500 0.621759 0.040502
0.947500 0.626847 0.039262
0.952500 0.629699 0.037832
0.957500 0.630162 0.036025
0.962500 0.634065 0.037356
0.967500 0.640905 0.040266
0.972500 0.647801 0.043555
0.977500 0.645656 0.042443
0.982500 0.648575 0.040387
0.987500 0.649719 0.039839
0.992500 0.651399 0.037273
0.997500 0.654875 0.039131
1.002500 0.664021 0.039121
1.007500 0.668620 0.038348
1.012500 0.668675 0.035452
1.017500 0.669347 0.037943
1.022500 0.678611 0.039734
1.027500 0.676847 0.037466
1.032500 0.684614 0.037715
1.037500 0.687708 0.037431
1.042500 0.685166 0.035279
1.047500 0.686839 0.035015
1.052500 0.689330 0.035186
1.057500 0.693295 0.035527
1.062500 0.699412 0.034844
1.067500 0.693383 0.030524
1.072500 0.693379 0.030469
1.077500 0.688204 0.030009
1.082500 0.694056 0.030622
1.087500 0.700218 0.031355
1.092500 0.706328 0.030716
1.097500 0.715108 0.036108
1.102500 0.719561 0.037645
1.107500 0.719865 0.037009
1.112500 0.719309 0.034312
1.117500 0.718814 0.029438
1.122500 0.723956 0.028375
1.127500 0.734531 0.031013
1.132500 0.741245 0.035728
1.137500 0.741132 0.037855
1.142500 0.746453 0.039665
1.147500 0.749586 0.038607
1.152500 0.754303 0.038388
1.157500 0.760837 0.034257
1.162500 0.759612 0.034925
1.167500 0.756800 0.035817
1.172500 0.751917 0.032803
1.177500 0.757771 0.034258
1.182500 0.766722 0.032714
1.187500 0.766787 0.031741
1.192500 0.769462 0.032853
1.197500 0.768237 0.031904
1.202500 0.769742 0.033941
1.207500 0.777520 0.034169
1.212500 0.785650 0.034775
1.217500 0.789612 0.034476
1.222500 0.784540 0.031855
1.227500 0.790649 0.032204
1.232500 0.794733 0.029965
1.237500 0.796267 0.034605
1.242500 0.789339 0.031669
1.247500 0.789905 0.029596
1.252500 0.789503 0.033309
1.257500 0.796227 0.029776
1.262500 0.803842 0.035104
1.267500 0.810079 0.038483
1.272500 0.807476 0.034667
1.277500 0.810570 0.030522
1.282500 0.808269 0.027726
1.287500 0.808149 0.023807
1.292500 0.813639 0.022256
1.297500 0.817978 0.018857
1.302500 0.826391 0.024284
1.307500 0.829113 0.027009
1.312500 0.830181 0.029113
1.317500 0.834917 0.035939
1.322500 0.839035 0.032269
1.327500 0.839865 0.033664
1.332500 0.841708 0.032486
1.337500 0.849325 0.029712
1.342500 0.851264 0.030564
1.347500 0.850806 0.032810
1.352500 0.853081 0.032625
1.357500 0.858550 0.024941
1.362500 0.857687 0.031573
1.367500 0.859436 0.035064
1.372500 0.865187 0.033422
1.377500 0.864805 0.032501
1.382500 0.868593 0.028984
1.387500 0.868506 0.030490
1.392500 0.865119 0.031037
1.397500 0.867259 0.030685
1.402500 0.865844 0.030624
1.407500 0.865498 0.031085
1.412500 0.876089 0.035801
1.417500 0.884750 0.027195
1.422500 0.885611 0.025420
1.427500 0.888305 0.027011
1.432500 0.886025 0.024262
1.437500 0.877184 0.029055
1.442500 0.878485 0.029124
1.447500 0.883885 0.027833
1.452500 0.886953 0.031592
1.457500 0.888684 0.039303
1.462500 0.891462 0.038850
1.467500 0.892247 0.040113
1.472500 0.890996 0.040030
1.477500 0.892754 0.037314
1.482500 0.892716 0.034770
1.487500 0.896107 0.035200
1.492500 0.895263 0.035972
1.497500 0.893705 0.038330
1.502500 0.892157 0.042005
1.507500 0.895868 0.039903
1.512500 0.892259 0.035371
1.517500 0.884742 0.036915
1.522500 0.880765 0.036061
1.527500 0.887796 0.034139
1.532500 0.893814 0.035576
1.537500 0.901748 0.032661
1.542500 0.903188 0.029961
1.547500 0.909156 0.031189
1.552500 0.910905 0.029860
1.557500 0.909574 0.037280
1.562500 0.909774 0.034011
1.567500 0.908861 0.031901
1.572500 0.910074 0.033535
1.577500 0.909683 0.033360
1.582500 0.909551 0.034754
1.587500 0.915160 0.036767
1.592500 0.919955 0.033007
1.597500 0.927259 0.031704
1.602500 0.924535 0.030832
1.607500 0.930484 0.027694
1.612500 0.929109 0.027593
1.617500 0.932271 0.030896
1.622500 0.932473 0.030670
1.627500 0.931380 0.034075
1.632500 0.941283 0.038355
1.637500 0.941339 0.036754
1.642500 0.942905 0.039100
1.647500 0.950418 0.039852
1.652500 0.959261 0.031436
1.657500 0.954418 0.041991
1.662500 0.957157 0.041359
1.667500 0.969365 0.037876
1.672500 0.973028 0.033909
1.677500 0.976469 0.033980
1.682500 0.975853 0.034160
1.687500 0.988085 0.032717
1.692500 0.987841 0.033115
1.697500 0.986410 0.034360
1.702500 0.988587 0.036761
1.707500 0.998628 0.035710
1.712500 0.997940 0.029931
1.717500 0.998862 0.032852
1.722500 0.997246 0.033316
1.727500 0.998451 0.033085
1.732500 0.996888 0.033284
1.737500 0.993815 0.035782
1.742500 0.992949 0.036834
1.747500 0.988177 0.039612
1.752500 0.982761 0.044963
1.757500 0.986097 0.043365
1.762500 0.992246 0.043146
1.767500 0.995214 0.044560
1.772500 0.988449 0.046171
1.777500 0.990852 0.047060
1.782500 0.995487 0.046685
1.787500 0.998738 0.041472
1.792500 0.999405 0.035207
1.797500 1.003090 0.034520
1.802500 1.008262 0.034016
1.807500 1.015534 0.035584
1.812500 1.019001 0.034596
1.817500 1.020841 0.037725
1.822500 1.016320 0.044355
1.827500 1.012816 0.043245
1.832500 1.013943 0.043860
1.837500 1.015985 0.042744
1.842500 1.016523 0.041744
1.847500 1.017672 0.042554
1.852500 1.023851 0.039877
1.857500 1.023785 0.041823
1.862500 1.029039 0.040329
1.867500 1.030787 0.028614
1.872500 1.031355 0.030919
1.877500 1.034664 0.030644
1.882500 1.027266 0.035959
1.887500 1.031929 0.036132
1.892500 1.030269 0.041422
1.897500 1.023286 0.043248
1.902500 1.027299 0.035150
1.907500 1.025372 0.037436
1.912500 1.026987 0.039047
1.917500 1.032413 0.039201
1.922500 1.026190 0.044294
1.927500 1.028141 0.042146
1.932500 1.026237 0.036519
1.937500 1.020416 0.041667
1.942500 1.019253 0.035538
1.947500 1.022383 0.036932
1.952500 1.015126 0.041959
1.957500 1.001180 0.051861
1.962500 0.998078 0.061925
1.967500 1.001659 0.061136
1.972500 1.008244 0.059494
1.977500 1.008041 0.054341
1.982500 1.008303 0.048926
1.987500 1.004392 0.047801
1.992500 0.992331 0.052392
1.997500 0.990124 0.055125
2.002500 0.990498 0.055108
2.007500 0.990151 0.055239
2.012500 1.001538 0.049655
2.017500 1.003201 0.035830
2.022500 1.000019 0.036468
2.027500 0.998702 0.039915
2.032500 0.989967 0.044239
2.037500 0.987788 0.046068
2.042500 0.999381 0.049051
2.047500 1.019050 0.046532
2.052500 1.014670 0.042404
2.057500 1.022130 0.040487
2.062500 1.012801 0.042555
2.067500 1.009851 0.044707
2.072500 1.016136 0.054715
2.077500 1.012566 0.058940
2.082500 1.013857 0.055977
2.087500 1.014558 0.054267
2.092500 1.020871 0.055957
2.097500 1.036166 0.058664
2.102500 1.035468 0.055846
2.107500 1.037424 0.059957
2.112500 1.037197 0.060791
2.117500 1.039823 0.055016
2.122500 1.038820 0.052988
2.127500 1.043421 0.049187
2.132500 1.050357 0.049501
2.137500 1.047178 0.059693
2.142500 1.049501 0.052321
2.147500 1.052724 0.055484
2.152500 1.045554 0.066801
2.157500 1.051414 0.057634
2.162500 1.046998 0.059741
2.167500 1.054293 0.062302
2.172500 1.052974 0.065769
2.177500 1.054667 0.068497
2.182500 1.051834 0.068230
2.187500 1.059298 0.065114
2.192500 1.047652 0.068148
2.197500 1.062422 0.068397
2.202500 1.068540 0.066101
2.207500 1.061323 0.074811
2.212500 1.072889 0.072038
2.217500 1.082360 0.070922
2.222500 1.074137 0.069548
2.227500 1.067798 0.067136
2.232500 1.070872 0.066161
2.237500 1.072738 0.073320
2.242500 1.081527 0.067428
2.247500 1.079342 0.072196
2.252500 1.069803 0.068957
2.257500 1.069124 0.063438
2.262500 1.066472 0.060653
2.267500 1.067600 0.058033
2.272500 1.049838 0.066699
2.277500 1.047030 0.066313
2.282500 1.051381 0.066517
2.287500 1.062612 0.071423
2.292500 1.060063 0.068137
2.297500 1.072150 0.061212
2.302500 1.065800 0.060826
2.307500 1.060007 0.068249
2.312500 1.057770 0.076179
2.317500 1.048092 0.059322
2.322500 1.048974 0.056654
2.327500 1.053846 0.064442
2.332500 1.063361 0.061539
2.337500 1.057772 0.068838
2.342500 1.052812 0.069160
2.347500 1.053078 0.064342
2.352500 1.055690 0.063114
2.357500 1.057774 0.062029
2.362500 1.067311 0.057672
2.367500 1.065261 0.059642
2.372500 1.066907 0.067924
2.377500 1.068770 0.062721
2.382500 1.051691 0.058679
2.387500 1.046735 0.059048
2.392500 1.036378 0.054646
2.397500 1.038661 0.053202
2.402500 1.050392 0.057905
2.407500 1.057628 0.058624
2.412500 1.064537 0.059909
2.417500 1.058536 0.061233
2.422500 1.042554 0.066357
2.427500 1.040474 0.066549
2.432500 1.029652 0.058020
2.437500 1.017021 0.054013
2.442500 1.018359 0.056629
2.447500 1.012966 0.049513
2.452500 1.014848 0.050660
2.457500 1.023657 0.050570
2.462500 1.011415 0.049071
2.467500 1.009201 0.050096
2.472500 1.010719 0.049700
2.477500 1.029907 0.064258
2.482500 1.036650 0.062934
2.487500 1.036980 0.054556
2.492500 1.026852 0.056873
2.497500 1.011366 0.055263
2.502500 1.013117 0.054985
2.507500 1.007927 0.049756
2.512500 1.008290 0.046884
2.517500 1.018074 0.055012
2.522500 1.018854 0.051454
2.527500 1.020230 0.055475
2.532500 1.032854 0.057099
2.537500 1.021969 0.053156
2.542500 1.006271 0.046236
2.547500 1.008980 0.055880
2.552500 1.003673 0.052215
2.557500 1.008807 0.055908
2.562500 1.013767 0.057752
2.567500 1.018114 0.055246
2.572500 1.012408 0.055270
2.577500 1.018824 0.055292
2.582500 1.010003 0.058588
2.587500 0.999229 0.050809
2.592500 1.001225 0.055713
2.597500 0.998684 0.046444
2.602500 1.011574 0.048040
2.607500 1.000000 0.038513
2.612500 1.000647 0.036150
2.617500 0.978810 0.034876
2.622500 0.985834 0.037099
2.627500 0.988578 0.039588
2.632500 0.990229 0.039931
2.637500 0.999455 0.033952
2.642500 0.999616 0.031822
2.647500 0.990262 0.026086
2.652500 0.983701 0.027003
2.657500 0.980574 0.028734
2.662500 0.992976 0.050567
2.667500 0.990589 0.042216
2.672500 0.983128 0.044078
2.677500 0.960612 0.061439
2.682500 0.955526 0.037558
2.687500 0.957456 0.035526
2.692500 0.977758 0.068068
2.697500 0.975008 0.045222
2.702500 0.981489 0.045929
2.707500 0.964947 0.032008
2.712500 0.961655 0.034031
2.717500 0.960352 0.032173
2.722500 0.958627 0.032151
2.727500 0.968116 0.030642
2.732500 0.946688 0.015598
2.737500 0.933727 0.006481
2.742500 0.925649 0.005252
2.747500 0.911730 0.016883
2.752500 0.891988 0.006893
2.757500 0.890033 0.022484
2.762500 0.884606 0.012628
2.767500 0.873712 0.008858
2.772500 0.878426 0.017173
2.777500 0.856927 0.012769
2.782500 0.852929 0.017099
2.787500 0.841901 0.014006
2.792500 0.815344 0.006545
2.797500 0.814134 0.006982
2.802500 0.821727 0.014926
2.807500 0.797993 0.013468
2.812500 0.796524 0.020664
2.817500 0.784118 0.022848
2.822500 0.766169 0.013460
2.827500 0.770910 0.011429
2.832500 0.763661 0.018314
2.837500 0.763331 0.028306
2.842500 0.757641 0.021513
2.847500 0.748007 0.024909
2.852500 0.746156 0.030365
2.857500 0.736767 0.032407
2.862500 0.727848 0.021875
2.867500 0.731935 0.018957
2.872500 0.726471 0.020369
2.877500 0.725017 0.017288
2.882500 0.710601 0.024723
2.887500 0.711990 0.021768
2.892500 0.708823 0.026483
2.897500 0.713000 0.022757
2.902500 0.706547 0.026657
2.907500 0.687088 0.017846
2.912500 0.686526 0.027133
2.917500 0.680454 0.035025
2.922500 0.680916 0.029520
2.927500 0.661483 0.025408
2.932500 0.667187 0.025280
2.937500 0.655661 0.019387
2.942500 0.677926 0.022799
2.947500 0.676457 0.027439
2.952500 0.670502 0.031274
2.957500 0.663238 0.030379
2.962500 0.647884 0.014625
2.967500 0.646575 0.012584
2.972500 0.641240 0.015151
2.977500 0.650164 0.015427
2.982500 0.651725 0.014994
2.987500 0.640065 0.008844
2.992500 0.623113 0.009149
2.997500 0.611747 0.017035
3.002500 0.631430 0.024387
3.007500 0.643661 0.022570
3.012500 0.655760 0.017015
3.017500 0.653728 0.018886
3.022500 0.661019 0.025540
3.027500 0.637071 0.019302
3.032500 0.621331 0.012978
3.037500 0.629273 0.014454
3.042500 0.636471 0.006759
3.047500 0.636759 0.010314
3.052500 0.644360 0.016198
3.057500 0.648351 0.019618
3.062500 0.653287 0.008039
3.067500 0.670637 0.013038
3.072500 0.672673 0.009101
3.077500 0.677696 0.015384
3.082500 0.698592 0.020999
3.087500 0.718434 0.029846
3.092500 0.711796 0.020581
3.097500 0.694567 0.018268
3.102500 0.703048 0.010454
3.107500 0.729979 0.024298
3.112500 0.729276 0.025104
3.117500 0.708498 0.023220
3.122500 0.676974 0.020195
3.127500 0.674511 0.025496
3.132500 0.675724 0.016247
3.137500 0.674918 0.020006
3.142500 0.679319 0.031210
3.147500 0.674420 0.041356
3.152500 0.657047 0.041144
3.157500 0.620801 0.020637
3.162500 0.653092 0.030389
3.167500 0.649364 0.004176
3.172500 0.672547 0.019791
3.177500 0.660536 0.018464
3.182500 0.651276 0.031325
3.187500 0.642811 0.023531
3.192500 0.632578 0.030901
3.197500 0.636451 0.023484
3.202500 0.642834 0.020812
3.207500 0.666104 0.033793
3.212500 0.673339 0.034519
3.217500 0.669562 0.023919
3.222500 0.660631 0.018677
3.227500 0.670445 0.026181
3.232500 0.667513 0.037823
3.237500 0.662464 0.042737
3.242500 0.659196 0.025392
3.247500 0.683677 0.038054
3.252500 0.681191 0.024599
3.257500 0.710931 0.034731
3.262500 0.691529 0.015107
3.267500 0.712789 0.020843
3.272500 0.712490 0.027845
3.277500 0.731739 0.013398
3.282500 0.767699 0.030298
3.287500 0.744544 0.033878
3.292500 0.740940 0.040655
3.297500 0.750484 0.037335
3.302500 0.768491 0.022668
3.307500 0.786653 0.021297
3.312500 0.810699 0.028510
3.317500 0.807133 0.030510
3.322500 0.819707 0.037909
3.327500 0.820904 0.028452
3.332500 0.838311 0.022625
3.337500 0.868661 0.022433
3.342500 0.877235 0.022057
3.347500 0.874384 0.035337
3.352500 0.880014 0.039822
3.357500 0.892417 0.012826
3.362500 0.926336 0.012981
3.367500 0.932274 0.024830
3.372500 0.956793 0.025599
3.377500 0.945188 0.039779
3.382500 0.973136 0.040597
3.387500 1.003255 0.032436
3.392500 0.973261 0.014278
3.397500 1.002271 0.009347
3.402500 1.009992 0.025688
3.407500 1.009707 0.013695
3.412500 0.985782 0.006781
3.417500 0.975945 0.012826
3.422500 1.018534 0.012036
3.427500 1.030086 0.007820
3.432500 1.050592 0.018157
3.437500 1.054630 0.015972
3.442500 1.051944 0.015723
3.447500 1.075970 0.003369
3.452500 1.059398 0.022005
3.457500 1.032067 0.031175
3.462500 1.057512 0.003650
3.467500 1.076745 0.010648
3.472500 1.089528 0.007268
3.477500 1.078733 0.018814
3.482500 1.104309 0.003476
3.487500 1.099899 0.002546
3.492500 1.111078 0.019892
3.497500 1.135562 0.004778
3.502500 1.121076 0.009555
3.507500 1.103517 0.006511
3.512500 1.072555 0.011290
3.517500 1.096947 0.008073
3.522500 1.132949 0.001815
3.527500 1.144989 0.005568
3.532500 1.139985 0.015467
3.537500 1.132716 0.008423
3.542500 1.143729 0.010022
3.547500 1.146323 0.010396
3.552500 1.161357 0.011001
3.557500 1.156394 0.004020
3.562500 1.151577 0.005926
3.567500 1.144962 0.005996
3.572500 1.142120 0.005605
3.577500 1.152188 0.010167
3.582500 1.155707 0.007255
3.587500 1.135783 0.011554
3.592500 1.113520 0.010960
3.597500 1.138495 0.017439
3.602500 1.161132 0.019428
3.607500 1.198748 0.026456
3.612500 1.148539 0.029083
3.617500 1.143584 0.038588
3.622500 1.180911 0.017107
3.627500 1.198505 0.016768
3.632500 1.169169 0.028763
3.637500 1.169763 0.026490
3.642500 1.182294 0.018153
3.647500 1.178839 0.005242
3.652500 1.149124 0.008212
3.657500 1.119505 0.011713
3.662500 1.147092 0.007829
3.667500 1.148762 0.010153
3.672500 1.144263 0.007809
3.677500 1.136325 0.009162
3.682500 1.140307 0.024690
3.687500 1.173185 0.010472
3.692500 1.150987 0.016027
3.697500 1.116669 0.007752
3.702500 1.107923 0.007852
3.707500 1.136864 0.005115
3.712500 1.144402 0.015887
3.717500 1.105637 0.031233
3.722500 1.127672 0.040978
3.727500 1.176569 0.004344
3.732500 1.163001 0.008520
3.737500 1.157919 0.021439
3.742500 1.140992 0.041158
3.747500 1.127853 0.035543
3.752500 1.117679 0.017148
3.757500 1.118398 0.016008
3.762500 1.081193 0.035236
3.767500 1.071370 0.029435
3.772500 1.099281 0.020512
3.777500 1.129724 0.010269
3.782500 1.087674 0.024934
3.787500 1.083631 0.024704
3.792500 1.078614 0.027642
3.797500 1.081918 0.031588
3.802500 1.079229 0.017743
3.807500 1.079481 0.015148
3.812500 1.068565 0.027228
3.817500 1.061840 0.013678
3.822500 1.063036 0.018979
3.827500 1.057643 0.023814
3.832500 1.067650 0.016813
3.837500 1.066246 0.016285
3.842500 1.035583 0.020264
3.847500 1.031604 0.009962
3.852500 1.051307 0.020198
3.857500 1.076829 0.032863
3.862500 1.043397 0.050927
3.867500 1.014026 0.028377
3.872500 1.024214 0.017099
3.877500 1.027927 0.013254
3.882500 1.048349 0.013466
3.887500 1.024893 0.015605
3.892500 1.023528 0.019912
3.897500 1.016143 0.034328
3.902500 0.988042 0.030927
3.907500 0.977474 0.020572
3.912500 0.984240 0.010835
3.917500 1.014106 0.033197
3.922500 1.027390 0.015773
3.927500 1.036928 0.041235
3.932500 1.013172 0.019389
3.937500 0.998358 0.003976
3.942500 1.046505 0.022752
3.947500 1.029799 0.040962
3.952500 0.964784 0.054625
3.957500 0.963016 0.038301
3.962500 0.951841 0.039530
3.967500 0.959832 0.028926
3.972500 0.978538 0.054177
3.977500 0.968764 0.048920
3.982500 1.001162 0.036209
3.987500 0.992436 0.037402
3.992500 0.956745 0.034892
3.997500 0.987548 0.048186
4.002500 0.982852 0.056853
4.007500 0.970567 0.035598
4.012500 0.978848 0.023543
4.017500 0.964578 0.030163
4.022500 0.907884 0.003338
4.027500 0.921977 0.020181
4.032500 0.946937 0.024798
4.037500 0.963582 0.015820
4.042500 0.941902 0.020210
4.047500 0.949609 0.017779
4.052500 0.935573 0.036652
4.057500 0.921397 0.042325
4.062500 0.945083 0.028883
4.067500 0.942958 0.026810
4.072500 0.916073 0.025569
4.077500 0.918705 0.028664
4.082500 0.930827 0.021763
4.087500 0.920197 0.012160
4.092500 0.928860 0.017716
4.097500 0.905594 0.030773
4.102500 0.903310 0.030263
4.107500 0.970985 0.028699
4.112500 0.957592 0.039278
4.117500 0.947954 0.054516
4.122500 0.951376 0.036970
4.127500 0.947247 0.047450
4.132500 0.950627 0.039380
4.137500 0.894878 0.039971
4.142500 0.900829 0.019774
4.147500 0.913350 0.029431
4.152500 0.917877 0.028803
4.157500 0.922118 0.026481
4.162500 0.888915 0.008042
4.167500 0.899335 0.028674
4.172500 0.906079 0.035770
4.177500 0.925473 0.025849
4.182500 0.953936 0.044538
4.187500 0.930391 0.049629
4.192500 0.904064 0.028204
4.197500 0.901761 0.012238
4.202500 0.923306 0.011773
4.207500 0.925026 0.038988
4.212500 0.900434 0.047806
4.217500 0.918605 0.033605
4.222500 0.915727 0.022094
4.227500 0.858663 0.034886
4.232500 0.867956 0.032201
4.237500 0.907563 0.075846
4.242500 0.876657 0.067972
4.247500 0.837941 0.050355
4.252500 0.847898 0.017791
4.257500 0.814395 0.011242
4.262500 0.800149 0.034053
4.267500 0.803782 0.045914
4.272500 0.788931 0.023257
4.277500 0.784321 0.030431
4.282500 0.798258 0.012638
4.287500 0.842979 0.025075
4.292500 0.859184 0.045842
4.297500 0.863233 0.031773
4.302500 0.868447 0.012333
4.307500 0.888572 0.007517
4.312500 0.864202 0.012913
4.317500 0.904253 0.043772
4.322500 0.917250 0.048866
4.327500 0.881521 0.052242
4.332500 0.873275 0.042172
4.337500 0.935941 0.036667
4.342500 0.877418 0.038672
4.347500 0.886980 0.028390
4.352500 0.926532 0.017511
4.357500 0.915034 0.032890
4.362500 0.896493 0.055087
4.367500 0.921848 0.035661
4.372500 0.888329 0.009894
4.377500 0.878532 0.034130
4.382500 0.882394 0.055962
4.387500 0.856234 0.051717
4.392500 0.853701 0.057191
4.397500 0.879060 0.067606
4.402500 0.900542 0.064741
4.407500 0.902951 0.056544
4.412500 0.869640 0.057592
4.417500 0.792189 0.052926
4.422500 0.811182 0.029924
4.427500 0.821198 0.021936
4.432500 0.831197 0.003333
4.437500 0.842218 0.047292
4.442500 0.857244 0.059538
4.447500 0.860141 0.064451
4.452500 0.875337 0.060171
4.457500 0.859362 0.052608
4.462500 0.806206 0.025490
4.467500 0.881836 0.015316
4.472500 0.880904 0.018781
4.477500 0.851271 0.030997
4.482500 0.813853 0.037237
4.487500 0.825623 0.040666
4.492500 0.862583 0.052176
4.497500 0.899857 0.039443
4.502500 0.871098 0.058123
4.507500 0.893576 0.032432
4.512500 0.853431 0.023977
4.517500 0.810372 0.015855
4.522500 0.839858 0.031000
4.527500 0.843585 0.039674
4.532500 0.823957 0.006409
4.537500 0.826832 0.022299
4.542500 0.816633 0.036480
4.547500 0.788941 0.021024
4.552500 0.815112 0.008266
4.557500 0.851614 0.014171
4.562500 0.890011 0.053396
4.567500 0.843755 0.044480
4.572500 0.854670 0.058294
4.577500 0.885888 0.048400
4.582500 0.865995 0.053662
4.587500 0.814909 0.062047
4.592500 0.855686 0.086885
4.597500 0.855564 0.050748
4.602500 0.846314 0.030998
4.607500 0.863178 0.061870
4.612500 0.871525 0.046121
4.617500 0.855634 0.042149
4.622500 0.823849 0.055298
4.627500 0.893157 0.036068
4.632500 0.888838 0.018532
4.637500 0.864906 0.033462
4.642500 0.895824 0.064081
4.647500 0.861130 0.097475
4.652500 0.846470 0.074985
4.657500 0.856013 0.044901
4.662500 0.888123 0.054091
4.667500 0.879717 0.048488
4.672500 0.873442 0.065395
4.677500 0.849067 0.036649
4.682500 0.853919 0.040598
4.687500 0.971503 0.013850
4.692500 0.943986 0.023291
4.697500 0.873927 0.041775
4.702500 0.904111 0.069154
4.707500 0.854712 0.073650
4.712500 0.891333 0.050082
4.717500 0.853253 0.033112
4.722500 0.880602 0.047615
4.727500 0.825551 0.026966
4.732500 0.853330 0.058791
4.737500 0.907019 0.071464
4.742500 0.897350 0.048226
4.747500 0.925599 0.051495
4.752500 0.955812 0.048508
4.757500 0.973655 0.032744
4.762500 0.992943 0.031166
4.767500 0.988707 0.032340
4.772500 0.967887 0.046993
4.777500 0.890019 0.029614
4.782500 0.900313 0.025917
4.787500 0.967477 0.062443
4.792500 0.946664 0.031302
4.797500 0.889229 0.034773
4.802500 0.953477 0.043190
4.807500 0.986559 0.085731
4.812500 1.019238 0.032416
4.817500 1.029285 0.033336
4.822500 0.980965 0.053032
4.827500 0.947714 0.080812
4.832500 0.919487 0.039822
4.837500 0.897350 0.035807
4.842500 0.907441 0.055135
4.847500 1.003634 0.018923
4.852500 1.010160 0.049746
4.857500 1.035963 0.052385
4.862500 0.936186 0.073800
4.867500 0.931344 0.036139
4.872500 0.974090 0.052174
4.877500 0.879797 0.064688
4.882500 0.879394 0.010399
4.887500 0.968074 0.019447
4.892500 1.027712 0.039069
4.897500 0.928126 0.042122
4.902500 0.918668 0.044042
4.907500 0.927058 0.063008
4.912500 0.992128 0.029728
4.917500 1.015059 0.021912
4.922500 0.981149 0.076136
4.927500 0.918943 0.050421
4.932500 0.864687 0.063365
4.937500 0.895266 0.033422
4.942500 0.939022 0.046517
4.947500 1.035939 0.061940
4.952500 1.012678 0.076609
4.957500 1.014781 0.076065
4.962500 0.982670 0.038431
4.967500 0.957887 0.068720
4.972500 0.917467 0.049255
4.977500 0.941268 0.045371
4.982500 0.925283 0.064726
4.987500 0.920277 0.091577
4.992500 1.078423 0.039753
4.997500 1.105318 0.061928
5.002500 1.073844 0.042908
5.007500 0.927783 0.048397
5.012500 0.937900 0.065105
5.017500 0.950877 0.071603
5.022500 0.929941 0.054333
5.027500 0.922895 0.061649
5.032500 0.933149 0.068829
5.037500 0.962830 0.070470
5.042500 1.003589 0.041950
5.047500 0.880196 0.089117
5.052500 0.912207 0.113044
5.057500 0.872615 0.071337
5.062500 0.890783 0.063623
5.067500 0.965111 0.059181
5.072500 0.905835 0.053131
5.077500 0.849284 0.033669
5.082500 0.890649 0.075804
5.087500 0.933688 0.053499
5.092500 0.844595 0.062869
5.097500 0.793032 0.066004
