# DATE = 2025-03-12
# PIPE_VER = 1.17.1
# PMAP = jwst_1322.pmap
# STANDARD_STAR = SNAP-2
# 
# Wavelength (microns), arbitrary reflectance, uncertainty
0.702500 0.832251 0.024359
0.707500 0.806114 0.009613
0.712500 0.794881 0.003841
0.717500 0.834099 0.016993
0.722500 0.853485 0.018731
0.727500 0.847338 0.014485
0.732500 0.846217 0.019000
0.737500 0.876619 0.024738
0.742500 0.874244 0.017466
0.747500 0.881888 0.018684
0.752500 0.883915 0.015592
0.757500 0.891311 0.012404
0.762500 0.908128 0.016270
0.767500 0.906455 0.021584
0.772500 0.896207 0.013665
0.777500 0.914221 0.010451
0.782500 0.907986 0.018285
0.787500 0.891250 0.017394
0.792500 0.885209 0.019225
0.797500 0.872798 0.016139
0.802500 0.884514 0.007968
0.807500 0.915411 0.007226
0.812500 0.937590 0.012160
0.817500 0.947445 0.021324
0.822500 0.962886 0.019927
0.827500 0.942104 0.018785
0.832500 0.946042 0.014809
0.837500 0.947577 0.014974
0.842500 0.958795 0.013210
0.847500 0.957758 0.020160
0.852500 0.953022 0.016219
0.857500 0.953006 0.013775
0.862500 0.960005 0.007943
0.867500 0.969147 0.008404
0.872500 0.973969 0.015828
0.877500 0.976872 0.014389
0.882500 0.972378 0.017554
0.887500 0.984310 0.020203
0.892500 0.997601 0.017959
0.897500 0.994594 0.013415
0.902500 0.982892 0.011415
0.907500 0.981645 0.012838
0.912500 0.988832 0.021352
0.917500 0.992891 0.022659
0.922500 0.997567 0.023565
0.927500 0.999885 0.017228
0.932500 0.997571 0.015938
0.937500 0.998948 0.013984
0.942500 0.993782 0.011121
0.947500 1.001142 0.012441
0.952500 1.001520 0.011309
0.957500 1.013245 0.015656
0.962500 1.022786 0.013047
0.967500 1.027887 0.014229
0.972500 1.026565 0.011132
0.977500 1.024461 0.010275
0.982500 1.035472 0.012711
0.987500 1.040245 0.015911
0.992500 1.039931 0.014897
0.997500 1.041298 0.015280
1.002500 1.042578 0.014988
1.007500 1.049995 0.016285
1.012500 1.045750 0.016158
1.017500 1.050283 0.016918
1.022500 1.057492 0.017970
1.027500 1.056987 0.015072
1.032500 1.061680 0.014705
1.037500 1.056731 0.016851
1.042500 1.050223 0.016722
1.047500 1.045377 0.016403
1.052500 1.046817 0.014576
1.057500 1.051837 0.013428
1.062500 1.058070 0.011346
1.067500 1.058277 0.011515
1.072500 1.053940 0.017262
1.077500 1.053691 0.022404
1.082500 1.058790 0.020447
1.087500 1.071958 0.017617
1.092500 1.068384 0.012549
1.097500 1.064849 0.011130
1.102500 1.063164 0.011936
1.107500 1.059313 0.021919
1.112500 1.061226 0.023409
1.117500 1.069752 0.027835
1.122500 1.077407 0.022251
1.127500 1.090896 0.023817
1.132500 1.090592 0.022606
1.137500 1.094028 0.019350
1.142500 1.092904 0.020445
1.147500 1.085400 0.020387
1.152500 1.085238 0.020922
1.157500 1.079217 0.015836
1.162500 1.076743 0.018645
1.167500 1.081960 0.023507
1.172500 1.085733 0.024508
1.177500 1.087436 0.027815
1.182500 1.092912 0.024819
1.187500 1.084779 0.015195
1.192500 1.086436 0.013068
1.197500 1.088822 0.011754
1.202500 1.080935 0.010516
1.207500 1.087100 0.013421
1.212500 1.075970 0.013087
1.217500 1.083845 0.017721
1.222500 1.084105 0.020053
1.227500 1.083426 0.015177
1.232500 1.092348 0.014195
1.237500 1.093371 0.018605
1.242500 1.092815 0.022813
1.247500 1.080068 0.027048
1.252500 1.083029 0.035228
1.257500 1.085897 0.029819
1.262500 1.087944 0.026342
1.267500 1.089608 0.023339
1.272500 1.083715 0.021633
1.277500 1.087862 0.022015
1.282500 1.098109 0.019483
1.287500 1.097300 0.020772
1.292500 1.106643 0.022214
1.297500 1.098251 0.016129
1.302500 1.101372 0.020259
1.307500 1.090960 0.023222
1.312500 1.093322 0.028201
1.317500 1.101376 0.026427
1.322500 1.102706 0.017779
1.327500 1.105414 0.017732
1.332500 1.101348 0.013670
1.337500 1.103750 0.011220
1.342500 1.099826 0.020200
1.347500 1.098714 0.019995
1.352500 1.101776 0.020661
1.357500 1.105089 0.022681
1.362500 1.109122 0.022717
1.367500 1.110556 0.022890
1.372500 1.112995 0.022754
1.377500 1.109828 0.025200
1.382500 1.110717 0.026691
1.387500 1.111121 0.026086
1.392500 1.109803 0.024328
1.397500 1.115679 0.029667
1.402500 1.110298 0.030792
1.407500 1.109703 0.027938
1.412500 1.114843 0.028281
1.417500 1.118097 0.028738
1.422500 1.116498 0.026353
1.427500 1.115744 0.023809
1.432500 1.120140 0.025189
1.437500 1.108968 0.021643
1.442500 1.104023 0.021515
1.447500 1.110292 0.026101
1.452500 1.108558 0.022354
1.457500 1.110819 0.027631
1.462500 1.114280 0.031840
1.467500 1.112315 0.028236
1.472500 1.109662 0.026442
1.477500 1.103559 0.031608
1.482500 1.095833 0.032849
1.487500 1.082408 0.020416
1.492500 1.078158 0.017154
1.497500 1.085017 0.016800
1.502500 1.091049 0.013886
1.507500 1.102890 0.021145
1.512500 1.109771 0.028357
1.517500 1.104962 0.037550
1.522500 1.101335 0.036777
1.527500 1.094594 0.032661
1.532500 1.090563 0.027592
1.537500 1.091512 0.024562
1.542500 1.089315 0.026121
1.547500 1.094716 0.025303
1.552500 1.100473 0.019508
1.557500 1.099007 0.026598
1.562500 1.096842 0.031386
1.567500 1.093373 0.030484
1.572500 1.096052 0.022682
1.577500 1.098815 0.033430
1.582500 1.100696 0.035944
1.587500 1.085303 0.026391
1.592500 1.088696 0.025416
1.597500 1.086035 0.019189
1.602500 1.087530 0.019134
1.607500 1.100257 0.027167
1.612500 1.104536 0.029135
1.617500 1.107096 0.025774
1.622500 1.110210 0.028439
1.627500 1.107072 0.022309
1.632500 1.114004 0.022630
1.637500 1.120013 0.025842
1.642500 1.120950 0.024772
1.647500 1.132481 0.022912
1.652500 1.139934 0.017676
1.657500 1.127420 0.028376
1.662500 1.125141 0.032580
1.667500 1.115573 0.026416
1.672500 1.117599 0.029765
1.677500 1.117652 0.030529
1.682500 1.126371 0.036076
1.687500 1.126547 0.030747
1.692500 1.133116 0.023061
1.697500 1.115092 0.041348
1.702500 1.110903 0.041968
1.707500 1.121266 0.030734
1.712500 1.105126 0.043424
1.717500 1.108746 0.034832
1.722500 1.110679 0.034924
1.727500 1.115458 0.027267
1.732500 1.115682 0.027205
1.737500 1.117223 0.030415
1.742500 1.119118 0.029187
1.747500 1.118953 0.023834
1.752500 1.115527 0.026227
1.757500 1.100021 0.030063
1.762500 1.105460 0.029657
1.767500 1.107423 0.023330
1.772500 1.099933 0.027236
1.777500 1.103490 0.027048
1.782500 1.101994 0.023820
1.787500 1.102077 0.019977
1.792500 1.097464 0.028690
1.797500 1.089507 0.031078
1.802500 1.088552 0.025653
1.807500 1.099219 0.025082
1.812500 1.098880 0.024409
1.817500 1.107235 0.024958
1.822500 1.107748 0.019560
1.827500 1.099760 0.013913
1.832500 1.097127 0.023390
1.837500 1.099839 0.028689
1.842500 1.109004 0.027853
1.847500 1.116377 0.029076
1.852500 1.119625 0.029026
1.857500 1.126266 0.030253
1.862500 1.120560 0.014411
1.867500 1.104398 0.020396
1.872500 1.094986 0.028873
1.877500 1.097118 0.023554
1.882500 1.106137 0.016255
1.887500 1.111868 0.021459
1.892500 1.121401 0.023749
1.897500 1.133072 0.028230
1.902500 1.123226 0.030489
1.907500 1.116931 0.032048
1.912500 1.105258 0.035178
1.917500 1.090876 0.019464
1.922500 1.091946 0.016942
1.927500 1.087082 0.029131
1.932500 1.087415 0.029572
1.937500 1.086178 0.022336
1.942500 1.075331 0.022276
1.947500 1.076541 0.018606
1.952500 1.081798 0.021599
1.957500 1.081076 0.020621
1.962500 1.076352 0.031357
1.967500 1.062252 0.040983
1.972500 1.060115 0.036617
1.977500 1.073265 0.034443
1.982500 1.075944 0.031036
1.987500 1.083206 0.032594
1.992500 1.089577 0.034797
1.997500 1.087907 0.032237
2.002500 1.080638 0.032581
2.007500 1.075173 0.026974
2.012500 1.060937 0.018881
2.017500 1.043019 0.016506
2.022500 1.042122 0.017658
2.027500 1.051700 0.018485
2.032500 1.062240 0.020468
2.037500 1.069978 0.015130
2.042500 1.077423 0.015824
2.047500 1.075658 0.016778
2.052500 1.066861 0.020305
2.057500 1.073441 0.025937
2.062500 1.073019 0.020765
2.067500 1.078772 0.020705
2.072500 1.088672 0.029417
2.077500 1.089745 0.029418
2.082500 1.088352 0.022349
2.087500 1.080881 0.021668
2.092500 1.073612 0.030500
2.097500 1.089228 0.028745
2.102500 1.102437 0.026794
2.107500 1.109087 0.027109
2.112500 1.108338 0.026618
2.117500 1.100346 0.025904
2.122500 1.076644 0.021746
2.127500 1.072406 0.025122
2.132500 1.077168 0.027539
2.137500 1.082694 0.028153
2.142500 1.088781 0.029342
2.147500 1.097993 0.026865
2.152500 1.098955 0.017144
2.157500 1.110179 0.018604
2.162500 1.114920 0.020709
2.167500 1.113920 0.023421
2.172500 1.108603 0.021813
2.177500 1.091998 0.025244
2.182500 1.086153 0.026973
2.187500 1.095693 0.030423
2.192500 1.102298 0.030429
2.197500 1.111640 0.030450
2.202500 1.109615 0.029806
2.207500 1.101477 0.027459
2.212500 1.086153 0.025968
2.217500 1.083280 0.018660
2.222500 1.084621 0.014799
2.227500 1.085265 0.018005
2.232500 1.091381 0.020549
2.237500 1.088798 0.020360
2.242500 1.093365 0.024963
2.247500 1.093730 0.035044
2.252500 1.093083 0.034035
2.257500 1.072444 0.026393
2.262500 1.063104 0.023549
2.267500 1.068114 0.026500
2.272500 1.073678 0.025340
2.277500 1.078819 0.028040
2.282500 1.080236 0.027202
2.287500 1.094889 0.029150
2.292500 1.077934 0.027204
2.297500 1.064299 0.023413
2.302500 1.062468 0.023836
2.307500 1.051343 0.007277
2.312500 1.057833 0.018334
2.317500 1.067771 0.023228
2.322500 1.066118 0.018618
2.327500 1.067712 0.020933
2.332500 1.079668 0.028002
2.337500 1.076633 0.024227
2.342500 1.054245 0.017015
2.347500 1.059820 0.011777
2.352500 1.059896 0.006063
2.357500 1.066664 0.020316
2.362500 1.063540 0.023742
2.367500 1.075611 0.028272
2.372500 1.067678 0.017557
2.377500 1.049104 0.020137
2.382500 1.050703 0.028622
2.387500 1.026211 0.042373
2.392500 1.041905 0.029783
2.397500 1.049104 0.025343
2.402500 1.063642 0.025055
2.407500 1.064391 0.024742
2.412500 1.058354 0.030441
2.417500 1.053792 0.034785
2.422500 1.049172 0.019645
2.427500 1.044135 0.021870
2.432500 1.082543 0.006654
2.437500 1.068528 0.021455
2.442500 1.080334 0.021499
2.447500 1.073139 0.022351
2.452500 1.049044 0.010558
2.457500 1.046672 0.011425
2.462500 1.055075 0.014759
2.467500 1.050758 0.018429
2.472500 1.058811 0.021453
2.477500 1.061369 0.024009
2.482500 1.048231 0.022129
2.487500 1.036263 0.023754
2.492500 1.027714 0.018446
2.497500 1.040607 0.018523
2.502500 1.045238 0.021767
2.507500 1.043041 0.021295
2.512500 1.051117 0.020938
2.517500 1.022626 0.007575
2.522500 1.029561 0.002618
2.527500 1.029513 0.001918
2.532500 1.032876 0.005284
2.537500 1.038806 0.014675
2.542500 1.040541 0.010761
2.547500 1.038928 0.017951
2.552500 1.032071 0.020855
2.557500 1.029563 0.015839
2.562500 1.034521 0.011643
2.567500 1.048936 0.031522
2.572500 1.039096 0.032734
2.577500 1.023445 0.024670
2.582500 1.020642 0.011422
2.587500 1.018310 0.008521
2.592500 1.009350 0.004605
2.597500 1.007109 0.007978
2.602500 1.000000 0.008421
2.607500 0.992017 0.017593
2.612500 0.984308 0.012861
2.617500 0.983311 0.015732
2.622500 0.984802 0.012326
2.627500 0.978620 0.012293
2.632500 0.972459 0.010282
2.637500 0.967971 0.013256
2.642500 0.965207 0.018198
2.647500 0.970522 0.018196
2.652500 0.959437 0.002838
2.657500 0.948557 0.008159
2.662500 0.891799 0.007658
2.667500 0.849985 0.010573
2.672500 0.815330 0.025174
2.677500 0.781131 0.025178
2.682500 0.733401 0.003220
2.687500 0.720954 0.007755
2.692500 0.705311 0.017161
2.697500 0.690108 0.014874
2.702500 0.693441 0.013743
2.707500 0.748249 0.018333
2.712500 0.803374 0.039746
2.717500 0.836252 0.018685
2.722500 0.809662 0.013042
2.727500 0.802726 0.012760
2.732500 0.791746 0.024333
2.737500 0.770151 0.012654
2.742500 0.775314 0.017476
2.747500 0.751639 0.011272
2.752500 0.704189 0.006531
2.757500 0.671208 0.014652
2.762500 0.661628 0.014402
2.767500 0.612774 0.010229
2.772500 0.586899 0.013076
2.777500 0.587501 0.016952
2.782500 0.614904 0.005390
2.787500 0.595642 0.013353
2.792500 0.586246 0.012540
2.797500 0.575564 0.007595
2.802500 0.565865 0.012733
2.807500 0.551930 0.008232
2.812500 0.527431 0.011645
2.817500 0.512915 0.019435
2.822500 0.476048 0.014667
2.827500 0.459424 0.010704
2.832500 0.442932 0.014803
2.837500 0.417892 0.007241
2.842500 0.383611 0.010922
2.847500 0.361261 0.006173
2.852500 0.341333 0.002849
2.857500 0.327900 0.005679
2.862500 0.315387 0.007203
2.867500 0.301794 0.007856
2.872500 0.288095 0.007384
2.877500 0.308183 0.004087
2.882500 0.288817 0.013669
2.887500 0.278005 0.016617
2.892500 0.250939 0.005173
2.897500 0.249837 0.005444
2.902500 0.256506 0.003830
2.907500 0.239165 0.007010
2.912500 0.229435 0.005728
2.917500 0.217704 0.008562
2.922500 0.221812 0.009936
2.927500 0.221746 0.007021
2.932500 0.213060 0.010663
2.937500 0.200199 0.005927
2.942500 0.200864 0.002358
2.947500 0.209718 0.007152
2.952500 0.205283 0.004527
2.957500 0.194673 0.005626
2.962500 0.179658 0.004113
2.967500 0.174924 0.006503
2.972500 0.178892 0.011128
2.977500 0.186041 0.004162
2.982500 0.190910 0.009422
2.987500 0.184631 0.012263
2.992500 0.180829 0.010876
2.997500 0.186613 0.008698
3.002500 0.178198 0.002820
3.007500 0.171793 0.007386
3.012500 0.168441 0.006658
3.017500 0.170858 0.006395
3.022500 0.171597 0.004221
3.027500 0.156250 0.007832
3.032500 0.150467 0.014166
3.037500 0.139028 0.011262
3.042500 0.160328 0.005509
3.047500 0.161928 0.004631
3.052500 0.175663 0.001995
3.057500 0.160545 0.013969
3.062500 0.154704 0.012429
3.067500 0.152665 0.001300
3.072500 0.170152 0.001555
3.077500 0.170950 0.004979
3.082500 0.170460 0.005356
3.087500 0.167421 0.002844
3.092500 0.162578 0.004159
3.097500 0.155226 0.008965
3.102500 0.152530 0.006863
3.107500 0.157024 0.007366
3.112500 0.171157 0.013213
3.117500 0.174200 0.010700
3.122500 0.176990 0.010907
3.127500 0.180270 0.005050
3.132500 0.185937 0.004349
3.137500 0.187035 0.009007
3.142500 0.194550 0.011397
3.147500 0.214748 0.002869
3.152500 0.210965 0.004636
3.157500 0.204096 0.004105
3.162500 0.207889 0.005604
3.167500 0.209379 0.009895
3.172500 0.199732 0.004463
3.177500 0.205737 0.000838
3.182500 0.207142 0.002997
3.187500 0.209608 0.002558
3.192500 0.211937 0.005908
3.197500 0.212645 0.008704
3.202500 0.214794 0.003657
3.207500 0.222148 0.004816
3.212500 0.233856 0.008159
3.217500 0.241340 0.005391
3.222500 0.237244 0.011984
3.227500 0.255685 0.010434
3.232500 0.260904 0.002996
3.237500 0.272354 0.010513
3.242500 0.275047 0.008881
3.247500 0.284849 0.002904
3.252500 0.288031 0.002186
3.257500 0.288531 0.002726
3.262500 0.308682 0.015914
3.267500 0.329463 0.010186
3.272500 0.339607 0.005951
3.277500 0.343012 0.018501
3.282500 0.382586 0.008683
3.287500 0.394348 0.012719
3.292500 0.385760 0.003178
3.297500 0.384558 0.001750
3.302500 0.403331 0.011870
3.307500 0.418751 0.020014
3.312500 0.431814 0.012758
3.317500 0.436782 0.007672
3.322500 0.434224 0.015820
3.327500 0.428060 0.012158
3.332500 0.427063 0.014258
3.337500 0.437273 0.018699
3.342500 0.454268 0.001774
3.347500 0.432938 0.021096
3.352500 0.442724 0.019010
3.357500 0.439280 0.011961
3.362500 0.436952 0.005334
3.367500 0.414964 0.012262
3.372500 0.425246 0.008269
3.377500 0.437690 0.015377
3.382500 0.444996 0.013106
3.387500 0.446315 0.012725
3.392500 0.446625 0.008026
3.397500 0.468273 0.006884
3.402500 0.471978 0.010324
3.407500 0.475935 0.005192
3.412500 0.473735 0.010399
3.417500 0.477265 0.016184
3.422500 0.489336 0.022360
3.427500 0.480912 0.014075
3.432500 0.473304 0.008405
3.437500 0.471996 0.008012
3.442500 0.483228 0.020581
3.447500 0.491374 0.009216
3.452500 0.501680 0.014867
3.457500 0.504663 0.020736
3.462500 0.513308 0.021780
3.467500 0.526823 0.011513
3.472500 0.514314 0.017642
3.477500 0.499192 0.022180
3.482500 0.489634 0.019967
3.487500 0.491388 0.014591
3.492500 0.504063 0.009705
3.497500 0.510937 0.007117
3.502500 0.523134 0.018695
3.507500 0.550775 0.016248
3.512500 0.589085 0.006265
3.517500 0.592851 0.007813
3.522500 0.539414 0.027597
3.527500 0.530249 0.021133
3.532500 0.571149 0.015711
3.537500 0.568546 0.040550
3.542500 0.557614 0.038111
3.547500 0.575936 0.017769
3.552500 0.581294 0.003281
3.557500 0.567267 0.007871
3.562500 0.578840 0.017294
3.567500 0.584757 0.013855
3.572500 0.592336 0.009165
3.577500 0.612594 0.018406
3.582500 0.649039 0.034474
3.587500 0.667563 0.029350
3.592500 0.645279 0.037348
3.597500 0.636897 0.026693
3.602500 0.642379 0.017692
3.607500 0.651779 0.016557
3.612500 0.673389 0.013652
3.617500 0.679783 0.008562
3.622500 0.665904 0.012322
3.627500 0.668040 0.012398
3.632500 0.667466 0.018882
3.637500 0.664089 0.021975
3.642500 0.689497 0.019499
3.647500 0.685953 0.006781
3.652500 0.687513 0.007841
3.657500 0.693627 0.005724
3.662500 0.700056 0.003888
3.667500 0.697288 0.011245
3.672500 0.689442 0.021128
3.677500 0.687644 0.010933
3.682500 0.691128 0.014670
3.687500 0.693019 0.005619
3.692500 0.694873 0.010117
3.697500 0.711942 0.011395
3.702500 0.718370 0.008139
3.707500 0.705080 0.012755
3.712500 0.689679 0.015534
3.717500 0.701101 0.007321
3.722500 0.726740 0.017244
3.727500 0.719268 0.016244
3.732500 0.692794 0.016803
3.737500 0.670747 0.010830
3.742500 0.672370 0.004109
3.747500 0.663732 0.009377
3.752500 0.690935 0.010502
3.757500 0.696177 0.013423
3.762500 0.700109 0.004595
3.767500 0.691788 0.018510
3.772500 0.693094 0.015318
3.777500 0.658542 0.012677
3.782500 0.676580 0.010039
3.787500 0.692431 0.021785
3.792500 0.653774 0.012592
3.797500 0.598541 0.002975
3.802500 0.616263 0.013269
3.807500 0.629710 0.031729
3.812500 0.610768 0.026329
3.817500 0.605779 0.016832
3.822500 0.641414 0.029183
3.827500 0.592852 0.013847
3.832500 0.601386 0.007333
3.837500 0.619874 0.034164
3.842500 0.629076 0.043486
3.847500 0.605192 0.017198
3.852500 0.595044 0.011356
3.857500 0.575830 0.007478
3.862500 0.609108 0.010596
3.867500 0.620314 0.018698
3.872500 0.617148 0.016064
3.877500 0.603691 0.007288
3.882500 0.594296 0.019580
3.887500 0.572621 0.017473
3.892500 0.583676 0.017581
3.897500 0.575554 0.016561
3.902500 0.592167 0.018818
3.907500 0.594288 0.007715
3.912500 0.578218 0.005771
3.917500 0.582886 0.010408
3.922500 0.584452 0.022813
3.927500 0.574922 0.029395
3.932500 0.585508 0.046086
3.937500 0.616588 0.007600
3.942500 0.600355 0.011248
3.947500 0.542277 0.018247
3.952500 0.543355 0.024302
3.957500 0.579611 0.033190
3.962500 0.576680 0.046752
3.967500 0.552515 0.009517
3.972500 0.539046 0.007948
3.977500 0.555726 0.006831
3.982500 0.551934 0.004206
3.987500 0.588286 0.003457
3.992500 0.604490 0.015646
3.997500 0.529806 0.017982
4.002500 0.515727 0.016693
4.007500 0.515233 0.033374
4.012500 0.500515 0.054480
4.017500 0.482029 0.032134
4.022500 0.496628 0.018883
4.027500 0.501116 0.002790
4.032500 0.466088 0.006983
4.037500 0.447157 0.024985
4.042500 0.464314 0.024722
4.047500 0.451608 0.006686
4.052500 0.416146 0.025846
4.057500 0.404617 0.029933
4.062500 0.425931 0.013395
4.067500 0.412604 0.017086
4.072500 0.381959 0.009082
4.077500 0.324397 0.015116
4.082500 0.330848 0.008452
4.087500 0.343598 0.009482
4.092500 0.360139 0.042445
4.097500 0.381857 0.045998
4.102500 0.372788 0.039745
4.107500 0.376242 0.037637
4.112500 0.397865 0.019160
4.117500 0.379378 0.029784
4.122500 0.361434 0.032901
4.127500 0.406161 0.007673
4.132500 0.408956 0.004574
4.137500 0.426634 0.008405
4.142500 0.449094 0.031811
4.147500 0.473750 0.024255
4.152500 0.474761 0.006546
4.157500 0.459364 0.018655
4.162500 0.456633 0.017472
4.167500 0.468024 0.016894
4.172500 0.522943 0.009406
4.177500 0.528816 0.002622
4.182500 0.662292 0.037431
4.187500 0.768251 0.020008
4.192500 0.889209 0.029608
4.197500 0.946963 0.030324
4.202500 0.941595 0.050228
4.207500 0.794312 0.077647
4.212500 0.707478 0.002251
4.217500 0.564914 0.035464
4.222500 0.451759 0.032322
4.227500 0.401987 0.011863
4.232500 0.383939 0.008057
4.237500 0.351444 0.019496
4.242500 0.369227 0.017916
4.247500 0.418741 0.010535
4.252500 0.431672 0.016435
4.257500 0.459380 0.020062
4.262500 0.446018 0.012372
4.267500 0.435863 0.011256
4.272500 0.392674 0.049923
4.277500 0.308844 0.015180
4.282500 0.367020 0.025673
4.287500 0.445184 0.021609
4.292500 0.570926 0.010015
4.297500 0.718267 0.030717
4.302500 0.843416 0.030481
4.307500 0.942765 0.065507
4.312500 1.034936 0.034553
4.317500 1.061945 0.006852
4.322500 1.043417 0.024083
4.327500 1.079129 0.037152
4.332500 1.153091 0.032603
4.337500 1.104677 0.033013
4.342500 1.039075 0.021893
4.347500 1.018056 0.017904
4.352500 1.056385 0.011038
4.357500 1.026631 0.029392
4.362500 0.970688 0.025122
4.367500 0.874107 0.038730
4.372500 0.783806 0.027319
4.377500 0.642934 0.059609
4.382500 0.603533 0.016470
4.387500 0.636552 0.028057
4.392500 0.730166 0.023479
4.397500 0.803798 0.025465
4.402500 0.847128 0.001837
4.407500 0.843244 0.028804
4.412500 0.809884 0.043916
4.417500 0.830185 0.012300
4.422500 0.789211 0.051796
4.427500 0.815230 0.064282
4.432500 0.802232 0.015282
4.437500 0.824497 0.018707
4.442500 0.876299 0.027394
4.447500 0.821031 0.033089
4.452500 0.756895 0.021960
4.457500 0.813397 0.065233
4.462500 0.844447 0.058381
4.467500 0.820863 0.029958
4.472500 0.787504 0.013823
4.477500 0.698481 0.035815
4.482500 0.756562 0.022835
4.487500 0.772757 0.033062
4.492500 0.763377 0.014112
4.497500 0.843749 0.025474
4.502500 0.806538 0.007979
4.507500 0.848274 0.040881
4.512500 0.867546 0.077053
4.517500 0.935732 0.076747
4.522500 0.913869 0.031326
4.527500 0.854257 0.036635
4.532500 0.804165 0.001976
4.537500 0.784923 0.046344
4.542500 0.770330 0.033037
4.547500 0.759101 0.056215
4.552500 0.792454 0.034687
4.557500 0.803141 0.009129
4.562500 0.823849 0.008117
4.567500 0.831590 0.020902
4.572500 0.796902 0.033570
4.577500 0.815710 0.039057
4.582500 0.897933 0.097309
4.587500 0.805217 0.023358
4.592500 0.814550 0.014027
4.597500 0.792029 0.029841
4.602500 0.764435 0.017033
4.607500 0.823675 0.037043
4.612500 0.729102 0.060018
4.617500 0.700685 0.012111
4.622500 0.738188 0.038734
4.627500 0.759204 0.070082
4.632500 0.793397 0.067405
4.637500 0.779707 0.066071
4.642500 0.753685 0.068518
4.647500 0.687555 0.065892
4.652500 0.671387 0.031005
4.657500 0.681167 0.024087
4.662500 0.575605 0.045566
4.667500 0.496294 0.036383
4.672500 0.441113 0.025820
4.677500 0.420585 0.013281
4.682500 0.431294 0.049266
4.687500 0.499878 0.049870
4.692500 0.536005 0.019190
4.697500 0.744040 0.052908
4.702500 0.761709 0.021157
4.707500 0.811267 0.034427
4.712500 0.795411 0.036750
4.717500 0.842698 0.012008
4.722500 0.927162 0.056653
4.727500 0.980603 0.086724
4.732500 0.927681 0.053766
4.737500 0.888626 0.051744
4.742500 0.932313 0.049111
4.747500 0.967032 0.015468
4.752500 0.883917 0.023751
4.757500 0.875986 0.046730
4.762500 0.861331 0.021386
4.767500 0.822352 0.020710
4.772500 0.818839 0.022987
4.777500 0.839916 0.025165
4.782500 0.874523 0.034653
4.787500 0.805317 0.058985
4.792500 0.817463 0.041503
4.797500 0.879174 0.035969
4.802500 0.868321 0.030112
4.807500 0.873579 0.068747
4.812500 0.918529 0.010997
4.817500 0.925964 0.028098
4.822500 0.867168 0.050345
4.827500 0.873779 0.059827
4.832500 0.852915 0.067828
4.837500 0.854640 0.062756
4.842500 0.970006 0.029060
4.847500 0.961864 0.066140
4.852500 0.896557 0.025381
4.857500 0.844140 0.011307
4.862500 0.800310 0.028632
4.867500 0.878334 0.025351
4.872500 0.880719 0.026350
4.877500 0.794276 0.021028
4.882500 0.778521 0.045896
4.887500 0.873199 0.011436
4.892500 0.855229 0.019068
4.897500 0.754389 0.037139
4.902500 0.814720 0.036421
4.907500 0.809398 0.043380
4.912500 0.898642 0.027647
4.917500 0.808320 0.037411
4.922500 0.807935 0.025474
4.927500 0.862760 0.043413
4.932500 0.869295 0.097618
4.937500 0.880018 0.082327
4.942500 0.881910 0.010858
4.947500 0.885472 0.032552
4.952500 0.895000 0.047101
4.957500 0.875453 0.062053
4.962500 0.853715 0.044132
4.967500 0.881964 0.009801
4.972500 0.780634 0.017583
4.977500 0.843592 0.014973
4.982500 0.912188 0.015347
4.987500 0.862603 0.045413
4.992500 0.863207 0.027987
4.997500 0.866348 0.016347
5.002500 0.905730 0.080403
5.007500 0.880597 0.021131
5.012500 0.983085 0.030919
5.017500 0.922760 0.008269
5.022500 0.807094 0.079666
5.027500 0.894460 0.069781
5.032500 0.852443 0.015844
5.037500 0.833053 0.004011
5.042500 0.874159 0.008751
5.047500 0.903287 0.036607
5.052500 0.915779 0.019225
5.057500 1.035815 0.120312
5.062500 0.891372 0.086207
5.067500 0.975314 0.046527
5.072500 1.032175 0.099627
5.077500 0.953725 0.073579
5.082500 0.961370 0.023690
5.087500 0.862793 0.043321
5.092500 0.921032 0.014492
5.097500 0.797683 0.017839
