# DATE = 2025-03-12
# PIPE_VER = 1.17.1
# PMAP = jwst_1322.pmap
# STANDARD_STAR = SNAP-2
# 
# Wavelength (microns), arbitrary reflectance, uncertainty
0.702500 0.829678 0.010979
0.707500 0.824373 0.023274
0.712500 0.817974 0.013665
0.717500 0.829446 0.011893
0.722500 0.859795 0.018057
0.727500 0.860574 0.020080
0.732500 0.872528 0.012792
0.737500 0.886620 0.027460
0.742500 0.842853 0.008702
0.747500 0.864324 0.008340
0.752500 0.893016 0.012303
0.757500 0.907892 0.025661
0.762500 0.900682 0.022595
0.767500 0.931738 0.026212
0.772500 0.920274 0.017377
0.777500 0.927927 0.008593
0.782500 0.940972 0.022601
0.787500 0.898680 0.028549
0.792500 0.879341 0.012997
0.797500 0.913273 0.017030
0.802500 0.944122 0.013574
0.807500 0.951181 0.014047
0.812500 0.951493 0.013744
0.817500 0.952298 0.019124
0.822500 0.964561 0.022518
0.827500 0.968197 0.019922
0.832500 0.957856 0.016067
0.837500 0.964034 0.018336
0.842500 0.976986 0.013430
0.847500 0.977290 0.013545
0.852500 0.972445 0.011976
0.857500 0.973072 0.011390
0.862500 0.973223 0.012551
0.867500 0.975640 0.021958
0.872500 0.986133 0.020129
0.877500 0.987488 0.015196
0.882500 0.988731 0.021557
0.887500 0.999226 0.022755
0.892500 1.010195 0.019393
0.897500 1.016333 0.020135
0.902500 1.015299 0.019138
0.907500 1.014767 0.019918
0.912500 1.009731 0.018279
0.917500 1.006537 0.014754
0.922500 1.020579 0.017661
0.927500 1.029794 0.013615
0.932500 1.027417 0.016692
0.937500 1.039185 0.017816
0.942500 1.043370 0.018117
0.947500 1.040176 0.023193
0.952500 1.034867 0.021236
0.957500 1.042591 0.023216
0.962500 1.045140 0.020504
0.967500 1.050343 0.021335
0.972500 1.055974 0.020694
0.977500 1.060458 0.016034
0.982500 1.067440 0.019916
0.987500 1.068839 0.016673
0.992500 1.078941 0.014184
0.997500 1.066306 0.019002
1.002500 1.070740 0.020681
1.007500 1.067305 0.016999
1.012500 1.070662 0.020410
1.017500 1.068646 0.021551
1.022500 1.074314 0.018812
1.027500 1.071484 0.020732
1.032500 1.081318 0.016272
1.037500 1.092749 0.014633
1.042500 1.084798 0.018702
1.047500 1.083256 0.017240
1.052500 1.076047 0.013567
1.057500 1.074884 0.013001
1.062500 1.076702 0.013847
1.067500 1.078182 0.018869
1.072500 1.079291 0.016209
1.077500 1.082675 0.015205
1.082500 1.089919 0.015119
1.087500 1.089933 0.022582
1.092500 1.089069 0.025119
1.097500 1.086704 0.023153
1.102500 1.087259 0.020475
1.107500 1.087884 0.020619
1.112500 1.093315 0.014005
1.117500 1.106367 0.016328
1.122500 1.107628 0.015622
1.127500 1.113847 0.021997
1.132500 1.112459 0.022504
1.137500 1.106456 0.018987
1.142500 1.110375 0.017043
1.147500 1.118621 0.016499
1.152500 1.118735 0.021282
1.157500 1.118933 0.022594
1.162500 1.117666 0.022853
1.167500 1.113805 0.023551
1.172500 1.113082 0.023280
1.177500 1.110428 0.016058
1.182500 1.115014 0.019289
1.187500 1.117977 0.019536
1.192500 1.111692 0.011541
1.197500 1.116351 0.016247
1.202500 1.117059 0.015489
1.207500 1.119690 0.019182
1.212500 1.124413 0.021290
1.217500 1.122192 0.018159
1.222500 1.117040 0.017815
1.227500 1.106991 0.010248
1.232500 1.117030 0.008020
1.237500 1.126276 0.005810
1.242500 1.119957 0.005686
1.247500 1.121478 0.010600
1.252500 1.117406 0.015415
1.257500 1.100457 0.016965
1.262500 1.119078 0.017363
1.267500 1.127011 0.012011
1.272500 1.118304 0.019598
1.277500 1.126738 0.013865
1.282500 1.136362 0.013260
1.287500 1.122376 0.019592
1.292500 1.122450 0.019585
1.297500 1.126046 0.015615
1.302500 1.126413 0.018019
1.307500 1.128886 0.018475
1.312500 1.128969 0.023620
1.317500 1.123761 0.023299
1.322500 1.125484 0.021019
1.327500 1.128079 0.020757
1.332500 1.128693 0.016888
1.337500 1.134672 0.015553
1.342500 1.134485 0.015136
1.347500 1.118960 0.012832
1.352500 1.118766 0.011115
1.357500 1.133183 0.017342
1.362500 1.133966 0.015551
1.367500 1.138455 0.018025
1.372500 1.144567 0.018035
1.377500 1.133334 0.019313
1.382500 1.130483 0.017788
1.387500 1.123493 0.011802
1.392500 1.116784 0.012441
1.397500 1.117308 0.011696
1.402500 1.117485 0.016562
1.407500 1.126599 0.027534
1.412500 1.126758 0.017599
1.417500 1.135048 0.016314
1.422500 1.128740 0.016325
1.427500 1.126672 0.014835
1.432500 1.129372 0.014589
1.437500 1.126183 0.016227
1.442500 1.126496 0.019972
1.447500 1.127081 0.016798
1.452500 1.127193 0.015264
1.457500 1.128865 0.013633
1.462500 1.120273 0.014064
1.467500 1.118425 0.013348
1.472500 1.118427 0.014284
1.477500 1.119498 0.016675
1.482500 1.119415 0.017894
1.487500 1.123356 0.017897
1.492500 1.114738 0.018812
1.497500 1.114476 0.019129
1.502500 1.113476 0.019297
1.507500 1.117246 0.013638
1.512500 1.109634 0.017623
1.517500 1.109801 0.017538
1.522500 1.107762 0.013474
1.527500 1.112995 0.018740
1.532500 1.114072 0.011696
1.537500 1.117575 0.007826
1.542500 1.121836 0.008796
1.547500 1.127319 0.011823
1.552500 1.107501 0.015240
1.557500 1.116848 0.018203
1.562500 1.113225 0.015568
1.567500 1.106432 0.015314
1.572500 1.109212 0.016188
1.577500 1.114858 0.015975
1.582500 1.107573 0.016760
1.587500 1.110218 0.014137
1.592500 1.107424 0.017659
1.597500 1.109756 0.017671
1.602500 1.108250 0.018019
1.607500 1.112995 0.020205
1.612500 1.115481 0.021212
1.617500 1.114823 0.021378
1.622500 1.108737 0.021669
1.627500 1.109585 0.018241
1.632500 1.104463 0.025731
1.637500 1.104015 0.026689
1.642500 1.110012 0.024005
1.647500 1.119178 0.026542
1.652500 1.123931 0.018765
1.657500 1.115391 0.014846
1.662500 1.111084 0.014337
1.667500 1.110110 0.008730
1.672500 1.120891 0.007689
1.677500 1.121158 0.006962
1.682500 1.116598 0.011214
1.687500 1.124848 0.015356
1.692500 1.125461 0.010956
1.697500 1.126589 0.008960
1.702500 1.137194 0.006330
1.707500 1.133865 0.012787
1.712500 1.128344 0.024195
1.717500 1.128408 0.022581
1.722500 1.116640 0.010576
1.727500 1.121029 0.010374
1.732500 1.117462 0.011193
1.737500 1.113706 0.014881
1.742500 1.107283 0.016185
1.747500 1.110312 0.018568
1.752500 1.103383 0.018308
1.757500 1.104630 0.017872
1.762500 1.104198 0.016817
1.767500 1.115850 0.008444
1.772500 1.124974 0.006281
1.777500 1.125558 0.006366
1.782500 1.125306 0.007269
1.787500 1.132276 0.009478
1.792500 1.124144 0.016358
1.797500 1.114767 0.014545
1.802500 1.115374 0.016555
1.807500 1.104199 0.012882
1.812500 1.110131 0.010935
1.817500 1.096911 0.009980
1.822500 1.094628 0.013189
1.827500 1.101887 0.015516
1.832500 1.101477 0.011256
1.837500 1.106004 0.013180
1.842500 1.114707 0.011598
1.847500 1.118895 0.016996
1.852500 1.122542 0.017185
1.857500 1.121300 0.014196
1.862500 1.126472 0.015971
1.867500 1.115373 0.019460
1.872500 1.116313 0.015975
1.877500 1.105142 0.017242
1.882500 1.097042 0.018519
1.887500 1.105708 0.020829
1.892500 1.090246 0.013410
1.897500 1.083550 0.005484
1.902500 1.094080 0.010120
1.907500 1.098347 0.012249
1.912500 1.100189 0.016417
1.917500 1.104070 0.022989
1.922500 1.098437 0.012367
1.927500 1.101157 0.015178
1.932500 1.098052 0.018592
1.937500 1.095092 0.006390
1.942500 1.078527 0.014830
1.947500 1.074350 0.012969
1.952500 1.067992 0.016138
1.957500 1.046914 0.014375
1.962500 1.043669 0.019436
1.967500 1.053681 0.022371
1.972500 1.059561 0.020991
1.977500 1.064655 0.018562
1.982500 1.069369 0.021073
1.987500 1.053418 0.018570
1.992500 1.057216 0.018630
1.997500 1.050663 0.023037
2.002500 1.046939 0.024019
2.007500 1.045223 0.026628
2.012500 1.053585 0.024525
2.017500 1.056177 0.023067
2.022500 1.058701 0.023012
2.027500 1.066671 0.022530
2.032500 1.063458 0.027415
2.037500 1.058318 0.013822
2.042500 1.071098 0.014930
2.047500 1.073267 0.016231
2.052500 1.072531 0.019255
2.057500 1.064208 0.018511
2.062500 1.053931 0.011202
2.067500 1.063752 0.008923
2.072500 1.072502 0.008626
2.077500 1.080150 0.008465
2.082500 1.091428 0.016999
2.087500 1.089443 0.024279
2.092500 1.078845 0.022890
2.097500 1.064396 0.018968
2.102500 1.074548 0.020445
2.107500 1.082077 0.024374
2.112500 1.084451 0.020867
2.117500 1.091502 0.014158
2.122500 1.075706 0.023749
2.127500 1.074118 0.018030
2.132500 1.086658 0.021807
2.137500 1.088068 0.023935
2.142500 1.090874 0.025365
2.147500 1.084464 0.020733
2.152500 1.086874 0.010377
2.157500 1.091835 0.011214
2.162500 1.078579 0.022773
2.167500 1.077836 0.028528
2.172500 1.095820 0.027228
2.177500 1.103910 0.023613
2.182500 1.102963 0.015080
2.187500 1.097850 0.014961
2.192500 1.083513 0.016411
2.197500 1.086111 0.012905
2.202500 1.089312 0.013252
2.207500 1.087505 0.008170
2.212500 1.086765 0.008686
2.217500 1.081483 0.012357
2.222500 1.092437 0.019510
2.227500 1.092149 0.019776
2.232500 1.100161 0.022176
2.237500 1.104359 0.019838
2.242500 1.093706 0.029631
2.247500 1.096646 0.025583
2.252500 1.087315 0.012603
2.257500 1.080665 0.007827
2.262500 1.078952 0.007010
2.267500 1.066062 0.007958
2.272500 1.052059 0.018987
2.277500 1.051178 0.005898
2.282500 1.051917 0.012061
2.287500 1.065738 0.023467
2.292500 1.056666 0.022682
2.297500 1.059850 0.018031
2.302500 1.040253 0.015712
2.307500 1.027017 0.006587
2.312500 1.027291 0.004698
2.317500 1.043466 0.008738
2.322500 1.059805 0.014142
2.327500 1.066576 0.020808
2.332500 1.073258 0.015096
2.337500 1.074118 0.020154
2.342500 1.072367 0.020001
2.347500 1.069793 0.018743
2.352500 1.061148 0.018965
2.357500 1.048862 0.017289
2.362500 1.056562 0.016877
2.367500 1.062354 0.012830
2.372500 1.067399 0.023399
2.377500 1.073031 0.026048
2.382500 1.066280 0.024649
2.387500 1.059552 0.014484
2.392500 1.053962 0.016623
2.397500 1.045938 0.011493
2.402500 1.048108 0.008842
2.407500 1.041897 0.007640
2.412500 1.038897 0.003575
2.417500 1.041302 0.003505
2.422500 1.032030 0.009724
2.427500 1.028855 0.015489
2.432500 1.033968 0.023862
2.437500 1.043049 0.026014
2.442500 1.043082 0.022784
2.447500 1.048693 0.024973
2.452500 1.044298 0.022352
2.457500 1.046287 0.020828
2.462500 1.032691 0.010449
2.467500 1.031322 0.008843
2.472500 1.030263 0.010872
2.477500 1.036128 0.019070
2.482500 1.045108 0.024385
2.487500 1.036741 0.032444
2.492500 1.025467 0.016819
2.497500 1.017421 0.015019
2.502500 1.007537 0.021016
2.507500 1.007136 0.018781
2.512500 1.012318 0.012290
2.517500 1.031976 0.007935
2.522500 1.041768 0.015460
2.527500 1.063856 0.014222
2.532500 1.052913 0.026713
2.537500 1.053838 0.012619
2.542500 1.028814 0.017078
2.547500 1.026611 0.012475
2.552500 1.034664 0.002984
2.557500 1.026585 0.009699
2.562500 1.016257 0.016687
2.567500 1.014720 0.014212
2.572500 1.003842 0.008734
2.577500 1.008880 0.005629
2.582500 1.009643 0.011937
2.587500 1.000000 0.011557
2.592500 0.999292 0.009860
2.597500 0.998841 0.008626
2.602500 1.009255 0.019562
2.607500 1.009431 0.022582
2.612500 1.009083 0.020013
2.617500 0.997088 0.019447
2.622500 0.992898 0.026644
2.627500 0.992301 0.033860
2.632500 0.984871 0.017337
2.637500 0.969101 0.015483
2.642500 0.969387 0.011354
2.647500 0.928845 0.007712
2.652500 0.911464 0.022287
2.657500 0.877697 0.004573
2.662500 0.835732 0.023697
2.667500 0.783161 0.043372
2.672500 0.747122 0.017265
2.677500 0.694996 0.022756
2.682500 0.613131 0.047286
2.687500 0.582212 0.020179
2.692500 0.588851 0.003746
2.697500 0.621917 0.005864
2.702500 0.622627 0.032396
2.707500 0.675939 0.019073
2.712500 0.726224 0.038201
2.717500 0.777180 0.023295
2.722500 0.793679 0.019564
2.727500 0.773000 0.019584
2.732500 0.749825 0.003072
2.737500 0.712161 0.012359
2.742500 0.686210 0.018218
2.747500 0.665479 0.010957
2.752500 0.631632 0.011389
2.757500 0.610975 0.007118
2.762500 0.569684 0.013009
2.767500 0.539950 0.007268
2.772500 0.531285 0.013776
2.777500 0.501405 0.011814
2.782500 0.504392 0.012553
2.787500 0.512378 0.002568
2.792500 0.521500 0.009974
2.797500 0.512111 0.002137
2.802500 0.500895 0.003993
2.807500 0.487193 0.004984
2.812500 0.477201 0.006187
2.817500 0.437251 0.007720
2.822500 0.421350 0.009206
2.827500 0.401116 0.003617
2.832500 0.384156 0.007352
2.837500 0.365161 0.005836
2.842500 0.357657 0.005287
2.847500 0.332557 0.006968
2.852500 0.310143 0.006327
2.857500 0.301349 0.004323
2.862500 0.281106 0.015533
2.867500 0.275997 0.006935
2.872500 0.255967 0.008558
2.877500 0.243651 0.009753
2.882500 0.226609 0.004605
2.887500 0.215230 0.005089
2.892500 0.211177 0.006197
2.897500 0.203595 0.002383
2.902500 0.194047 0.004071
2.907500 0.190468 0.001552
2.912500 0.173955 0.002578
2.917500 0.164703 0.005867
2.922500 0.160446 0.001885
2.927500 0.165054 0.004983
2.932500 0.156982 0.001885
2.937500 0.163061 0.004752
2.942500 0.142300 0.004565
2.947500 0.147313 0.003003
2.952500 0.148405 0.006481
2.957500 0.153507 0.003270
2.962500 0.143090 0.006626
2.967500 0.134203 0.010352
2.972500 0.140218 0.008498
2.977500 0.149348 0.004594
2.982500 0.144670 0.007230
2.987500 0.138256 0.010905
2.992500 0.130449 0.005513
2.997500 0.132635 0.002797
3.002500 0.125405 0.002045
3.007500 0.115860 0.005400
3.012500 0.108269 0.004929
3.017500 0.106571 0.002929
3.022500 0.123318 0.009787
3.027500 0.130203 0.002477
3.032500 0.125324 0.004758
3.037500 0.123101 0.008638
3.042500 0.117051 0.011953
3.047500 0.112739 0.009924
3.052500 0.109408 0.000710
3.057500 0.110866 0.000964
3.062500 0.116227 0.003729
3.067500 0.117020 0.003667
3.072500 0.116409 0.006855
3.077500 0.126761 0.005545
3.082500 0.130620 0.000680
3.087500 0.124127 0.002623
3.092500 0.126871 0.002899
3.097500 0.130946 0.003711
3.102500 0.131484 0.000448
3.107500 0.128405 0.001994
3.112500 0.132074 0.001989
3.117500 0.134129 0.003957
3.122500 0.140977 0.006666
3.127500 0.144017 0.005628
3.132500 0.149161 0.007263
3.137500 0.149345 0.001955
3.142500 0.144242 0.006953
3.147500 0.145800 0.010323
3.152500 0.140483 0.013606
3.157500 0.142297 0.015912
3.162500 0.140915 0.010056
3.167500 0.150988 0.002137
3.172500 0.161097 0.009755
3.177500 0.173829 0.004594
3.182500 0.165975 0.001618
3.187500 0.167354 0.003409
3.192500 0.174913 0.008210
3.197500 0.183722 0.010234
3.202500 0.199500 0.006663
3.207500 0.204929 0.007205
3.212500 0.203102 0.004121
3.217500 0.216140 0.012699
3.222500 0.226900 0.005085
3.227500 0.229694 0.003585
3.232500 0.224413 0.004021
3.237500 0.234695 0.003077
3.242500 0.240367 0.002988
3.247500 0.251827 0.001158
3.252500 0.263300 0.005887
3.257500 0.276250 0.008131
3.262500 0.295214 0.002611
3.267500 0.304804 0.005159
3.272500 0.306068 0.016602
3.277500 0.296586 0.003667
3.282500 0.298595 0.009626
3.287500 0.312771 0.013920
3.292500 0.324061 0.025351
3.297500 0.339903 0.015025
3.302500 0.355440 0.002582
3.307500 0.354239 0.004492
3.312500 0.369072 0.004228
3.317500 0.376873 0.011033
3.322500 0.381846 0.005292
3.327500 0.376904 0.007244
3.332500 0.409852 0.001515
3.337500 0.414427 0.007594
3.342500 0.414896 0.017434
3.347500 0.402509 0.022540
3.352500 0.409684 0.020011
3.357500 0.388715 0.021302
3.362500 0.374807 0.011662
3.367500 0.370772 0.003713
3.372500 0.372828 0.020277
3.377500 0.388334 0.031558
3.382500 0.416965 0.005593
3.387500 0.406381 0.014039
3.392500 0.394213 0.007877
3.397500 0.422239 0.032541
3.402500 0.425307 0.020348
3.407500 0.411382 0.014857
3.412500 0.399071 0.012881
3.417500 0.412106 0.010053
3.422500 0.427540 0.005061
3.427500 0.439810 0.004716
3.432500 0.428229 0.015536
3.437500 0.416076 0.014461
3.442500 0.417897 0.008253
3.447500 0.439432 0.016649
3.452500 0.449748 0.026013
3.457500 0.442003 0.033682
3.462500 0.443327 0.007668
3.467500 0.444088 0.006473
3.472500 0.421179 0.005284
3.477500 0.399211 0.010636
3.482500 0.413218 0.011097
3.487500 0.466628 0.015117
3.492500 0.483014 0.003881
3.497500 0.483188 0.006307
3.502500 0.494877 0.006227
3.507500 0.500544 0.021872
3.512500 0.511302 0.010226
3.517500 0.502797 0.010536
3.522500 0.516366 0.021517
3.527500 0.509285 0.011473
3.532500 0.507174 0.016664
3.537500 0.487719 0.016641
3.542500 0.503560 0.006996
3.547500 0.501441 0.005997
3.552500 0.525501 0.013162
3.557500 0.548235 0.019981
3.562500 0.547115 0.011676
3.567500 0.559207 0.016168
3.572500 0.576617 0.002175
3.577500 0.604282 0.022448
3.582500 0.594851 0.023805
3.587500 0.593681 0.027612
3.592500 0.594875 0.026234
3.597500 0.599721 0.031484
3.602500 0.589322 0.023839
3.607500 0.616703 0.020211
3.612500 0.634598 0.016633
3.617500 0.612075 0.018946
3.622500 0.622694 0.029017
3.627500 0.638065 0.008612
3.632500 0.626753 0.003770
3.637500 0.629760 0.003892
3.642500 0.628547 0.006002
3.647500 0.599610 0.006064
3.652500 0.611245 0.004401
3.657500 0.611477 0.008503
3.662500 0.607822 0.019517
3.667500 0.642777 0.010212
3.672500 0.618186 0.030602
3.677500 0.603047 0.022597
3.682500 0.607685 0.012873
3.687500 0.593970 0.011780
3.692500 0.572536 0.003746
3.697500 0.584492 0.019545
3.702500 0.592058 0.010225
3.707500 0.611951 0.004012
3.712500 0.600911 0.013782
3.717500 0.573845 0.021239
3.722500 0.585553 0.011707
3.727500 0.602414 0.017973
3.732500 0.607509 0.017729
3.737500 0.618277 0.020296
3.742500 0.636076 0.013244
3.747500 0.614632 0.004654
3.752500 0.606220 0.009570
3.757500 0.600727 0.016660
3.762500 0.569434 0.014773
3.767500 0.565471 0.015317
3.772500 0.583435 0.017813
3.777500 0.595823 0.005193
3.782500 0.587153 0.014482
3.787500 0.565423 0.023241
3.792500 0.553477 0.017885
3.797500 0.565765 0.024018
3.802500 0.573032 0.033132
3.807500 0.554095 0.043601
3.812500 0.555171 0.035668
3.817500 0.593273 0.019526
3.822500 0.579246 0.014811
3.827500 0.580386 0.018170
3.832500 0.597415 0.009120
3.837500 0.599403 0.018587
3.842500 0.616474 0.016596
3.847500 0.579204 0.011757
3.852500 0.570493 0.012940
3.857500 0.524329 0.017694
3.862500 0.516689 0.005750
3.867500 0.508310 0.017033
3.872500 0.502179 0.005652
3.877500 0.529395 0.005669
3.882500 0.540766 0.006407
3.887500 0.539599 0.008678
3.892500 0.517556 0.021310
3.897500 0.501210 0.004926
3.902500 0.512044 0.009196
3.907500 0.523154 0.015490
3.912500 0.514513 0.034325
3.917500 0.516058 0.048498
3.922500 0.478371 0.006084
3.927500 0.482542 0.006837
3.932500 0.476588 0.022297
3.937500 0.438504 0.010280
3.942500 0.494925 0.010300
3.947500 0.528642 0.007501
3.952500 0.481484 0.008601
3.957500 0.483292 0.005518
3.962500 0.523756 0.020579
3.967500 0.557462 0.033060
3.972500 0.508815 0.049087
3.977500 0.514932 0.015812
3.982500 0.483758 0.027176
3.987500 0.447094 0.017107
3.992500 0.443778 0.017039
3.997500 0.468126 0.007203
4.002500 0.452238 0.009092
4.007500 0.439081 0.020325
4.012500 0.435003 0.019613
4.017500 0.401199 0.027348
4.022500 0.403949 0.030651
4.027500 0.373430 0.031678
4.032500 0.402558 0.006504
4.037500 0.375314 0.032251
4.042500 0.339650 0.025574
4.047500 0.333224 0.022789
4.052500 0.330619 0.038575
4.057500 0.318900 0.034894
4.062500 0.283844 0.023032
4.067500 0.286442 0.040443
4.072500 0.335643 0.056282
4.077500 0.334889 0.038880
4.082500 0.322966 0.027786
4.087500 0.312836 0.013793
4.092500 0.313789 0.042358
4.097500 0.307181 0.061986
4.102500 0.237560 0.024169
4.107500 0.283768 0.011235
4.112500 0.279858 0.017442
4.117500 0.314483 0.036370
4.122500 0.342540 0.026519
4.127500 0.378226 0.019483
4.132500 0.336760 0.064318
4.137500 0.285593 0.026297
4.142500 0.365958 0.027574
4.147500 0.408529 0.023180
4.152500 0.391473 0.044813
4.157500 0.359276 0.026933
4.162500 0.405076 0.021890
4.167500 0.402146 0.013217
4.172500 0.480086 0.058973
4.177500 0.504949 0.021531
4.182500 0.542734 0.011211
4.187500 0.600151 0.026909
4.192500 0.706224 0.043705
4.197500 0.775463 0.040298
4.202500 0.635640 0.091565
4.207500 0.537824 0.059619
4.212500 0.472990 0.039913
4.217500 0.371209 0.008035
4.222500 0.368931 0.020686
4.227500 0.302889 0.027209
4.232500 0.298932 0.034117
4.237500 0.296238 0.004632
4.242500 0.285240 0.015933
4.247500 0.269238 0.017417
4.252500 0.259280 0.017958
4.257500 0.255811 0.018733
4.262500 0.296627 0.019867
4.267500 0.357754 0.036218
4.272500 0.304502 0.012978
4.277500 0.312268 0.010272
4.282500 0.353785 0.039619
4.287500 0.366837 0.030301
4.292500 0.487872 0.040367
4.297500 0.604075 0.028545
4.302500 0.748670 0.017540
4.307500 0.808233 0.026872
4.312500 0.864144 0.009887
4.317500 0.876124 0.033093
4.322500 0.909444 0.020477
4.327500 0.904308 0.021592
4.332500 0.905343 0.030601
4.337500 0.845977 0.071602
4.342500 0.822818 0.039421
4.347500 0.807744 0.013026
4.352500 0.783716 0.055128
4.357500 0.767558 0.027565
4.362500 0.798225 0.012939
4.367500 0.746781 0.023627
4.372500 0.625976 0.039878
4.377500 0.573964 0.002579
4.382500 0.498121 0.024784
4.387500 0.493841 0.025549
4.392500 0.568188 0.049898
4.397500 0.616821 0.012905
4.402500 0.666546 0.031245
4.407500 0.681012 0.025596
4.412500 0.633337 0.012032
4.417500 0.617440 0.023727
4.422500 0.717719 0.010836
4.427500 0.713891 0.028561
4.432500 0.671700 0.017655
4.437500 0.691830 0.042523
4.442500 0.786852 0.056803
4.447500 0.786239 0.074437
4.452500 0.730286 0.018573
4.457500 0.705496 0.004734
4.462500 0.711078 0.026621
4.467500 0.672275 0.001894
4.472500 0.639374 0.008905
4.477500 0.687678 0.030936
4.482500 0.708877 0.044337
4.487500 0.769318 0.063874
4.492500 0.723901 0.078759
4.497500 0.701995 0.026701
4.502500 0.707179 0.013627
4.507500 0.653219 0.028226
4.512500 0.665568 0.042842
4.517500 0.665899 0.006461
4.522500 0.666000 0.037482
4.527500 0.691213 0.071901
4.532500 0.649868 0.029886
4.537500 0.681063 0.027645
4.542500 0.664699 0.020779
4.547500 0.603244 0.034712
4.552500 0.605822 0.011351
4.557500 0.572964 0.019744
4.562500 0.629536 0.041840
4.567500 0.637630 0.034756
4.572500 0.707633 0.027080
4.577500 0.631285 0.008047
4.582500 0.668653 0.045143
4.587500 0.677326 0.031425
4.592500 0.712425 0.058583
4.597500 0.640732 0.021535
4.602500 0.626161 0.026535
4.607500 0.646657 0.016410
4.612500 0.571160 0.054196
4.617500 0.634262 0.020713
4.622500 0.659305 0.032399
4.627500 0.638346 0.046327
4.632500 0.589653 0.069634
4.637500 0.588248 0.076513
4.642500 0.692127 0.028676
4.647500 0.693136 0.064252
4.652500 0.491405 0.055189
4.657500 0.478044 0.060728
4.662500 0.378112 0.016224
4.667500 0.306332 0.024403
4.672500 0.308476 0.008738
4.677500 0.301762 0.021130
4.682500 0.322755 0.045953
4.687500 0.431688 0.016238
4.692500 0.469614 0.004781
4.697500 0.464555 0.017576
4.702500 0.614767 0.010381
4.707500 0.639793 0.031530
4.712500 0.677142 0.045989
4.717500 0.741129 0.028954
4.722500 0.708712 0.053457
4.727500 0.727743 0.083405
4.732500 0.760445 0.039721
4.737500 0.648388 0.007786
4.742500 0.699063 0.070430
4.747500 0.792702 0.109633
4.752500 0.786253 0.037516
4.757500 0.777690 0.046141
4.762500 0.700983 0.052319
4.767500 0.799878 0.092886
4.772500 0.788200 0.077564
4.777500 0.705079 0.034827
4.782500 0.662794 0.071934
4.787500 0.656429 0.018924
4.792500 0.683827 0.015790
4.797500 0.702151 0.025745
4.802500 0.726352 0.090953
4.807500 0.887457 0.059649
4.812500 0.804633 0.069753
4.817500 0.682046 0.056532
4.822500 0.793165 0.012865
4.827500 0.742597 0.053738
4.832500 0.730012 0.044486
4.837500 0.798549 0.026767
4.842500 0.882836 0.076319
4.847500 0.721632 0.072725
4.852500 0.641046 0.073912
4.857500 0.716490 0.060225
4.862500 0.756251 0.092568
4.867500 0.763164 0.141064
4.872500 0.770964 0.037857
4.877500 0.736121 0.044560
4.882500 0.752601 0.043587
4.887500 0.694059 0.019008
4.892500 0.602270 0.008436
4.897500 0.526239 0.009867
4.902500 0.531775 0.019812
4.907500 0.589885 0.039132
4.912500 0.722635 0.031682
4.917500 0.783229 0.018452
4.922500 0.732050 0.005273
4.927500 0.672978 0.092208
4.932500 0.744644 0.052283
4.937500 0.840347 0.052032
4.942500 0.843668 0.066894
4.947500 0.781678 0.095017
4.952500 0.884096 0.005725
4.957500 0.919462 0.040576
4.962500 0.915835 0.017190
4.967500 0.934535 0.028392
4.972500 0.984993 0.030174
4.977500 0.930152 0.051307
4.982500 0.869309 0.037733
4.987500 0.763666 0.082447
4.992500 0.793487 0.149202
4.997500 0.891895 0.066065
5.002500 0.816263 0.013182
5.007500 0.790374 0.059228
5.012500 0.933987 0.027242
5.017500 0.893446 0.040411
5.022500 0.816479 0.104779
5.027500 0.695182 0.023697
5.032500 0.655786 0.050059
5.037500 0.748405 0.105424
5.042500 0.875291 0.085126
5.047500 0.818252 0.067486
5.052500 0.647688 0.076861
5.057500 0.700088 0.064369
5.062500 0.661806 0.046321
5.067500 0.609323 0.045538
5.072500 0.689189 0.029887
5.077500 0.800270 0.074953
5.082500 0.728058 0.040130
5.087500 0.621787 0.035773
5.092500 0.664596 0.043989
5.097500 0.594011 0.034995
