# DATE = 2025-03-12
# PIPE_VER = 1.17.1
# PMAP = jwst_1322.pmap
# STANDARD_STAR = SNAP-2
# 
# Wavelength (microns), arbitrary reflectance, uncertainty
0.702500 0.490942 0.008662
0.707500 0.496944 0.007969
0.712500 0.497283 0.012452
0.717500 0.494162 0.006824
0.722500 0.490158 0.003255
0.727500 0.488412 0.004921
0.732500 0.506165 0.006857
0.737500 0.518894 0.012195
0.742500 0.532097 0.005108
0.747500 0.530414 0.005900
0.752500 0.531752 0.004789
0.757500 0.542452 0.003885
0.762500 0.545023 0.006658
0.767500 0.555630 0.005608
0.772500 0.565916 0.003586
0.777500 0.565823 0.009142
0.782500 0.566410 0.007451
0.787500 0.574244 0.004998
0.792500 0.558363 0.005408
0.797500 0.558427 0.006932
0.802500 0.566930 0.008144
0.807500 0.573114 0.010343
0.812500 0.582850 0.003393
0.817500 0.598348 0.006031
0.822500 0.613934 0.007103
0.827500 0.622770 0.014539
0.832500 0.642098 0.003438
0.837500 0.638458 0.003530
0.842500 0.631881 0.005891
0.847500 0.629042 0.004978
0.852500 0.629142 0.004352
0.857500 0.634964 0.007152
0.862500 0.638530 0.004542
0.867500 0.643009 0.004730
0.872500 0.649175 0.004706
0.877500 0.657666 0.008668
0.882500 0.662819 0.009710
0.887500 0.668705 0.009570
0.892500 0.674234 0.012477
0.897500 0.681983 0.007411
0.902500 0.692216 0.017076
0.907500 0.696493 0.012404
0.912500 0.704020 0.008624
0.917500 0.702445 0.010466
0.922500 0.705104 0.010887
0.927500 0.710575 0.013569
0.932500 0.719462 0.008334
0.937500 0.721612 0.010067
0.942500 0.722840 0.010672
0.947500 0.723664 0.011301
0.952500 0.723978 0.013660
0.957500 0.733623 0.008024
0.962500 0.738104 0.009563
0.967500 0.742312 0.007285
0.972500 0.747752 0.006417
0.977500 0.752282 0.011436
0.982500 0.760952 0.010461
0.987500 0.766291 0.011155
0.992500 0.773946 0.010388
0.997500 0.777619 0.006183
1.002500 0.787818 0.007841
1.007500 0.799441 0.007501
1.012500 0.795724 0.008824
1.017500 0.797270 0.010303
1.022500 0.798572 0.012341
1.027500 0.797735 0.014120
1.032500 0.801855 0.012978
1.037500 0.807928 0.014615
1.042500 0.807781 0.010856
1.047500 0.809338 0.010563
1.052500 0.810264 0.009005
1.057500 0.815005 0.004454
1.062500 0.822282 0.008029
1.067500 0.827007 0.008974
1.072500 0.831896 0.007979
1.077500 0.836053 0.006230
1.082500 0.841378 0.006997
1.087500 0.847507 0.005037
1.092500 0.851871 0.007322
1.097500 0.858788 0.011345
1.102500 0.860465 0.010294
1.107500 0.866010 0.008546
1.112500 0.870864 0.008971
1.117500 0.875567 0.008399
1.122500 0.880296 0.006909
1.127500 0.884466 0.008451
1.132500 0.890089 0.010954
1.137500 0.891509 0.007443
1.142500 0.895581 0.008288
1.147500 0.896515 0.009997
1.152500 0.898077 0.005315
1.157500 0.898637 0.007441
1.162500 0.904329 0.007807
1.167500 0.902290 0.009786
1.172500 0.904846 0.010435
1.177500 0.907171 0.008786
1.182500 0.915598 0.011207
1.187500 0.918540 0.007188
1.192500 0.920933 0.009309
1.197500 0.926224 0.012976
1.202500 0.924460 0.010092
1.207500 0.926135 0.007812
1.212500 0.931917 0.011584
1.217500 0.928176 0.010940
1.222500 0.924172 0.005642
1.227500 0.933891 0.006754
1.232500 0.944104 0.011828
1.237500 0.950105 0.015706
1.242500 0.950529 0.011195
1.247500 0.951152 0.007397
1.252500 0.950681 0.005529
1.257500 0.952725 0.007915
1.262500 0.956067 0.007955
1.267500 0.958107 0.005572
1.272500 0.955382 0.004909
1.277500 0.954849 0.005313
1.282500 0.954765 0.004737
1.287500 0.956031 0.005080
1.292500 0.964326 0.006402
1.297500 0.965995 0.005014
1.302500 0.970434 0.008097
1.307500 0.977152 0.007636
1.312500 0.980757 0.008856
1.317500 0.980995 0.008878
1.322500 0.988977 0.008229
1.327500 0.990181 0.013106
1.332500 0.983158 0.014105
1.337500 0.984952 0.013190
1.342500 0.984540 0.014892
1.347500 0.984345 0.014164
1.352500 0.986798 0.009900
1.357500 0.991604 0.006873
1.362500 0.998338 0.010574
1.367500 0.997688 0.010623
1.372500 1.002214 0.008679
1.377500 0.999529 0.009518
1.382500 1.002855 0.009080
1.387500 1.002534 0.008915
1.392500 1.003660 0.008328
1.397500 1.006054 0.006341
1.402500 1.004892 0.006929
1.407500 1.008607 0.007047
1.412500 1.012953 0.009707
1.417500 1.013285 0.009895
1.422500 1.015553 0.010373
1.427500 1.016221 0.010514
1.432500 1.013285 0.009611
1.437500 1.013051 0.008604
1.442500 1.009470 0.006732
1.447500 1.009635 0.006673
1.452500 1.010680 0.008442
1.457500 1.014835 0.010107
1.462500 1.012051 0.009445
1.467500 1.012972 0.009012
1.472500 1.012947 0.008423
1.477500 1.005829 0.010278
1.482500 1.007642 0.006372
1.487500 1.010157 0.007910
1.492500 1.004884 0.015985
1.497500 1.006731 0.016548
1.502500 1.008252 0.015557
1.507500 1.010815 0.014670
1.512500 1.013153 0.011484
1.517500 1.011287 0.011494
1.522500 1.007612 0.011192
1.527500 1.010016 0.009668
1.532500 1.014327 0.007376
1.537500 1.014927 0.006833
1.542500 1.015884 0.008430
1.547500 1.020317 0.007668
1.552500 1.019948 0.012619
1.557500 1.018203 0.010698
1.562500 1.014622 0.008440
1.567500 1.017011 0.009389
1.572500 1.022411 0.011442
1.577500 1.020150 0.010859
1.582500 1.022905 0.009466
1.587500 1.025376 0.006594
1.592500 1.027793 0.009574
1.597500 1.032195 0.008802
1.602500 1.024138 0.005446
1.607500 1.025604 0.007980
1.612500 1.019965 0.004422
1.617500 1.025698 0.008923
1.622500 1.029863 0.014905
1.627500 1.035953 0.011829
1.632500 1.040914 0.012176
1.637500 1.044504 0.012943
1.642500 1.047941 0.012966
1.647500 1.052611 0.011993
1.652500 1.053757 0.012148
1.657500 1.054858 0.014192
1.662500 1.057387 0.012924
1.667500 1.063710 0.009898
1.672500 1.067976 0.009756
1.677500 1.068500 0.005691
1.682500 1.070444 0.005664
1.687500 1.067259 0.006984
1.692500 1.067254 0.007094
1.697500 1.066042 0.008555
1.702500 1.085192 0.020430
1.707500 1.097245 0.014974
1.712500 1.082832 0.011381
1.717500 1.076002 0.005924
1.722500 1.078965 0.005643
1.727500 1.087573 0.008165
1.732500 1.075792 0.011037
1.737500 1.065647 0.005319
1.742500 1.065693 0.007050
1.747500 1.074660 0.006522
1.752500 1.071306 0.004994
1.757500 1.073265 0.005863
1.762500 1.078209 0.008895
1.767500 1.083193 0.008854
1.772500 1.083748 0.009112
1.777500 1.081298 0.010233
1.782500 1.085582 0.007389
1.787500 1.087645 0.008165
1.792500 1.085135 0.007250
1.797500 1.085531 0.008176
1.802500 1.091057 0.005569
1.807500 1.100444 0.007271
1.812500 1.095143 0.007840
1.817500 1.096552 0.004344
1.822500 1.102510 0.005007
1.827500 1.094544 0.008762
1.832500 1.098123 0.012259
1.837500 1.099780 0.013660
1.842500 1.109336 0.012700
1.847500 1.116450 0.007073
1.852500 1.109579 0.010452
1.857500 1.109703 0.007488
1.862500 1.121395 0.005325
1.867500 1.103800 0.007827
1.872500 1.103268 0.004761
1.877500 1.106571 0.002812
1.882500 1.107105 0.007187
1.887500 1.103218 0.009050
1.892500 1.102438 0.007013
1.897500 1.103902 0.007707
1.902500 1.100470 0.012540
1.907500 1.098345 0.012578
1.912500 1.097398 0.006706
1.917500 1.095441 0.005622
1.922500 1.072575 0.007619
1.927500 1.060705 0.012234
1.932500 1.048013 0.012331
1.937500 1.051428 0.006080
1.942500 1.020265 0.010766
1.947500 1.009978 0.009532
1.952500 1.006802 0.005087
1.957500 1.006564 0.005235
1.962500 0.993681 0.011800
1.967500 0.994327 0.007286
1.972500 0.997861 0.008947
1.977500 0.994696 0.010236
1.982500 0.988800 0.010895
1.987500 0.993631 0.008350
1.992500 0.998624 0.005842
1.997500 0.998681 0.004074
2.002500 0.996754 0.003884
2.007500 0.995423 0.004198
2.012500 1.008715 0.006548
2.017500 1.007169 0.007561
2.022500 1.010998 0.005988
2.027500 1.013484 0.005473
2.032500 1.013671 0.006002
2.037500 1.008921 0.006159
2.042500 1.012761 0.006835
2.047500 1.017281 0.007357
2.052500 1.020585 0.006246
2.057500 1.032073 0.013232
2.062500 1.041400 0.009581
2.067500 1.042465 0.010245
2.072500 1.035629 0.010960
2.077500 1.032836 0.007672
2.082500 1.039132 0.007846
2.087500 1.038902 0.009178
2.092500 1.042396 0.007375
2.097500 1.053975 0.006832
2.102500 1.057379 0.009046
2.107500 1.053817 0.003913
2.112500 1.057071 0.004077
2.117500 1.060187 0.003859
2.122500 1.065530 0.003287
2.127500 1.063023 0.010118
2.132500 1.068763 0.011207
2.137500 1.081055 0.007565
2.142500 1.071862 0.010436
2.147500 1.076895 0.004563
2.152500 1.080422 0.004020
2.157500 1.077162 0.011009
2.162500 1.075375 0.013686
2.167500 1.081715 0.015178
2.172500 1.085106 0.011088
2.177500 1.080654 0.008998
2.182500 1.085677 0.008973
2.187500 1.086268 0.011665
2.192500 1.077892 0.012837
2.197500 1.076057 0.015450
2.202500 1.073679 0.008780
2.207500 1.081105 0.004755
2.212500 1.099029 0.004954
2.217500 1.094388 0.007160
2.222500 1.089753 0.004939
2.227500 1.087601 0.009807
2.232500 1.085737 0.007731
2.237500 1.085680 0.005400
2.242500 1.080411 0.004516
2.247500 1.058602 0.005643
2.252500 1.058618 0.004016
2.257500 1.049131 0.006655
2.262500 1.027757 0.017455
2.267500 1.013628 0.006796
2.272500 1.013767 0.003595
2.277500 1.011731 0.003934
2.282500 1.012654 0.004355
2.287500 1.021960 0.005704
2.292500 1.019941 0.009022
2.297500 1.029189 0.009839
2.302500 1.029789 0.006835
2.307500 1.032730 0.008138
2.312500 1.026944 0.007447
2.317500 1.019098 0.007073
2.322500 1.007175 0.008857
2.327500 1.005353 0.005417
2.332500 1.013004 0.010428
2.337500 1.024352 0.003512
2.342500 1.027186 0.006882
2.347500 1.034513 0.013317
2.352500 1.046879 0.007112
2.357500 1.036628 0.013582
2.362500 1.044488 0.005525
2.367500 1.033076 0.012658
2.372500 1.028787 0.006901
2.377500 1.017878 0.008833
2.382500 1.022734 0.007902
2.387500 1.028746 0.005043
2.392500 1.039360 0.007392
2.397500 1.037048 0.010052
2.402500 1.043434 0.002763
2.407500 1.017315 0.003200
2.412500 1.019080 0.004866
2.417500 1.025826 0.003123
2.422500 1.018449 0.006099
2.427500 1.012200 0.004020
2.432500 1.022591 0.011146
2.437500 1.013105 0.009859
2.442500 1.013639 0.011022
2.447500 1.007528 0.006742
2.452500 0.995288 0.005093
2.457500 0.983164 0.007801
2.462500 0.981411 0.007464
2.467500 0.986439 0.005971
2.472500 0.981734 0.003853
2.477500 0.980975 0.003564
2.482500 0.984924 0.003579
2.487500 0.968918 0.005019
2.492500 0.967465 0.006825
2.497500 0.968676 0.002677
2.502500 0.949141 0.010920
2.507500 0.972753 0.006227
2.512500 0.978871 0.005729
2.517500 0.992716 0.004353
2.522500 0.999288 0.007839
2.527500 1.004791 0.005651
2.532500 0.989177 0.009179
2.537500 0.990815 0.006215
2.542500 0.997385 0.004021
2.547500 1.001414 0.004794
2.552500 1.000834 0.006054
2.557500 1.008931 0.004929
2.562500 1.002567 0.006335
2.567500 1.005795 0.003952
2.572500 1.005528 0.004855
2.577500 1.008346 0.004515
2.582500 1.005305 0.002131
2.587500 1.002991 0.002633
2.592500 0.998006 0.002632
2.597500 1.000008 0.005764
2.602500 1.000000 0.006517
2.607500 0.997527 0.005686
2.612500 0.995339 0.001531
2.617500 1.000572 0.004058
2.622500 0.993228 0.004992
2.627500 0.993699 0.007591
2.632500 0.992019 0.004734
2.637500 0.977793 0.002310
2.642500 0.983030 0.002391
2.647500 0.974393 0.002059
2.652500 0.961553 0.004932
2.657500 0.933315 0.009460
2.662500 0.916817 0.006669
2.667500 0.892554 0.005227
2.672500 0.869939 0.002272
2.677500 0.846694 0.011722
2.682500 0.792629 0.008046
2.687500 0.760894 0.009742
2.692500 0.721515 0.016771
2.697500 0.658202 0.014677
2.702500 0.630108 0.015280
2.707500 0.615465 0.020823
2.712500 0.601097 0.006409
2.717500 0.622644 0.010237
2.722500 0.645229 0.005379
2.727500 0.652284 0.007870
2.732500 0.637959 0.010109
2.737500 0.611970 0.001677
2.742500 0.579085 0.005561
2.747500 0.553148 0.003099
2.752500 0.511074 0.005709
2.757500 0.477878 0.006226
2.762500 0.442373 0.005825
2.767500 0.402340 0.006331
2.772500 0.368880 0.008709
2.777500 0.343062 0.003724
2.782500 0.314303 0.007851
2.787500 0.288151 0.004381
2.792500 0.266534 0.003637
2.797500 0.246500 0.002310
2.802500 0.229346 0.005847
2.807500 0.207869 0.003345
2.812500 0.191350 0.001127
2.817500 0.180061 0.002434
2.822500 0.157527 0.003606
2.827500 0.144597 0.002518
2.832500 0.132380 0.003671
2.837500 0.118872 0.001615
2.842500 0.104773 0.003514
2.847500 0.098656 0.002760
2.852500 0.090854 0.000333
2.857500 0.082671 0.000931
2.862500 0.073595 0.002845
2.867500 0.063377 0.000927
2.872500 0.059820 0.000546
2.877500 0.054316 0.002759
2.882500 0.050777 0.001662
2.887500 0.047768 0.001154
2.892500 0.043400 0.002071
2.897500 0.040978 0.004104
2.902500 0.037622 0.003537
2.907500 0.039822 0.002317
2.912500 0.038227 0.000464
2.917500 0.034587 0.000746
2.922500 0.033877 0.000892
2.927500 0.037138 0.001885
2.932500 0.035690 0.002440
2.937500 0.035092 0.002203
2.942500 0.032577 0.002395
2.947500 0.032422 0.001607
2.952500 0.030911 0.002752
2.957500 0.025036 0.001671
2.962500 0.024588 0.001409
2.967500 0.027418 0.002075
2.972500 0.028640 0.001929
2.977500 0.027058 0.002616
2.982500 0.024833 0.004280
2.987500 0.023317 0.004891
2.992500 0.025962 0.002488
2.997500 0.029035 0.001973
3.002500 0.030590 0.001970
3.007500 0.031124 0.000811
3.012500 0.031090 0.002015
3.017500 0.029694 0.001906
3.022500 0.027230 0.003586
3.027500 0.023430 0.001325
3.032500 0.025788 0.001493
3.037500 0.024587 0.000320
3.042500 0.025504 0.000798
3.047500 0.025610 0.000341
3.052500 0.026991 0.001042
3.057500 0.026144 0.000227
3.062500 0.026094 0.001121
3.067500 0.026326 0.002333
3.072500 0.028744 0.002364
3.077500 0.026301 0.004024
3.082500 0.027800 0.003073
3.087500 0.030560 0.002893
3.092500 0.030009 0.001048
3.097500 0.034310 0.001221
3.102500 0.034298 0.001058
3.107500 0.036346 0.001107
3.112500 0.037089 0.002372
3.117500 0.038431 0.001117
3.122500 0.039255 0.000988
3.127500 0.038584 0.003031
3.132500 0.043053 0.002320
3.137500 0.042858 0.001081
3.142500 0.043012 0.000285
3.147500 0.045055 0.000730
3.152500 0.047151 0.000197
3.157500 0.047238 0.001639
3.162500 0.047999 0.001452
3.167500 0.045570 0.000181
3.172500 0.048516 0.001546
3.177500 0.049453 0.003424
3.182500 0.049446 0.000669
3.187500 0.053023 0.001593
3.192500 0.056774 0.001262
3.197500 0.064514 0.003550
3.202500 0.066236 0.003284
3.207500 0.071012 0.002207
3.212500 0.070953 0.004338
3.217500 0.077689 0.007701
3.222500 0.068371 0.009229
3.227500 0.070107 0.008834
3.232500 0.076533 0.005175
3.237500 0.083763 0.006997
3.242500 0.090036 0.007681
3.247500 0.095197 0.006845
3.252500 0.103742 0.005031
3.257500 0.113634 0.003301
3.262500 0.114785 0.002060
3.267500 0.119965 0.006959
3.272500 0.125628 0.011560
3.277500 0.129117 0.006171
3.282500 0.133503 0.002129
3.287500 0.140012 0.003343
3.292500 0.151874 0.005698
3.297500 0.154122 0.003780
3.302500 0.158366 0.001599
3.307500 0.153767 0.000590
3.312500 0.159350 0.000787
3.317500 0.158291 0.002463
3.322500 0.159753 0.002957
3.327500 0.174148 0.004445
3.332500 0.170940 0.005393
3.337500 0.168842 0.004835
3.342500 0.169642 0.001737
3.347500 0.169487 0.001333
3.352500 0.163651 0.004031
3.357500 0.153349 0.001551
3.362500 0.152293 0.001102
3.367500 0.139673 0.002502
3.372500 0.146746 0.002663
3.377500 0.159767 0.004154
3.382500 0.166545 0.002804
3.387500 0.178364 0.001320
3.392500 0.173948 0.005566
3.397500 0.174446 0.002043
3.402500 0.163026 0.003185
3.407500 0.167118 0.006281
3.412500 0.171146 0.008766
3.417500 0.179122 0.008947
3.422500 0.179978 0.001201
3.427500 0.184213 0.003665
3.432500 0.176685 0.008396
3.437500 0.185135 0.013181
3.442500 0.191394 0.007552
3.447500 0.204422 0.002533
3.452500 0.206134 0.001826
3.457500 0.205902 0.000570
3.462500 0.205651 0.000423
3.467500 0.202261 0.001519
3.472500 0.190850 0.005131
3.477500 0.187393 0.002341
3.482500 0.198647 0.004273
3.487500 0.203239 0.006704
3.492500 0.213190 0.007748
3.497500 0.218784 0.006069
3.502500 0.220685 0.003642
3.507500 0.219045 0.004743
3.512500 0.218740 0.002988
3.517500 0.215096 0.001240
3.522500 0.222067 0.003648
3.527500 0.223457 0.007243
3.532500 0.229822 0.008166
3.537500 0.231930 0.011100
3.542500 0.233655 0.012980
3.547500 0.239379 0.009507
3.552500 0.239915 0.005980
3.557500 0.247137 0.004810
3.562500 0.260012 0.003084
3.567500 0.269602 0.005378
3.572500 0.278879 0.005015
3.577500 0.287920 0.006787
3.582500 0.288513 0.003604
3.587500 0.287203 0.003654
3.592500 0.302512 0.008437
3.597500 0.308537 0.003697
3.602500 0.315419 0.003341
3.607500 0.313253 0.004265
3.612500 0.301782 0.002189
3.617500 0.301213 0.001424
3.622500 0.307664 0.003645
3.627500 0.319092 0.002941
3.632500 0.316858 0.004033
3.637500 0.315860 0.003000
3.642500 0.330240 0.002080
3.647500 0.333176 0.010125
3.652500 0.334698 0.007646
3.657500 0.323349 0.006981
3.662500 0.308438 0.001743
3.667500 0.327418 0.004370
3.672500 0.326991 0.005005
3.677500 0.326628 0.003385
3.682500 0.338622 0.001704
3.687500 0.332784 0.001991
3.692500 0.325197 0.004444
3.697500 0.327616 0.007592
3.702500 0.327703 0.004744
3.707500 0.322851 0.002757
3.712500 0.340812 0.003973
3.717500 0.331655 0.004255
3.722500 0.324793 0.005354
3.727500 0.333035 0.009268
3.732500 0.336052 0.017049
3.737500 0.337831 0.012105
3.742500 0.335712 0.004885
3.747500 0.336790 0.005020
3.752500 0.318851 0.003460
3.757500 0.312280 0.002392
3.762500 0.312905 0.003524
3.767500 0.312515 0.005365
3.772500 0.327710 0.006309
3.777500 0.337649 0.008734
3.782500 0.336987 0.002512
3.787500 0.342672 0.005083
3.792500 0.328249 0.009538
3.797500 0.331147 0.013984
3.802500 0.318452 0.002150
3.807500 0.316689 0.009662
3.812500 0.306626 0.007450
3.817500 0.304344 0.006047
3.822500 0.311500 0.005810
3.827500 0.311506 0.002520
3.832500 0.321362 0.011355
3.837500 0.315796 0.009921
3.842500 0.319526 0.008658
3.847500 0.316080 0.008316
3.852500 0.320277 0.012188
3.857500 0.320059 0.005659
3.862500 0.309720 0.006218
3.867500 0.307630 0.009203
3.872500 0.293722 0.016696
3.877500 0.283086 0.006554
3.882500 0.275013 0.003497
3.887500 0.284218 0.007503
3.892500 0.289118 0.008602
3.897500 0.294976 0.007538
3.902500 0.289314 0.009471
3.907500 0.275107 0.005624
3.912500 0.280587 0.004276
3.917500 0.289406 0.004565
3.922500 0.299674 0.004706
3.927500 0.290560 0.007684
3.932500 0.283740 0.005177
3.937500 0.268560 0.002046
3.942500 0.272848 0.006871
3.947500 0.285882 0.003072
3.952500 0.281292 0.014737
3.957500 0.275947 0.014586
3.962500 0.286378 0.007625
3.967500 0.292933 0.006674
3.972500 0.288108 0.005238
3.977500 0.264311 0.002457
3.982500 0.262793 0.009904
3.987500 0.284120 0.012362
3.992500 0.298984 0.006818
3.997500 0.302359 0.014523
4.002500 0.288651 0.007662
4.007500 0.290818 0.010609
4.012500 0.292844 0.006455
4.017500 0.288690 0.006588
4.022500 0.290740 0.008822
4.027500 0.304810 0.005626
4.032500 0.301582 0.003641
4.037500 0.295889 0.003283
4.042500 0.287082 0.008741
4.047500 0.251601 0.005782
4.052500 0.258505 0.010815
4.057500 0.278105 0.002179
4.062500 0.290959 0.005711
4.067500 0.291179 0.011470
4.072500 0.278174 0.018340
4.077500 0.281873 0.017662
4.082500 0.281953 0.015456
4.087500 0.284370 0.011380
4.092500 0.292178 0.005148
4.097500 0.270800 0.001903
4.102500 0.270655 0.004549
4.107500 0.270262 0.007960
4.112500 0.268065 0.006685
4.117500 0.269928 0.002731
4.122500 0.267139 0.009682
4.127500 0.245299 0.003758
4.132500 0.254667 0.004436
4.137500 0.268275 0.001627
4.142500 0.291765 0.002484
4.147500 0.283619 0.003691
4.152500 0.253147 0.002281
4.157500 0.252850 0.007133
4.162500 0.243726 0.003870
4.167500 0.243711 0.015365
4.172500 0.242278 0.010554
4.177500 0.243036 0.009603
4.182500 0.237267 0.014464
4.187500 0.241406 0.007227
4.192500 0.234930 0.001214
4.197500 0.216683 0.005455
4.202500 0.200011 0.007243
4.207500 0.161129 0.001522
4.212500 0.126899 0.001617
4.217500 0.094919 0.015435
4.222500 0.079790 0.008597
4.227500 0.081434 0.011373
4.232500 0.072452 0.005143
4.237500 0.065998 0.003597
4.242500 0.061133 0.012197
4.247500 0.057009 0.006816
4.252500 0.050100 0.006035
4.257500 0.064991 0.006442
4.262500 0.062057 0.007376
4.267500 0.075925 0.006742
4.272500 0.069822 0.000754
4.277500 0.073765 0.004111
4.282500 0.096378 0.006176
4.287500 0.134756 0.006805
4.292500 0.171013 0.007327
4.297500 0.242532 0.007487
4.302500 0.317132 0.010329
4.307500 0.374420 0.012033
4.312500 0.404039 0.014879
4.317500 0.418925 0.017048
4.322500 0.426813 0.022644
4.327500 0.429750 0.013830
4.332500 0.419357 0.015948
4.337500 0.425423 0.011533
4.342500 0.430843 0.006719
4.347500 0.406669 0.010059
4.352500 0.403592 0.010839
4.357500 0.396237 0.022688
4.362500 0.382961 0.015431
4.367500 0.380562 0.004514
4.372500 0.342456 0.024732
4.377500 0.289610 0.001662
4.382500 0.277739 0.006287
4.387500 0.262041 0.004467
4.392500 0.261778 0.007567
4.397500 0.273598 0.012798
4.402500 0.284768 0.011132
4.407500 0.278324 0.009429
4.412500 0.288055 0.009978
4.417500 0.272363 0.013749
4.422500 0.300037 0.005595
4.427500 0.314382 0.011608
4.432500 0.287410 0.016110
4.437500 0.274802 0.002439
4.442500 0.278301 0.017316
4.447500 0.249673 0.019724
4.452500 0.249709 0.015442
4.457500 0.265543 0.006254
4.462500 0.278453 0.011902
4.467500 0.264981 0.018741
4.472500 0.252461 0.004387
4.477500 0.267420 0.007607
4.482500 0.287741 0.010685
4.487500 0.258450 0.021937
4.492500 0.247064 0.013133
4.497500 0.263176 0.009500
4.502500 0.273572 0.004080
4.507500 0.273256 0.010370
4.512500 0.274232 0.009999
4.517500 0.264518 0.018339
4.522500 0.260209 0.015728
4.527500 0.239983 0.004975
4.532500 0.236450 0.006098
4.537500 0.250377 0.006568
4.542500 0.273945 0.009032
4.547500 0.273558 0.002543
4.552500 0.285309 0.016980
4.557500 0.284688 0.016034
4.562500 0.264326 0.006706
4.567500 0.266653 0.003087
4.572500 0.270028 0.004697
4.577500 0.261832 0.012524
4.582500 0.266655 0.007126
4.587500 0.247087 0.005167
4.592500 0.243838 0.024274
4.597500 0.204999 0.000589
4.602500 0.226621 0.004213
4.607500 0.233343 0.005869
4.612500 0.234189 0.007850
4.617500 0.247216 0.008721
4.622500 0.256663 0.022094
4.627500 0.232225 0.012750
4.632500 0.191146 0.030202
4.637500 0.220193 0.025277
4.642500 0.235115 0.010243
4.647500 0.222593 0.007619
4.652500 0.220925 0.018359
4.657500 0.214731 0.030580
4.662500 0.226168 0.017839
4.667500 0.190930 0.018582
4.672500 0.131343 0.012662
4.677500 0.108039 0.010010
4.682500 0.084358 0.014322
4.687500 0.114777 0.006066
4.692500 0.131393 0.009290
4.697500 0.179895 0.024231
4.702500 0.225054 0.009081
4.707500 0.239250 0.007265
4.712500 0.275379 0.018554
4.717500 0.307013 0.015912
4.722500 0.284263 0.001901
4.727500 0.299602 0.003712
4.732500 0.303781 0.009499
4.737500 0.283203 0.012664
4.742500 0.295126 0.011059
4.747500 0.312216 0.020641
4.752500 0.337387 0.024436
4.757500 0.347955 0.027552
4.762500 0.346531 0.010271
4.767500 0.337825 0.016534
4.772500 0.329416 0.013506
4.777500 0.331180 0.006923
4.782500 0.352648 0.021545
4.787500 0.360388 0.017804
4.792500 0.363504 0.015270
4.797500 0.366609 0.007899
4.802500 0.340793 0.019621
4.807500 0.340423 0.008744
4.812500 0.375315 0.009652
4.817500 0.351782 0.027486
4.822500 0.382135 0.032990
4.827500 0.383856 0.023199
4.832500 0.353896 0.012599
4.837500 0.333478 0.008107
4.842500 0.343983 0.002914
4.847500 0.369884 0.027555
4.852500 0.374841 0.004148
4.857500 0.371531 0.009348
4.862500 0.342130 0.015603
4.867500 0.349001 0.042502
4.872500 0.382296 0.029116
4.877500 0.392804 0.002570
4.882500 0.373328 0.013516
4.887500 0.369181 0.012970
4.892500 0.395496 0.020904
4.897500 0.420578 0.007820
4.902500 0.392782 0.009425
4.907500 0.402728 0.022717
4.912500 0.407130 0.029646
4.917500 0.408112 0.021006
4.922500 0.381244 0.008765
4.927500 0.370473 0.017574
4.932500 0.382480 0.014866
4.937500 0.404379 0.008011
4.942500 0.404459 0.028154
4.947500 0.409769 0.042755
4.952500 0.399824 0.030872
4.957500 0.362062 0.006333
4.962500 0.409107 0.018512
4.967500 0.408176 0.025540
4.972500 0.424907 0.014212
4.977500 0.410150 0.027457
4.982500 0.400368 0.016970
4.987500 0.414650 0.009790
4.992500 0.416211 0.008545
4.997500 0.434178 0.045235
5.002500 0.441830 0.005405
5.007500 0.415688 0.009880
5.012500 0.422838 0.019674
5.017500 0.400927 0.021815
5.022500 0.397876 0.039484
5.027500 0.370964 0.020914
5.032500 0.392694 0.008367
5.037500 0.393514 0.005650
5.042500 0.362855 0.038146
5.047500 0.374661 0.022649
5.052500 0.399302 0.019131
5.057500 0.408986 0.022758
5.062500 0.444139 0.007358
5.067500 0.438613 0.011010
5.072500 0.386202 0.015037
5.077500 0.379872 0.026331
5.082500 0.390968 0.046770
5.087500 0.369294 0.044009
5.092500 0.363653 0.026382
5.097500 0.340057 0.031100
