# DATE = 2025-03-12
# PIPE_VER = 1.17.1
# PMAP = jwst_1322.pmap
# STANDARD_STAR = SNAP-2
# 
# Wavelength (microns), arbitrary reflectance, uncertainty
0.702500 0.667757 0.009480
0.707500 0.662269 0.016793
0.712500 0.666494 0.021458
0.717500 0.682489 0.020962
0.722500 0.696003 0.018497
0.727500 0.690499 0.017140
0.732500 0.696116 0.009443
0.737500 0.696294 0.010161
0.742500 0.704018 0.015019
0.747500 0.718707 0.010637
0.752500 0.717227 0.016210
0.757500 0.730885 0.008283
0.762500 0.723586 0.006362
0.767500 0.741157 0.014722
0.772500 0.748333 0.015132
0.777500 0.750644 0.014217
0.782500 0.746237 0.016285
0.787500 0.736932 0.007720
0.792500 0.752354 0.009795
0.797500 0.754223 0.009531
0.802500 0.774623 0.018265
0.807500 0.774799 0.015022
0.812500 0.759009 0.008455
0.817500 0.773660 0.017528
0.822500 0.786254 0.023285
0.827500 0.790507 0.018480
0.832500 0.792765 0.021171
0.837500 0.795612 0.022622
0.842500 0.802921 0.020032
0.847500 0.800232 0.020579
0.852500 0.803983 0.018546
0.857500 0.818026 0.016915
0.862500 0.821035 0.016386
0.867500 0.827214 0.012973
0.872500 0.837146 0.014803
0.877500 0.830743 0.019364
0.882500 0.831363 0.024189
0.887500 0.838553 0.019167
0.892500 0.848694 0.025520
0.897500 0.851214 0.021822
0.902500 0.855080 0.021950
0.907500 0.853408 0.020940
0.912500 0.862616 0.022259
0.917500 0.867418 0.018976
0.922500 0.868150 0.016830
0.927500 0.871141 0.024216
0.932500 0.879874 0.023515
0.937500 0.889935 0.017240
0.942500 0.891345 0.020292
0.947500 0.884724 0.016688
0.952500 0.883717 0.022984
0.957500 0.893594 0.021561
0.962500 0.895964 0.022265
0.967500 0.902623 0.025554
0.972500 0.902534 0.019708
0.977500 0.906730 0.021018
0.982500 0.915139 0.020827
0.987500 0.921235 0.017649
0.992500 0.915747 0.018311
0.997500 0.913849 0.019425
1.002500 0.920609 0.026214
1.007500 0.929220 0.025805
1.012500 0.925748 0.025815
1.017500 0.930958 0.022101
1.022500 0.939911 0.024305
1.027500 0.937153 0.026985
1.032500 0.939232 0.027142
1.037500 0.943158 0.029208
1.042500 0.938009 0.024298
1.047500 0.942686 0.026566
1.052500 0.937674 0.021697
1.057500 0.937674 0.021850
1.062500 0.943038 0.021218
1.067500 0.955816 0.028192
1.072500 0.957207 0.027790
1.077500 0.956153 0.029243
1.082500 0.957086 0.027295
1.087500 0.959142 0.027271
1.092500 0.966905 0.027620
1.097500 0.972302 0.028599
1.102500 0.972165 0.028797
1.107500 0.978244 0.026548
1.112500 0.987783 0.024366
1.117500 0.995707 0.024473
1.122500 0.993645 0.027057
1.127500 0.996009 0.028698
1.132500 1.002540 0.033993
1.137500 0.998582 0.033344
1.142500 1.002153 0.033236
1.147500 0.999120 0.032862
1.152500 0.998291 0.030569
1.157500 1.002381 0.028054
1.162500 1.006897 0.029322
1.167500 1.008509 0.030065
1.172500 1.010722 0.028939
1.177500 1.011674 0.028779
1.182500 1.027253 0.030951
1.187500 1.028919 0.033206
1.192500 1.024340 0.031432
1.197500 1.024221 0.030199
1.202500 1.020597 0.031606
1.207500 1.022996 0.030226
1.212500 1.025268 0.029637
1.217500 1.029746 0.034279
1.222500 1.037058 0.032915
1.227500 1.035394 0.029675
1.232500 1.032866 0.029176
1.237500 1.036483 0.032559
1.242500 1.023945 0.032981
1.247500 1.032630 0.029393
1.252500 1.028958 0.033820
1.257500 1.029481 0.031796
1.262500 1.043160 0.020296
1.267500 1.047602 0.022103
1.272500 1.075983 0.010633
1.277500 1.064121 0.017867
1.282500 1.045430 0.029274
1.287500 1.046445 0.028642
1.292500 1.050724 0.029196
1.297500 1.050133 0.029156
1.302500 1.052730 0.031732
1.307500 1.054522 0.030898
1.312500 1.051261 0.028848
1.317500 1.058205 0.030224
1.322500 1.058879 0.031074
1.327500 1.056737 0.034674
1.332500 1.054303 0.032490
1.337500 1.056914 0.032527
1.342500 1.058064 0.031107
1.347500 1.059100 0.030218
1.352500 1.060587 0.030413
1.357500 1.063325 0.033699
1.362500 1.066667 0.035628
1.367500 1.068273 0.032221
1.372500 1.066220 0.030358
1.377500 1.061842 0.024718
1.382500 1.064272 0.024188
1.387500 1.063348 0.021683
1.392500 1.063337 0.022066
1.397500 1.057731 0.026099
1.402500 1.055412 0.028881
1.407500 1.059093 0.029826
1.412500 1.049074 0.018672
1.417500 1.054967 0.017334
1.422500 1.059223 0.017405
1.427500 1.066864 0.021252
1.432500 1.072586 0.026945
1.437500 1.071837 0.031159
1.442500 1.068834 0.033061
1.447500 1.071763 0.035633
1.452500 1.071413 0.034047
1.457500 1.068168 0.035714
1.462500 1.067188 0.035902
1.467500 1.070420 0.037523
1.472500 1.075047 0.039578
1.477500 1.071449 0.042487
1.482500 1.072948 0.042370
1.487500 1.066852 0.038468
1.492500 1.071413 0.032897
1.497500 1.068696 0.030311
1.502500 1.075847 0.032541
1.507500 1.072140 0.028356
1.512500 1.074161 0.033305
1.517500 1.069824 0.038240
1.522500 1.065319 0.038885
1.527500 1.075069 0.042757
1.532500 1.074210 0.042969
1.537500 1.073323 0.043615
1.542500 1.070222 0.042921
1.547500 1.070899 0.039833
1.552500 1.073448 0.039224
1.557500 1.074404 0.042239
1.562500 1.075846 0.041824
1.567500 1.061233 0.026256
1.572500 1.062970 0.022105
1.577500 1.068962 0.031170
1.582500 1.073137 0.032502
1.587500 1.077783 0.033558
1.592500 1.075129 0.031950
1.597500 1.071221 0.033051
1.602500 1.069446 0.032975
1.607500 1.069899 0.030734
1.612500 1.074827 0.032193
1.617500 1.085481 0.027811
1.622500 1.088517 0.024714
1.627500 1.085950 0.028558
1.632500 1.085443 0.032198
1.637500 1.083883 0.028180
1.642500 1.081439 0.031295
1.647500 1.092237 0.031808
1.652500 1.090635 0.032053
1.657500 1.080097 0.038249
1.662500 1.086669 0.037345
1.667500 1.081698 0.039744
1.672500 1.091250 0.037659
1.677500 1.097892 0.041413
1.682500 1.102345 0.041808
1.687500 1.103714 0.037077
1.692500 1.105040 0.038604
1.697500 1.104098 0.041341
1.702500 1.104545 0.035363
1.707500 1.106059 0.036147
1.712500 1.099341 0.035313
1.717500 1.099522 0.039916
1.722500 1.100445 0.038792
1.727500 1.102098 0.033565
1.732500 1.102433 0.035961
1.737500 1.094932 0.038253
1.742500 1.097306 0.037720
1.747500 1.102413 0.034782
1.752500 1.102965 0.035371
1.757500 1.104597 0.035468
1.762500 1.103314 0.032334
1.767500 1.103596 0.029089
1.772500 1.097318 0.030875
1.777500 1.095506 0.030451
1.782500 1.095341 0.026571
1.787500 1.092968 0.024407
1.792500 1.091847 0.030431
1.797500 1.094122 0.032848
1.802500 1.099523 0.034708
1.807500 1.116950 0.030299
1.812500 1.109707 0.035878
1.817500 1.116807 0.034671
1.822500 1.115126 0.031279
1.827500 1.103317 0.028763
1.832500 1.105373 0.033250
1.837500 1.111488 0.030737
1.842500 1.104908 0.024775
1.847500 1.109628 0.026245
1.852500 1.109163 0.030440
1.857500 1.111339 0.028227
1.862500 1.123284 0.029479
1.867500 1.107625 0.036783
1.872500 1.101916 0.045011
1.877500 1.102623 0.042314
1.882500 1.103680 0.039317
1.887500 1.113054 0.040008
1.892500 1.114105 0.041687
1.897500 1.108960 0.042184
1.902500 1.113596 0.034582
1.907500 1.118225 0.032835
1.912500 1.122187 0.028552
1.917500 1.104266 0.018012
1.922500 1.091150 0.028573
1.927500 1.087710 0.036444
1.932500 1.087403 0.029754
1.937500 1.083081 0.024288
1.942500 1.070006 0.022057
1.947500 1.063054 0.029959
1.952500 1.060597 0.026231
1.957500 1.056314 0.022333
1.962500 1.045144 0.034588
1.967500 1.046737 0.037653
1.972500 1.044648 0.034752
1.977500 1.040850 0.030841
1.982500 1.045595 0.030343
1.987500 1.046984 0.031072
1.992500 1.044998 0.027466
1.997500 1.037356 0.024599
2.002500 1.039990 0.029512
2.007500 1.036048 0.032372
2.012500 1.041309 0.036777
2.017500 1.039517 0.038181
2.022500 1.044421 0.037717
2.027500 1.055818 0.038208
2.032500 1.059641 0.038126
2.037500 1.065441 0.035941
2.042500 1.065449 0.035510
2.047500 1.066082 0.032383
2.052500 1.055103 0.028570
2.057500 1.064119 0.032335
2.062500 1.072175 0.032678
2.067500 1.074120 0.032726
2.072500 1.079725 0.040278
2.077500 1.082026 0.040795
2.082500 1.077822 0.036036
2.087500 1.085755 0.026557
2.092500 1.087964 0.026223
2.097500 1.101467 0.020652
2.102500 1.100634 0.017733
2.107500 1.089881 0.028442
2.112500 1.090633 0.028137
2.117500 1.088097 0.027853
2.122500 1.084236 0.026551
2.127500 1.095003 0.022727
2.132500 1.092930 0.018445
2.137500 1.087531 0.022460
2.142500 1.081502 0.027874
2.147500 1.082964 0.030481
2.152500 1.084257 0.023795
2.157500 1.083163 0.026356
2.162500 1.085382 0.029941
2.167500 1.091289 0.027983
2.172500 1.090751 0.029545
2.177500 1.097553 0.023425
2.182500 1.097534 0.021289
2.187500 1.102429 0.021509
2.192500 1.099972 0.022080
2.197500 1.102006 0.028015
2.202500 1.100137 0.022252
2.207500 1.089288 0.028571
2.212500 1.086047 0.037107
2.217500 1.092150 0.038012
2.222500 1.099427 0.035445
2.227500 1.095038 0.037045
2.232500 1.097508 0.033461
2.237500 1.088840 0.030692
2.242500 1.087092 0.023202
2.247500 1.088902 0.023328
2.252500 1.091902 0.015647
2.257500 1.068396 0.023563
2.262500 1.066546 0.027358
2.267500 1.065929 0.026976
2.272500 1.057275 0.026340
2.277500 1.055502 0.018727
2.282500 1.058500 0.020882
2.287500 1.066012 0.015486
2.292500 1.054047 0.014789
2.297500 1.056656 0.020995
2.302500 1.050179 0.017643
2.307500 1.041553 0.012523
2.312500 1.040170 0.024601
2.317500 1.056716 0.033640
2.322500 1.045430 0.026157
2.327500 1.038532 0.032417
2.332500 1.043219 0.034065
2.337500 1.038869 0.027018
2.342500 1.029514 0.017991
2.347500 1.041709 0.017317
2.352500 1.038784 0.017177
2.357500 1.050404 0.019589
2.362500 1.058657 0.019946
2.367500 1.055194 0.020507
2.372500 1.044620 0.019642
2.377500 1.056654 0.020067
2.382500 1.067988 0.018327
2.387500 1.079680 0.018933
2.392500 1.071677 0.024361
2.397500 1.061687 0.030194
2.402500 1.045766 0.026833
2.407500 1.045457 0.022249
2.412500 1.056127 0.018469
2.417500 1.059712 0.019045
2.422500 1.057248 0.016432
2.427500 1.054885 0.020025
2.432500 1.053649 0.022943
2.437500 1.051221 0.021681
2.442500 1.057860 0.018152
2.447500 1.062107 0.015276
2.452500 1.061971 0.014904
2.457500 1.030946 0.031079
2.462500 1.032308 0.038863
2.467500 1.038529 0.016638
2.472500 1.043636 0.012872
2.477500 1.043607 0.017584
2.482500 1.026585 0.014688
2.487500 1.022921 0.019371
2.492500 1.016050 0.021740
2.497500 1.019329 0.026919
2.502500 1.030818 0.021073
2.507500 1.023986 0.028008
2.512500 1.039359 0.019570
2.517500 1.043720 0.012884
2.522500 1.056329 0.007683
2.527500 1.055979 0.010991
2.532500 1.042621 0.015070
2.537500 1.043299 0.018630
2.542500 1.041106 0.017447
2.547500 1.034847 0.011616
2.552500 1.034876 0.012743
2.557500 1.035030 0.013871
2.562500 1.030102 0.019253
2.567500 1.038327 0.009808
2.572500 1.037969 0.006722
2.577500 1.039975 0.008566
2.582500 1.034112 0.020866
2.587500 1.026460 0.025404
2.592500 1.007617 0.018732
2.597500 1.002178 0.022524
2.602500 1.000000 0.019360
2.607500 0.988551 0.011239
2.612500 0.980799 0.014460
2.617500 0.975977 0.014508
2.622500 0.983108 0.016295
2.627500 0.984919 0.016338
2.632500 0.975435 0.015575
2.637500 0.956097 0.011982
2.642500 0.944531 0.020733
2.647500 0.948988 0.034290
2.652500 0.908624 0.011617
2.657500 0.866901 0.033534
2.662500 0.834645 0.032149
2.667500 0.766579 0.017141
2.672500 0.738110 0.026059
2.677500 0.690124 0.016927
2.682500 0.626330 0.007238
2.687500 0.566759 0.038320
2.692500 0.549837 0.015956
2.697500 0.550399 0.009020
2.702500 0.564045 0.012973
2.707500 0.605218 0.010253
2.712500 0.686587 0.017317
2.717500 0.711672 0.008381
2.722500 0.719840 0.012656
2.727500 0.705544 0.002918
2.732500 0.705502 0.019754
2.737500 0.667549 0.004698
2.742500 0.622978 0.018938
2.747500 0.607120 0.011036
2.752500 0.592286 0.008982
2.757500 0.552183 0.012877
2.762500 0.532541 0.020565
2.767500 0.493435 0.004500
2.772500 0.473274 0.009533
2.777500 0.484348 0.004176
2.782500 0.488041 0.004177
2.787500 0.490598 0.006371
2.792500 0.509154 0.009471
2.797500 0.511846 0.010671
2.802500 0.512585 0.004151
2.807500 0.492593 0.007512
2.812500 0.468566 0.008322
2.817500 0.445593 0.003137
2.822500 0.434704 0.007291
2.827500 0.399279 0.006933
2.832500 0.393099 0.007654
2.837500 0.367214 0.004098
2.842500 0.349500 0.003494
2.847500 0.339997 0.010815
2.852500 0.315105 0.005222
2.857500 0.301758 0.008829
2.862500 0.291607 0.007688
2.867500 0.286114 0.005293
2.872500 0.287979 0.005028
2.877500 0.274995 0.005426
2.882500 0.255581 0.001642
2.887500 0.246834 0.003229
2.892500 0.239619 0.008368
2.897500 0.231073 0.002630
2.902500 0.233436 0.001005
2.907500 0.223358 0.005158
2.912500 0.215158 0.005315
2.917500 0.210360 0.004139
2.922500 0.206245 0.008764
2.927500 0.195310 0.003759
2.932500 0.202342 0.004496
2.937500 0.179311 0.013612
2.942500 0.175534 0.008725
2.947500 0.167631 0.001720
2.952500 0.182701 0.002915
2.957500 0.181053 0.006578
2.962500 0.170881 0.006318
2.967500 0.166372 0.002855
2.972500 0.176260 0.011042
2.977500 0.180983 0.006263
2.982500 0.178027 0.010347
2.987500 0.176235 0.004063
2.992500 0.174290 0.005439
2.997500 0.171649 0.002686
3.002500 0.150753 0.009455
3.007500 0.154397 0.003857
3.012500 0.159856 0.003404
3.017500 0.166434 0.005906
3.022500 0.156625 0.003961
3.027500 0.155685 0.005352
3.032500 0.159465 0.005966
3.037500 0.156836 0.008032
3.042500 0.159323 0.004644
3.047500 0.163088 0.004135
3.052500 0.164541 0.003826
3.057500 0.158698 0.007707
3.062500 0.151632 0.001399
3.067500 0.152510 0.006310
3.072500 0.159765 0.010533
3.077500 0.159071 0.008828
3.082500 0.164254 0.007610
3.087500 0.158852 0.007224
3.092500 0.162060 0.004598
3.097500 0.157582 0.006444
3.102500 0.164392 0.003127
3.107500 0.168614 0.007588
3.112500 0.174609 0.007413
3.117500 0.174267 0.006443
3.122500 0.174320 0.001401
3.127500 0.171812 0.004562
3.132500 0.157151 0.005236
3.137500 0.161738 0.007192
3.142500 0.174430 0.001140
3.147500 0.171887 0.006638
3.152500 0.166556 0.009958
3.157500 0.180501 0.006873
3.162500 0.182500 0.007200
3.167500 0.188577 0.005209
3.172500 0.205211 0.003529
3.177500 0.204190 0.006958
3.182500 0.191576 0.012510
3.187500 0.184547 0.007513
3.192500 0.208502 0.008503
3.197500 0.207788 0.001339
3.202500 0.210251 0.001719
3.207500 0.209409 0.007005
3.212500 0.209179 0.007813
3.217500 0.228011 0.001948
3.222500 0.242886 0.001048
3.227500 0.247006 0.006764
3.232500 0.255808 0.008865
3.237500 0.261575 0.008532
3.242500 0.271139 0.008629
3.247500 0.275470 0.008261
3.252500 0.280526 0.000711
3.257500 0.278099 0.005189
3.262500 0.276286 0.007103
3.267500 0.282785 0.014074
3.272500 0.290954 0.016320
3.277500 0.314606 0.017441
3.282500 0.332122 0.011726
3.287500 0.338144 0.010408
3.292500 0.333010 0.006076
3.297500 0.332789 0.004157
3.302500 0.355203 0.007714
3.307500 0.363901 0.013841
3.312500 0.374055 0.007863
3.317500 0.364995 0.013567
3.322500 0.358809 0.019469
3.327500 0.335535 0.012130
3.332500 0.331692 0.008674
3.337500 0.349609 0.006674
3.342500 0.360923 0.003973
3.347500 0.365552 0.004351
3.352500 0.358313 0.006848
3.357500 0.350637 0.003839
3.362500 0.342022 0.004026
3.367500 0.325985 0.005138
3.372500 0.321399 0.007492
3.377500 0.337326 0.015508
3.382500 0.361595 0.005829
3.387500 0.362967 0.009468
3.392500 0.355510 0.009744
3.397500 0.348670 0.004666
3.402500 0.340733 0.009229
3.407500 0.356989 0.008108
3.412500 0.377371 0.001657
3.417500 0.364858 0.004354
3.422500 0.340459 0.003091
3.427500 0.335326 0.006748
3.432500 0.339233 0.006873
3.437500 0.345037 0.012137
3.442500 0.361066 0.008505
3.447500 0.351489 0.018431
3.452500 0.340084 0.006449
3.457500 0.350290 0.008188
3.462500 0.353807 0.008154
3.467500 0.354813 0.009251
3.472500 0.375894 0.020714
3.477500 0.378608 0.006327
3.482500 0.381502 0.006847
3.487500 0.406032 0.012732
3.492500 0.426607 0.013244
3.497500 0.427396 0.016377
3.502500 0.432106 0.006953
3.507500 0.426244 0.005067
3.512500 0.405212 0.003669
3.517500 0.399795 0.005712
3.522500 0.415981 0.015393
3.527500 0.418561 0.006750
3.532500 0.416387 0.007573
3.537500 0.441129 0.003285
3.542500 0.446203 0.003493
3.547500 0.445184 0.010650
3.552500 0.442196 0.008342
3.557500 0.473190 0.002134
3.562500 0.489696 0.005837
3.567500 0.498685 0.004216
3.572500 0.474809 0.012265
3.577500 0.465898 0.015458
3.582500 0.478454 0.008595
3.587500 0.481519 0.009485
3.592500 0.499546 0.011249
3.597500 0.518806 0.011016
3.602500 0.545016 0.011199
3.607500 0.540461 0.008787
3.612500 0.525395 0.005835
3.617500 0.536272 0.014209
3.622500 0.550427 0.017982
3.627500 0.547654 0.014762
3.632500 0.550328 0.012028
3.637500 0.548851 0.015422
3.642500 0.546020 0.004404
3.647500 0.545925 0.012612
3.652500 0.548994 0.010267
3.657500 0.549291 0.004833
3.662500 0.559786 0.004439
3.667500 0.562549 0.005115
3.672500 0.567417 0.006903
3.677500 0.574187 0.010558
3.682500 0.575233 0.006194
3.687500 0.553133 0.005518
3.692500 0.524063 0.006594
3.697500 0.533014 0.008089
3.702500 0.513910 0.011358
3.707500 0.523986 0.012246
3.712500 0.520881 0.009039
3.717500 0.529779 0.015768
3.722500 0.579006 0.006180
3.727500 0.566359 0.013873
3.732500 0.542004 0.030924
3.737500 0.542993 0.025657
3.742500 0.547142 0.010139
3.747500 0.550030 0.017338
3.752500 0.539936 0.012184
3.757500 0.533522 0.014797
3.762500 0.535562 0.018999
3.767500 0.551694 0.018516
3.772500 0.547912 0.008518
3.777500 0.541931 0.007553
3.782500 0.555562 0.006411
3.787500 0.527291 0.018370
3.792500 0.518136 0.011088
3.797500 0.527200 0.002631
3.802500 0.559593 0.016617
3.807500 0.571095 0.020356
3.812500 0.543134 0.015474
3.817500 0.500994 0.010714
3.822500 0.480652 0.006087
3.827500 0.515785 0.003766
3.832500 0.509763 0.009858
3.837500 0.479060 0.015197
3.842500 0.474869 0.001537
3.847500 0.516190 0.021311
3.852500 0.515230 0.014694
3.857500 0.486856 0.010537
3.862500 0.478838 0.010237
3.867500 0.493071 0.010475
3.872500 0.488248 0.010836
3.877500 0.490573 0.019527
3.882500 0.484463 0.025624
3.887500 0.475887 0.007060
3.892500 0.458387 0.010990
3.897500 0.457659 0.009288
3.902500 0.439775 0.012341
3.907500 0.444022 0.012631
3.912500 0.470934 0.009880
3.917500 0.435318 0.011320
3.922500 0.437152 0.005452
3.927500 0.426152 0.003678
3.932500 0.429367 0.014614
3.937500 0.438238 0.011716
3.942500 0.429420 0.008821
3.947500 0.424300 0.010336
3.952500 0.415392 0.002612
3.957500 0.416449 0.019822
3.962500 0.380223 0.005858
3.967500 0.405903 0.001270
3.972500 0.412471 0.014254
3.977500 0.422875 0.002588
3.982500 0.400319 0.004646
3.987500 0.385569 0.005670
3.992500 0.400779 0.009707
3.997500 0.409806 0.017652
4.002500 0.419984 0.007860
4.007500 0.380823 0.013368
4.012500 0.366724 0.006149
4.017500 0.369563 0.022560
4.022500 0.352650 0.018466
4.027500 0.362868 0.006795
4.032500 0.342562 0.021183
4.037500 0.304880 0.024003
4.042500 0.297928 0.008627
4.047500 0.307018 0.004472
4.052500 0.292680 0.016188
4.057500 0.282233 0.002589
4.062500 0.276289 0.008609
4.067500 0.279739 0.013824
4.072500 0.247795 0.005261
4.077500 0.245027 0.004296
4.082500 0.257063 0.014979
4.087500 0.259409 0.010767
4.092500 0.256388 0.021890
4.097500 0.267119 0.006224
4.102500 0.284689 0.005065
4.107500 0.273680 0.011618
4.112500 0.268056 0.014697
4.117500 0.257499 0.021295
4.122500 0.305607 0.009341
4.127500 0.338410 0.006865
4.132500 0.289647 0.011159
4.137500 0.272469 0.009845
4.142500 0.283553 0.014181
4.147500 0.278567 0.020228
4.152500 0.343070 0.014979
4.157500 0.345409 0.009053
4.162500 0.337763 0.027614
4.167500 0.354793 0.021921
4.172500 0.414812 0.009743
4.177500 0.427961 0.018931
4.182500 0.456536 0.030389
4.187500 0.550391 0.049101
4.192500 0.747681 0.057672
4.197500 0.730936 0.063284
4.202500 0.618963 0.026676
4.207500 0.541554 0.014127
4.212500 0.435742 0.038872
4.217500 0.336926 0.006973
4.222500 0.298531 0.009379
4.227500 0.305268 0.012964
4.232500 0.330240 0.020514
4.237500 0.304206 0.009039
4.242500 0.318597 0.018081
4.247500 0.318807 0.040698
4.252500 0.316225 0.026123
4.257500 0.322943 0.007240
4.262500 0.312106 0.015887
4.267500 0.280965 0.010309
4.272500 0.248449 0.022254
4.277500 0.240290 0.010941
4.282500 0.286811 0.008701
4.287500 0.328231 0.032564
4.292500 0.401545 0.038910
4.297500 0.491475 0.034053
4.302500 0.623911 0.015930
4.307500 0.683458 0.025043
4.312500 0.686367 0.024977
4.317500 0.719115 0.032196
4.322500 0.770052 0.030188
4.327500 0.881560 0.047856
4.332500 0.871525 0.025042
4.337500 0.830301 0.025532
4.342500 0.755205 0.019032
4.347500 0.736503 0.032479
4.352500 0.751827 0.026450
4.357500 0.752358 0.007565
4.362500 0.697955 0.008913
4.367500 0.596622 0.016416
4.372500 0.525683 0.028014
4.377500 0.413673 0.042743
4.382500 0.415228 0.029866
4.387500 0.423082 0.017392
4.392500 0.476710 0.013577
4.397500 0.564470 0.023603
4.402500 0.588539 0.034042
4.407500 0.595253 0.026029
4.412500 0.530889 0.021744
4.417500 0.539264 0.052861
4.422500 0.567422 0.039504
4.427500 0.564093 0.032078
4.432500 0.596832 0.051166
4.437500 0.567244 0.019011
4.442500 0.523636 0.010655
4.447500 0.480940 0.004937
4.452500 0.522262 0.004666
4.457500 0.551730 0.015598
4.462500 0.495186 0.034792
4.467500 0.565297 0.004745
4.472500 0.592927 0.020541
4.477500 0.567646 0.002359
4.482500 0.569660 0.029524
4.487500 0.614587 0.022947
4.492500 0.620003 0.023056
4.497500 0.604925 0.023709
4.502500 0.537531 0.014960
4.507500 0.594416 0.006991
4.512500 0.608184 0.021680
4.517500 0.625490 0.018152
4.522500 0.618701 0.013532
4.527500 0.592865 0.035571
4.532500 0.571330 0.051317
4.537500 0.561132 0.027233
4.542500 0.578912 0.021968
4.547500 0.628914 0.011834
4.552500 0.634610 0.022372
4.557500 0.603089 0.012275
4.562500 0.563743 0.004004
4.567500 0.594553 0.029198
4.572500 0.593327 0.011018
4.577500 0.574132 0.022504
4.582500 0.555730 0.016326
4.587500 0.539573 0.015986
4.592500 0.511993 0.015060
4.597500 0.532643 0.016612
4.602500 0.574802 0.039738
4.607500 0.592470 0.017731
4.612500 0.510344 0.027764
4.617500 0.497160 0.019903
4.622500 0.465965 0.043669
4.627500 0.502392 0.032205
4.632500 0.520598 0.012542
4.637500 0.533727 0.030760
4.642500 0.537493 0.013882
4.647500 0.425518 0.005272
4.652500 0.457243 0.028906
4.657500 0.477203 0.025587
4.662500 0.407776 0.031037
4.667500 0.359141 0.018628
4.672500 0.256247 0.050335
4.677500 0.178903 0.024784
4.682500 0.229665 0.018226
4.687500 0.289646 0.019248
4.692500 0.329391 0.018243
4.697500 0.386180 0.029103
4.702500 0.463507 0.032381
4.707500 0.483718 0.052609
4.712500 0.555075 0.060524
4.717500 0.579206 0.031555
4.722500 0.584392 0.043798
4.727500 0.642701 0.009539
4.732500 0.607053 0.032396
4.737500 0.679091 0.033332
4.742500 0.726343 0.025869
4.747500 0.710037 0.023609
4.752500 0.717863 0.038170
4.757500 0.680914 0.057915
4.762500 0.752849 0.014696
4.767500 0.808081 0.040773
4.772500 0.801497 0.070004
4.777500 0.673825 0.089081
4.782500 0.651102 0.047209
4.787500 0.738350 0.021532
4.792500 0.756625 0.037315
4.797500 0.675740 0.063861
4.802500 0.703556 0.013607
4.807500 0.729226 0.043547
4.812500 0.846712 0.011979
4.817500 0.819029 0.029570
4.822500 0.770698 0.033309
4.827500 0.842615 0.021048
4.832500 0.920576 0.021726
4.837500 0.811599 0.044877
4.842500 0.739627 0.020759
4.847500 0.745207 0.004605
4.852500 0.731991 0.017568
4.857500 0.702460 0.025404
4.862500 0.745546 0.072002
4.867500 0.702812 0.080919
4.872500 0.704427 0.024926
4.877500 0.619227 0.052783
4.882500 0.625440 0.042064
4.887500 0.619644 0.043141
4.892500 0.697608 0.047355
4.897500 0.643352 0.059590
4.902500 0.564443 0.067660
4.907500 0.657759 0.006786
4.912500 0.649429 0.044593
4.917500 0.693419 0.046793
4.922500 0.691866 0.033321
4.927500 0.788945 0.025644
4.932500 0.700451 0.041873
4.937500 0.652859 0.054595
4.942500 0.775576 0.091614
4.947500 0.839541 0.029935
4.952500 0.911158 0.041834
4.957500 0.857002 0.072781
4.962500 0.688876 0.006909
4.967500 0.691743 0.050305
4.972500 0.792436 0.013220
4.977500 0.795437 0.144105
4.982500 0.850065 0.147476
4.987500 0.762196 0.036480
4.992500 0.771383 0.013456
4.997500 0.715403 0.020374
5.002500 0.608588 0.025286
5.007500 0.630469 0.014553
5.012500 0.653219 0.038295
5.017500 0.642840 0.052246
5.022500 0.710489 0.039874
5.027500 0.836648 0.053437
5.032500 0.852946 0.073157
5.037500 0.829927 0.040291
5.042500 0.806212 0.018649
5.047500 0.756055 0.048999
5.052500 0.783402 0.016304
5.057500 0.731324 0.051730
5.062500 0.789550 0.006768
5.067500 0.827140 0.062098
5.072500 0.839219 0.006146
5.077500 0.749665 0.018228
5.082500 0.732689 0.025860
5.087500 0.791971 0.073740
5.092500 0.771508 0.015302
5.097500 0.689743 0.061428
