# DATE = 2025-03-12
# PIPE_VER = 1.17.1
# PMAP = jwst_1322.pmap
# STANDARD_STAR = SNAP-2
# 
# Wavelength (microns), arbitrary reflectance, uncertainty
0.702500 0.563268 0.013404
0.707500 0.577162 0.014441
0.712500 0.576276 0.011697
0.717500 0.590016 0.009399
0.722500 0.595252 0.011342
0.727500 0.581833 0.008410
0.732500 0.585779 0.014366
0.737500 0.597912 0.015653
0.742500 0.601907 0.009463
0.747500 0.607848 0.006350
0.752500 0.609412 0.015653
0.757500 0.613184 0.013362
0.762500 0.610957 0.014075
0.767500 0.625598 0.014547
0.772500 0.618817 0.021012
0.777500 0.637375 0.014498
0.782500 0.641601 0.013093
0.787500 0.636538 0.006679
0.792500 0.609150 0.015330
0.797500 0.625238 0.014084
0.802500 0.637315 0.016256
0.807500 0.649373 0.012058
0.812500 0.659307 0.015442
0.817500 0.663223 0.014951
0.822500 0.658706 0.014537
0.827500 0.653326 0.016361
0.832500 0.660139 0.017143
0.837500 0.664284 0.016423
0.842500 0.669863 0.016361
0.847500 0.669548 0.013286
0.852500 0.668299 0.012911
0.857500 0.667325 0.013915
0.862500 0.666969 0.009740
0.867500 0.672816 0.012507
0.872500 0.679128 0.009040
0.877500 0.682563 0.006817
0.882500 0.680829 0.009204
0.887500 0.685130 0.010263
0.892500 0.685055 0.007277
0.897500 0.678766 0.005662
0.902500 0.685780 0.008109
0.907500 0.693168 0.011348
0.912500 0.697160 0.012279
0.917500 0.697941 0.010298
0.922500 0.705422 0.005941
0.927500 0.711549 0.011826
0.932500 0.716046 0.011128
0.937500 0.714446 0.013021
0.942500 0.713248 0.013903
0.947500 0.721525 0.012341
0.952500 0.721659 0.008924
0.957500 0.724678 0.007419
0.962500 0.725571 0.009271
0.967500 0.731698 0.006771
0.972500 0.736527 0.005168
0.977500 0.737343 0.005702
0.982500 0.745958 0.005882
0.987500 0.743367 0.007745
0.992500 0.743813 0.006135
0.997500 0.748688 0.005790
1.002500 0.755059 0.005040
1.007500 0.759665 0.005744
1.012500 0.760236 0.004813
1.017500 0.760418 0.005981
1.022500 0.758366 0.011062
1.027500 0.754983 0.012315
1.032500 0.755313 0.014855
1.037500 0.766190 0.010892
1.042500 0.773584 0.006548
1.047500 0.773236 0.007964
1.052500 0.778626 0.003739
1.057500 0.781230 0.003380
1.062500 0.784559 0.004837
1.067500 0.781510 0.006740
1.072500 0.778573 0.009372
1.077500 0.779781 0.008775
1.082500 0.780199 0.009972
1.087500 0.782737 0.009631
1.092500 0.787636 0.009055
1.097500 0.791930 0.011554
1.102500 0.798400 0.007311
1.107500 0.802482 0.006779
1.112500 0.809109 0.006169
1.117500 0.815738 0.004281
1.122500 0.816958 0.007297
1.127500 0.823759 0.007994
1.132500 0.827892 0.007231
1.137500 0.820518 0.006654
1.142500 0.826625 0.009034
1.147500 0.824773 0.008071
1.152500 0.823302 0.010115
1.157500 0.827710 0.011654
1.162500 0.825403 0.012625
1.167500 0.831514 0.008962
1.172500 0.832850 0.009690
1.177500 0.836485 0.009347
1.182500 0.849237 0.009804
1.187500 0.847784 0.010895
1.192500 0.846102 0.011584
1.197500 0.851560 0.013341
1.202500 0.856563 0.008596
1.207500 0.857996 0.008777
1.212500 0.860122 0.007347
1.217500 0.855313 0.006953
1.222500 0.843552 0.009860
1.227500 0.842047 0.012870
1.232500 0.848376 0.012184
1.237500 0.863112 0.005736
1.242500 0.858809 0.009720
1.247500 0.854018 0.008899
1.252500 0.856433 0.006927
1.257500 0.859199 0.004729
1.262500 0.867438 0.004962
1.267500 0.874379 0.004219
1.272500 0.871751 0.005969
1.277500 0.868580 0.013260
1.282500 0.868956 0.009771
1.287500 0.873294 0.004637
1.292500 0.877091 0.005945
1.297500 0.878475 0.005280
1.302500 0.884835 0.009266
1.307500 0.888258 0.006525
1.312500 0.884182 0.008657
1.317500 0.872746 0.011255
1.322500 0.885348 0.012249
1.327500 0.885938 0.011848
1.332500 0.890497 0.013018
1.337500 0.892336 0.011871
1.342500 0.891444 0.011597
1.347500 0.886316 0.013402
1.352500 0.888380 0.010836
1.357500 0.893416 0.010864
1.362500 0.893489 0.013160
1.367500 0.903070 0.010678
1.372500 0.915621 0.005998
1.377500 0.910430 0.004070
1.382500 0.910273 0.004739
1.387500 0.913248 0.004238
1.392500 0.914350 0.004972
1.397500 0.916999 0.005518
1.402500 0.916744 0.006032
1.407500 0.916931 0.007230
1.412500 0.919309 0.007512
1.417500 0.922146 0.006788
1.422500 0.919379 0.007964
1.427500 0.921392 0.008266
1.432500 0.921576 0.007663
1.437500 0.921831 0.007468
1.442500 0.921756 0.008086
1.447500 0.921883 0.007691
1.452500 0.918559 0.011518
1.457500 0.918534 0.012381
1.462500 0.915123 0.012620
1.467500 0.902596 0.010979
1.472500 0.906548 0.013917
1.477500 0.908824 0.010918
1.482500 0.912488 0.011105
1.487500 0.903304 0.013015
1.492500 0.898084 0.012413
1.497500 0.900262 0.009255
1.502500 0.902100 0.007808
1.507500 0.904228 0.007845
1.512500 0.906309 0.006077
1.517500 0.903687 0.004653
1.522500 0.901027 0.004963
1.527500 0.906636 0.004907
1.532500 0.907102 0.005941
1.537500 0.909430 0.005172
1.542500 0.902380 0.006252
1.547500 0.911179 0.007818
1.552500 0.914398 0.004747
1.557500 0.918216 0.005943
1.562500 0.914810 0.006697
1.567500 0.912272 0.009624
1.572500 0.918417 0.004990
1.577500 0.917958 0.004200
1.582500 0.922341 0.005650
1.587500 0.921411 0.005469
1.592500 0.919667 0.014053
1.597500 0.920882 0.012455
1.602500 0.919230 0.012606
1.607500 0.932291 0.005448
1.612500 0.934444 0.005676
1.617500 0.936101 0.012345
1.622500 0.940543 0.010426
1.627500 0.947253 0.009233
1.632500 0.947015 0.005325
1.637500 0.949501 0.005491
1.642500 0.947620 0.005975
1.647500 0.944681 0.006251
1.652500 0.945952 0.004519
1.657500 0.934759 0.011367
1.662500 0.944771 0.004374
1.667500 0.942265 0.012757
1.672500 0.947717 0.014443
1.677500 0.958568 0.008279
1.682500 0.965113 0.009273
1.687500 0.967775 0.011850
1.692500 0.970908 0.011460
1.697500 0.974380 0.015384
1.702500 0.978875 0.008615
1.707500 0.980051 0.008275
1.712500 0.984319 0.007596
1.717500 0.988147 0.007236
1.722500 0.978965 0.011299
1.727500 0.990224 0.013118
1.732500 0.990279 0.013829
1.737500 0.988756 0.009247
1.742500 0.995244 0.006877
1.747500 0.985494 0.014381
1.752500 0.983858 0.014312
1.757500 0.986218 0.015099
1.762500 0.981529 0.016165
1.767500 0.986661 0.016377
1.772500 0.989251 0.008818
1.777500 0.990669 0.006743
1.782500 0.986491 0.008454
1.787500 0.969684 0.013161
1.792500 0.976496 0.012789
1.797500 0.985627 0.006403
1.802500 0.988888 0.004224
1.807500 0.973859 0.019203
1.812500 0.999143 0.005023
1.817500 1.002013 0.005713
1.822500 1.001116 0.006764
1.827500 1.000557 0.008937
1.832500 1.005927 0.012033
1.837500 1.004812 0.014127
1.842500 1.008495 0.013567
1.847500 1.003374 0.012949
1.852500 1.011374 0.009577
1.857500 1.010279 0.010186
1.862500 1.006308 0.021235
1.867500 0.999887 0.019786
1.872500 0.994540 0.011848
1.877500 0.999737 0.008605
1.882500 1.011313 0.006308
1.887500 1.024610 0.003974
1.892500 1.029039 0.004172
1.897500 1.020623 0.006366
1.902500 1.012779 0.007183
1.907500 1.013263 0.005987
1.912500 1.006357 0.006202
1.917500 0.998437 0.009486
1.922500 0.992611 0.013217
1.927500 0.997004 0.008248
1.932500 0.990890 0.008678
1.937500 0.976192 0.009999
1.942500 0.974253 0.008344
1.947500 0.976274 0.006672
1.952500 0.967575 0.010386
1.957500 0.971852 0.009198
1.962500 0.961907 0.008906
1.967500 0.960222 0.010032
1.972500 0.963059 0.006590
1.977500 0.947381 0.006818
1.982500 0.938032 0.014461
1.987500 0.936835 0.012334
1.992500 0.920641 0.009835
1.997500 0.930611 0.008929
2.002500 0.928198 0.006213
2.007500 0.924352 0.006199
2.012500 0.930694 0.007475
2.017500 0.928383 0.005370
2.022500 0.930376 0.006150
2.027500 0.931802 0.008233
2.032500 0.931651 0.006816
2.037500 0.932688 0.006991
2.042500 0.935387 0.004371
2.047500 0.934935 0.006928
2.052500 0.936730 0.008962
2.057500 0.936953 0.018278
2.062500 0.946401 0.005108
2.067500 0.952330 0.005715
2.072500 0.935485 0.016583
2.077500 0.938237 0.016763
2.082500 0.965514 0.007011
2.087500 0.964599 0.009962
2.092500 0.973914 0.008045
2.097500 0.984546 0.004045
2.102500 0.985506 0.007240
2.107500 0.991173 0.010088
2.112500 0.992037 0.009933
2.117500 0.998524 0.009140
2.122500 1.003059 0.007048
2.127500 1.011223 0.005656
2.132500 1.020368 0.004592
2.137500 1.027414 0.008763
2.142500 1.027802 0.009618
2.147500 1.033313 0.007733
2.152500 1.043435 0.005423
2.157500 1.046315 0.003367
2.162500 1.050786 0.004389
2.167500 1.046563 0.006283
2.172500 1.043372 0.007061
2.177500 1.032267 0.012374
2.182500 1.037605 0.015451
2.187500 1.054061 0.009627
2.192500 1.070324 0.009468
2.197500 1.066229 0.008582
2.202500 1.057079 0.005614
2.207500 1.047301 0.009041
2.212500 1.046300 0.007214
2.217500 1.057500 0.008710
2.222500 1.068714 0.009922
2.227500 1.075823 0.005639
2.232500 1.079448 0.005529
2.237500 1.070495 0.009462
2.242500 1.065573 0.011904
2.247500 1.066060 0.010080
2.252500 1.062991 0.012655
2.257500 1.060101 0.016802
2.262500 1.059249 0.011107
2.267500 1.066093 0.010189
2.272500 1.071285 0.009776
2.277500 1.071808 0.005632
2.282500 1.065917 0.010203
2.287500 1.072223 0.005317
2.292500 1.068360 0.004633
2.297500 1.060961 0.010238
2.302500 1.066182 0.004583
2.307500 1.063449 0.004360
2.312500 1.067617 0.004287
2.317500 1.077400 0.002969
2.322500 1.071382 0.007234
2.327500 1.055888 0.022780
2.332500 1.053960 0.023907
2.337500 1.052305 0.011338
2.342500 1.039343 0.016626
2.347500 1.047006 0.016312
2.352500 1.038261 0.010252
2.357500 1.036990 0.012419
2.362500 1.044189 0.016628
2.367500 1.046368 0.013193
2.372500 1.050194 0.011708
2.377500 1.060862 0.009134
2.382500 1.059623 0.009419
2.387500 1.048858 0.019031
2.392500 1.030697 0.009296
2.397500 1.032252 0.009507
2.402500 1.036962 0.014203
2.407500 1.032489 0.015032
2.412500 1.035402 0.021892
2.417500 1.042482 0.017382
2.422500 1.027047 0.011832
2.427500 1.024545 0.010499
2.432500 1.032533 0.011066
2.437500 1.045501 0.007236
2.442500 1.043691 0.012794
2.447500 1.038537 0.011810
2.452500 1.024194 0.013523
2.457500 1.023529 0.013824
2.462500 1.022960 0.015165
2.467500 1.016169 0.017260
2.472500 1.016326 0.022002
2.477500 1.026604 0.018829
2.482500 1.046844 0.011196
2.487500 1.050689 0.008920
2.492500 1.036188 0.014538
2.497500 1.015053 0.019557
2.502500 1.009113 0.006140
2.507500 1.002567 0.010323
2.512500 1.003023 0.007312
2.517500 1.006964 0.011362
2.522500 1.011000 0.011598
2.527500 1.013879 0.012781
2.532500 1.005097 0.007323
2.537500 1.014808 0.006021
2.542500 1.002673 0.008623
2.547500 0.982245 0.007063
2.552500 0.991786 0.008675
2.557500 1.000333 0.009924
2.562500 0.997862 0.009524
2.567500 1.000331 0.008505
2.572500 1.003582 0.010105
2.577500 1.011527 0.012422
2.582500 1.012602 0.005313
2.587500 1.009147 0.004506
2.592500 1.000000 0.016077
2.597500 1.000215 0.016860
2.602500 0.999114 0.011510
2.607500 0.998693 0.007888
2.612500 0.999310 0.001684
2.617500 0.997124 0.005755
2.622500 0.996407 0.008853
2.627500 1.001779 0.007462
2.632500 0.989302 0.007339
2.637500 0.990106 0.011902
2.642500 0.989060 0.006337
2.647500 0.987948 0.006218
2.652500 0.982024 0.007329
2.657500 0.978396 0.008513
2.662500 0.965474 0.019348
2.667500 0.955172 0.013912
2.672500 0.956867 0.010450
2.677500 0.964451 0.014339
2.682500 0.963715 0.020447
2.687500 0.955581 0.018472
2.692500 0.954810 0.020488
2.697500 0.934074 0.019998
2.702500 0.938436 0.013715
2.707500 0.931607 0.008347
2.712500 0.897494 0.008327
2.717500 0.893396 0.001868
2.722500 0.881814 0.010085
2.727500 0.850847 0.015228
2.732500 0.851026 0.008608
2.737500 0.851305 0.016966
2.742500 0.847113 0.012262
2.747500 0.843508 0.016272
2.752500 0.808244 0.022110
2.757500 0.775397 0.005940
2.762500 0.770638 0.007524
2.767500 0.740488 0.009008
2.772500 0.715534 0.001978
2.777500 0.703904 0.004652
2.782500 0.656997 0.008719
2.787500 0.646794 0.007555
2.792500 0.635976 0.005001
2.797500 0.615650 0.005900
2.802500 0.604399 0.006227
2.807500 0.583687 0.004916
2.812500 0.561350 0.006723
2.817500 0.553013 0.004462
2.822500 0.534575 0.012326
2.827500 0.515172 0.006203
2.832500 0.506519 0.003507
2.837500 0.492434 0.009727
2.842500 0.469777 0.011670
2.847500 0.451665 0.002328
2.852500 0.447938 0.005745
2.857500 0.442316 0.006180
2.862500 0.434339 0.006368
2.867500 0.419734 0.005658
2.872500 0.406116 0.001081
2.877500 0.403705 0.007726
2.882500 0.391777 0.006404
2.887500 0.394308 0.008337
2.892500 0.384315 0.009958
2.897500 0.366807 0.005802
2.902500 0.366558 0.008559
2.907500 0.358861 0.010298
2.912500 0.352539 0.012884
2.917500 0.344387 0.005976
2.922500 0.343088 0.003682
2.927500 0.340285 0.002767
2.932500 0.336538 0.004465
2.937500 0.325162 0.006517
2.942500 0.327849 0.008484
2.947500 0.324038 0.010147
2.952500 0.329211 0.006783
2.957500 0.319230 0.007046
2.962500 0.310476 0.013091
2.967500 0.312986 0.010541
2.972500 0.308535 0.011732
2.977500 0.296503 0.001960
2.982500 0.298706 0.003329
2.987500 0.298556 0.005425
2.992500 0.291836 0.011485
2.997500 0.285267 0.008724
3.002500 0.289324 0.001846
3.007500 0.296270 0.003271
3.012500 0.303084 0.001146
3.017500 0.301619 0.001820
3.022500 0.299553 0.003294
3.027500 0.298518 0.004918
3.032500 0.301209 0.007880
3.037500 0.308457 0.004243
3.042500 0.305535 0.010501
3.047500 0.312967 0.011490
3.052500 0.322347 0.008792
3.057500 0.326489 0.011308
3.062500 0.333387 0.008323
3.067500 0.348331 0.005537
3.072500 0.358569 0.004825
3.077500 0.355900 0.006626
3.082500 0.379026 0.008946
3.087500 0.378601 0.003157
3.092500 0.407938 0.005188
3.097500 0.406645 0.005465
3.102500 0.406996 0.015787
3.107500 0.405848 0.018483
3.112500 0.408607 0.017760
3.117500 0.397192 0.004934
3.122500 0.399738 0.006674
3.127500 0.390699 0.003667
3.132500 0.350563 0.005666
3.137500 0.346716 0.004715
3.142500 0.349182 0.016037
3.147500 0.342606 0.015023
3.152500 0.341929 0.010804
3.157500 0.324172 0.001995
3.162500 0.321174 0.002729
3.167500 0.320191 0.009482
3.172500 0.310500 0.012192
3.177500 0.305165 0.011252
3.182500 0.299486 0.009044
3.187500 0.307714 0.006985
3.192500 0.323741 0.009434
3.197500 0.333776 0.005221
3.202500 0.336587 0.004716
3.207500 0.343359 0.008390
3.212500 0.345830 0.006568
3.217500 0.342165 0.006925
3.222500 0.334498 0.003382
3.227500 0.336778 0.007666
3.232500 0.340365 0.012183
3.237500 0.341955 0.011923
3.242500 0.345082 0.011131
3.247500 0.352436 0.011841
3.252500 0.366389 0.005923
3.257500 0.387725 0.006610
3.262500 0.390785 0.004254
3.267500 0.385854 0.003257
3.272500 0.385012 0.002206
3.277500 0.388913 0.005627
3.282500 0.393708 0.010518
3.287500 0.411606 0.008172
3.292500 0.424954 0.011498
3.297500 0.445778 0.008350
3.302500 0.473555 0.003535
3.307500 0.498806 0.009380
3.312500 0.516336 0.006594
3.317500 0.541825 0.008438
3.322500 0.555634 0.002357
3.327500 0.589903 0.013452
3.332500 0.594844 0.007033
3.337500 0.623081 0.010629
3.342500 0.630826 0.007847
3.347500 0.644643 0.008939
3.352500 0.668040 0.010223
3.357500 0.668217 0.004482
3.362500 0.696068 0.007019
3.367500 0.695452 0.006716
3.372500 0.709443 0.009769
3.377500 0.725466 0.004689
3.382500 0.736755 0.005257
3.387500 0.757404 0.005996
3.392500 0.763767 0.007544
3.397500 0.800220 0.008064
3.402500 0.804747 0.002635
3.407500 0.819762 0.009590
3.412500 0.812009 0.017435
3.417500 0.843016 0.013567
3.422500 0.859756 0.017602
3.427500 0.868418 0.011978
3.432500 0.880355 0.011090
3.437500 0.888605 0.012490
3.442500 0.903844 0.012633
3.447500 0.906317 0.009495
3.452500 0.916248 0.008056
3.457500 0.936488 0.017227
3.462500 0.959419 0.012504
3.467500 0.961845 0.017591
3.472500 0.951974 0.013667
3.477500 0.946938 0.015752
3.482500 0.961608 0.018560
3.487500 0.984866 0.009478
3.492500 0.998654 0.001941
3.497500 1.013740 0.002683
3.502500 1.016433 0.002955
3.507500 1.017498 0.005083
3.512500 1.007338 0.003899
3.517500 1.009507 0.005663
3.522500 1.014329 0.002461
3.527500 1.012097 0.009824
3.532500 1.008388 0.003664
3.537500 1.029283 0.004918
3.542500 1.044139 0.011707
3.547500 1.024050 0.018653
3.552500 1.016727 0.019102
3.557500 1.020320 0.008758
3.562500 1.029344 0.006133
3.567500 1.057257 0.004227
3.572500 1.060915 0.004419
3.577500 1.057918 0.006726
3.582500 1.065085 0.003336
3.587500 1.074836 0.004178
3.592500 1.083381 0.007601
3.597500 1.094155 0.010507
3.602500 1.093845 0.009110
3.607500 1.106295 0.011920
3.612500 1.073153 0.010993
3.617500 1.050818 0.009113
3.622500 1.059671 0.003869
3.627500 1.082418 0.011297
3.632500 1.079309 0.004405
3.637500 1.054520 0.011474
3.642500 1.049387 0.003409
3.647500 1.051500 0.015540
3.652500 1.046189 0.015111
3.657500 1.035963 0.010186
3.662500 1.038242 0.010344
3.667500 1.041546 0.007240
3.672500 1.049047 0.007942
3.677500 1.051178 0.023893
3.682500 1.046004 0.034147
3.687500 1.035397 0.017905
3.692500 1.017078 0.004141
3.697500 1.010519 0.002955
3.702500 1.006640 0.019071
3.707500 1.010846 0.017951
3.712500 1.016703 0.009894
3.717500 1.022225 0.008908
3.722500 0.994873 0.013589
3.727500 1.006909 0.005485
3.732500 1.008394 0.002447
3.737500 0.997087 0.003827
3.742500 0.969220 0.010692
3.747500 0.960996 0.007947
3.752500 0.964921 0.008591
3.757500 0.957810 0.021959
3.762500 0.963169 0.020866
3.767500 0.983500 0.016725
3.772500 0.973892 0.015349
3.777500 0.957572 0.003356
3.782500 0.952537 0.002386
3.787500 0.941151 0.006944
3.792500 0.922548 0.004269
3.797500 0.899739 0.019564
3.802500 0.896884 0.009390
3.807500 0.888914 0.019424
3.812500 0.897610 0.017600
3.817500 0.914018 0.017610
3.822500 0.899683 0.017273
3.827500 0.881669 0.008592
3.832500 0.860446 0.011052
3.837500 0.828578 0.008887
3.842500 0.832174 0.004935
3.847500 0.849202 0.006758
3.852500 0.844961 0.013946
3.857500 0.856863 0.020755
3.862500 0.867670 0.014437
3.867500 0.852175 0.014878
3.872500 0.822458 0.010099
3.877500 0.813142 0.010517
3.882500 0.794736 0.008957
3.887500 0.795391 0.015382
3.892500 0.779426 0.007657
3.897500 0.811089 0.012473
3.902500 0.797607 0.012798
3.907500 0.784470 0.015071
3.912500 0.776630 0.016220
3.917500 0.786412 0.018057
3.922500 0.784072 0.024478
3.927500 0.783955 0.023462
3.932500 0.796793 0.015313
3.937500 0.788751 0.010040
3.942500 0.760892 0.014645
3.947500 0.743233 0.019744
3.952500 0.773473 0.011590
3.957500 0.786002 0.001496
3.962500 0.762096 0.006235
3.967500 0.762293 0.009275
3.972500 0.756213 0.012096
3.977500 0.753150 0.013686
3.982500 0.738742 0.004589
3.987500 0.725386 0.004856
3.992500 0.736146 0.007450
3.997500 0.725502 0.013923
4.002500 0.691322 0.017472
4.007500 0.705316 0.017217
4.012500 0.706081 0.016363
4.017500 0.685838 0.007063
4.022500 0.690644 0.024931
4.027500 0.682149 0.017993
4.032500 0.667420 0.006272
4.037500 0.686858 0.003313
4.042500 0.677641 0.014480
4.047500 0.704716 0.027631
4.052500 0.704731 0.019479
4.057500 0.661864 0.012663
4.062500 0.657002 0.007672
4.067500 0.679984 0.011950
4.072500 0.674315 0.009911
4.077500 0.701690 0.011510
4.082500 0.694545 0.009960
4.087500 0.669992 0.007213
4.092500 0.662637 0.004797
4.097500 0.653491 0.003926
4.102500 0.647877 0.013894
4.107500 0.636851 0.023139
4.112500 0.631738 0.002267
4.117500 0.638445 0.010579
4.122500 0.622436 0.017466
4.127500 0.639596 0.010202
4.132500 0.650699 0.009070
4.137500 0.645273 0.033147
4.142500 0.693923 0.014464
4.147500 0.654810 0.031198
4.152500 0.616750 0.005520
4.157500 0.622669 0.016787
4.162500 0.632676 0.023132
4.167500 0.625709 0.010381
4.172500 0.614773 0.006648
4.177500 0.579242 0.014057
4.182500 0.559074 0.012437
4.187500 0.591429 0.009774
4.192500 0.601889 0.026493
4.197500 0.574814 0.013717
4.202500 0.591862 0.031093
4.207500 0.594738 0.020279
4.212500 0.572664 0.006629
4.217500 0.572316 0.003065
4.222500 0.577949 0.021435
4.227500 0.581771 0.010526
4.232500 0.547063 0.014238
4.237500 0.522480 0.007579
4.242500 0.549025 0.015646
4.247500 0.562467 0.003059
4.252500 0.526065 0.014462
4.257500 0.516904 0.005701
4.262500 0.489090 0.005955
4.267500 0.445455 0.027600
4.272500 0.447248 0.006907
4.277500 0.429065 0.026394
4.282500 0.442175 0.010978
4.287500 0.488635 0.013796
4.292500 0.504490 0.005214
4.297500 0.533849 0.007444
4.302500 0.548136 0.004059
4.307500 0.546528 0.015021
4.312500 0.571254 0.042027
4.317500 0.558904 0.028583
4.322500 0.549745 0.021691
4.327500 0.598055 0.018501
4.332500 0.596447 0.035446
4.337500 0.564830 0.028897
4.342500 0.527493 0.021872
4.347500 0.469903 0.006783
4.352500 0.500023 0.003894
4.357500 0.517942 0.007918
4.362500 0.508779 0.015982
4.367500 0.534804 0.010297
4.372500 0.518528 0.016502
4.377500 0.502081 0.011828
4.382500 0.474284 0.007586
4.387500 0.461936 0.014831
4.392500 0.508717 0.033724
4.397500 0.509550 0.023084
4.402500 0.477092 0.004946
4.407500 0.472247 0.012489
4.412500 0.471611 0.031837
4.417500 0.479036 0.025867
4.422500 0.489551 0.017463
4.427500 0.460553 0.033850
4.432500 0.472071 0.040203
4.437500 0.482840 0.027638
4.442500 0.466727 0.013918
4.447500 0.484127 0.015662
4.452500 0.517366 0.021211
4.457500 0.504698 0.039803
4.462500 0.479054 0.029532
4.467500 0.473336 0.008110
4.472500 0.462519 0.011053
4.477500 0.452044 0.005394
4.482500 0.486485 0.014285
4.487500 0.472380 0.009018
4.492500 0.451064 0.010589
4.497500 0.461329 0.013167
4.502500 0.426576 0.008283
4.507500 0.448451 0.042732
4.512500 0.455342 0.016372
4.517500 0.488604 0.032629
4.522500 0.511672 0.024985
4.527500 0.506621 0.006384
4.532500 0.470970 0.013548
4.537500 0.439056 0.008922
4.542500 0.480085 0.017263
4.547500 0.513884 0.008419
4.552500 0.496342 0.012889
4.557500 0.509149 0.022531
4.562500 0.547058 0.013885
4.567500 0.507808 0.019548
4.572500 0.471549 0.006003
4.577500 0.509237 0.031420
4.582500 0.509563 0.033652
4.587500 0.516408 0.038919
4.592500 0.533549 0.023929
4.597500 0.524649 0.016227
4.602500 0.505782 0.010342
4.607500 0.476897 0.018733
4.612500 0.513499 0.024777
4.617500 0.544052 0.006708
4.622500 0.508153 0.020612
4.627500 0.514524 0.016711
4.632500 0.515695 0.040107
4.637500 0.541389 0.057313
4.642500 0.615486 0.018779
4.647500 0.603232 0.016569
4.652500 0.559659 0.028051
4.657500 0.546466 0.018797
4.662500 0.547594 0.010870
4.667500 0.539170 0.043054
4.672500 0.583048 0.017381
4.677500 0.593949 0.021446
4.682500 0.629994 0.004908
4.687500 0.624291 0.024837
4.692500 0.578736 0.012245
4.697500 0.601333 0.008043
4.702500 0.621599 0.014519
4.707500 0.658650 0.008433
4.712500 0.659573 0.006863
4.717500 0.601316 0.015922
4.722500 0.620514 0.032725
4.727500 0.646231 0.002025
4.732500 0.654118 0.019309
4.737500 0.624833 0.040359
4.742500 0.672029 0.020124
4.747500 0.677727 0.004409
4.752500 0.661839 0.006709
4.757500 0.684281 0.011848
4.762500 0.655355 0.023245
4.767500 0.669984 0.034754
4.772500 0.676101 0.044016
4.777500 0.661314 0.008166
4.782500 0.714302 0.028172
4.787500 0.704060 0.052359
4.792500 0.663618 0.051092
4.797500 0.695648 0.024278
4.802500 0.770686 0.021949
4.807500 0.753678 0.018770
4.812500 0.699265 0.057989
4.817500 0.684794 0.025827
4.822500 0.703177 0.059569
4.827500 0.765960 0.033967
4.832500 0.795808 0.032558
4.837500 0.833216 0.016927
4.842500 0.785848 0.052176
4.847500 0.764412 0.069092
4.852500 0.751999 0.034514
4.857500 0.804706 0.017455
4.862500 0.740923 0.014686
4.867500 0.761552 0.010212
4.872500 0.804903 0.015626
4.877500 0.796636 0.025017
4.882500 0.764637 0.022495
4.887500 0.778720 0.010088
4.892500 0.733377 0.020884
4.897500 0.704104 0.013522
4.902500 0.754561 0.021000
4.907500 0.713861 0.009635
4.912500 0.704562 0.014711
4.917500 0.766174 0.008348
4.922500 0.773863 0.044836
4.927500 0.837663 0.046903
4.932500 0.784541 0.039367
4.937500 0.767868 0.024068
4.942500 0.798732 0.021587
4.947500 0.790803 0.047666
4.952500 0.863008 0.036452
4.957500 0.870021 0.017958
4.962500 0.847631 0.029368
4.967500 0.815686 0.016265
4.972500 0.817361 0.015860
4.977500 0.893864 0.024314
4.982500 0.892879 0.033952
4.987500 0.811735 0.023827
4.992500 0.743633 0.018144
4.997500 0.773496 0.014207
5.002500 0.799162 0.023109
5.007500 0.824052 0.014238
5.012500 0.811349 0.039581
5.017500 0.804057 0.009829
5.022500 0.783782 0.016406
5.027500 0.744366 0.032207
5.032500 0.745481 0.020813
5.037500 0.826551 0.027269
5.042500 0.911480 0.018550
5.047500 0.858993 0.057787
5.052500 0.793624 0.039912
5.057500 0.846047 0.051108
5.062500 0.824724 0.015104
5.067500 0.869266 0.010488
5.072500 0.805313 0.024771
5.077500 0.773399 0.024144
5.082500 0.670084 0.003582
5.087500 0.681520 0.014187
5.092500 0.681579 0.051759
5.097500 0.618566 0.073400
