# DATE = 2025-03-12
# PIPE_VER = 1.17.1
# PMAP = jwst_1322.pmap
# STANDARD_STAR = SNAP-2
# 
# Wavelength (microns), arbitrary reflectance, uncertainty
0.702500 0.592593 0.007566
0.707500 0.598027 0.006505
0.712500 0.615762 0.003954
0.717500 0.609788 0.008842
0.722500 0.611326 0.008710
0.727500 0.622733 0.009816
0.732500 0.624041 0.009096
0.737500 0.620697 0.011033
0.742500 0.633635 0.006643
0.747500 0.632802 0.006631
0.752500 0.633245 0.009873
0.757500 0.642363 0.008605
0.762500 0.641253 0.006347
0.767500 0.647219 0.005498
0.772500 0.644645 0.008253
0.777500 0.643972 0.007174
0.782500 0.651404 0.007161
0.787500 0.665527 0.013801
0.792500 0.663548 0.008328
0.797500 0.661522 0.005237
0.802500 0.668005 0.005034
0.807500 0.659335 0.004594
0.812500 0.667424 0.004984
0.817500 0.671219 0.004560
0.822500 0.678467 0.005423
0.827500 0.679114 0.007154
0.832500 0.679568 0.004224
0.837500 0.685275 0.003425
0.842500 0.690938 0.005809
0.847500 0.692026 0.005373
0.852500 0.694349 0.004692
0.857500 0.694800 0.005743
0.862500 0.701803 0.007606
0.867500 0.700028 0.005192
0.872500 0.702132 0.007645
0.877500 0.704381 0.004884
0.882500 0.705258 0.005115
0.887500 0.709350 0.004019
0.892500 0.713643 0.004187
0.897500 0.723595 0.010530
0.902500 0.722706 0.009526
0.907500 0.722537 0.010175
0.912500 0.730284 0.005927
0.917500 0.731427 0.006154
0.922500 0.732877 0.005437
0.927500 0.731141 0.005468
0.932500 0.732277 0.005719
0.937500 0.734807 0.003760
0.942500 0.737927 0.003677
0.947500 0.740837 0.003754
0.952500 0.746488 0.008604
0.957500 0.751195 0.006704
0.962500 0.747565 0.003286
0.967500 0.753453 0.005431
0.972500 0.754961 0.005403
0.977500 0.757140 0.007196
0.982500 0.764178 0.009184
0.987500 0.773876 0.007066
0.992500 0.775480 0.005843
0.997500 0.772437 0.007613
1.002500 0.766749 0.008622
1.007500 0.770226 0.012155
1.012500 0.774367 0.012252
1.017500 0.781580 0.008870
1.022500 0.783538 0.009229
1.027500 0.782977 0.007967
1.032500 0.786961 0.006477
1.037500 0.791285 0.006948
1.042500 0.786452 0.004484
1.047500 0.787452 0.005328
1.052500 0.790868 0.006357
1.057500 0.794453 0.005558
1.062500 0.801806 0.007840
1.067500 0.797249 0.005003
1.072500 0.797060 0.003997
1.077500 0.794323 0.004767
1.082500 0.798562 0.003509
1.087500 0.803401 0.005428
1.092500 0.810209 0.006227
1.097500 0.810583 0.007074
1.102500 0.817911 0.011751
1.107500 0.818540 0.008804
1.112500 0.817864 0.004719
1.117500 0.820265 0.004458
1.122500 0.822892 0.003956
1.127500 0.827818 0.004996
1.132500 0.828857 0.005724
1.137500 0.831247 0.006665
1.142500 0.837421 0.005477
1.147500 0.840574 0.005743
1.152500 0.839214 0.005606
1.157500 0.837216 0.005774
1.162500 0.841105 0.011782
1.167500 0.841475 0.010532
1.172500 0.844140 0.006876
1.177500 0.845010 0.007633
1.182500 0.852523 0.007872
1.187500 0.848360 0.009747
1.192500 0.849106 0.007098
1.197500 0.848648 0.006370
1.202500 0.848284 0.008624
1.207500 0.856175 0.010728
1.212500 0.861304 0.009729
1.217500 0.863985 0.008177
1.222500 0.862977 0.011183
1.227500 0.863278 0.010180
1.232500 0.870060 0.007642
1.237500 0.869645 0.004866
1.242500 0.864375 0.005929
1.247500 0.858572 0.004660
1.252500 0.865065 0.002835
1.257500 0.865293 0.004035
1.262500 0.865983 0.006740
1.267500 0.871520 0.004325
1.272500 0.867436 0.007073
1.277500 0.867056 0.005231
1.282500 0.880921 0.007666
1.287500 0.879819 0.005429
1.292500 0.883629 0.007054
1.297500 0.882250 0.004816
1.302500 0.878951 0.003768
1.307500 0.881171 0.004328
1.312500 0.885397 0.005942
1.317500 0.886563 0.004491
1.322500 0.887895 0.004529
1.327500 0.883976 0.004846
1.332500 0.882732 0.004448
1.337500 0.884772 0.004164
1.342500 0.882824 0.004028
1.347500 0.887540 0.004904
1.352500 0.889987 0.004852
1.357500 0.896634 0.005268
1.362500 0.896951 0.005844
1.367500 0.897333 0.005655
1.372500 0.901178 0.006616
1.377500 0.897996 0.008245
1.382500 0.902417 0.005066
1.387500 0.906487 0.005161
1.392500 0.907102 0.005530
1.397500 0.908099 0.006132
1.402500 0.904441 0.006207
1.407500 0.907764 0.005790
1.412500 0.909282 0.007164
1.417500 0.908862 0.006259
1.422500 0.910586 0.004062
1.427500 0.913938 0.004976
1.432500 0.913273 0.004963
1.437500 0.911102 0.005136
1.442500 0.903394 0.005697
1.447500 0.903675 0.005597
1.452500 0.905466 0.005301
1.457500 0.906173 0.005449
1.462500 0.904146 0.005518
1.467500 0.907599 0.006105
1.472500 0.904410 0.004904
1.477500 0.901420 0.004402
1.482500 0.903989 0.004942
1.487500 0.900986 0.004231
1.492500 0.893453 0.004670
1.497500 0.891097 0.004118
1.502500 0.890196 0.004338
1.507500 0.892165 0.006724
1.512500 0.890223 0.005968
1.517500 0.893701 0.006086
1.522500 0.890099 0.005794
1.527500 0.891324 0.004270
1.532500 0.892414 0.004441
1.537500 0.890156 0.004266
1.542500 0.887158 0.006018
1.547500 0.892284 0.006511
1.552500 0.893194 0.005502
1.557500 0.896449 0.004920
1.562500 0.891776 0.005812
1.567500 0.897612 0.007421
1.572500 0.899628 0.004360
1.577500 0.904712 0.006811
1.582500 0.908812 0.007891
1.587500 0.906677 0.004274
1.592500 0.906999 0.003711
1.597500 0.911902 0.004003
1.602500 0.911859 0.005063
1.607500 0.918176 0.006912
1.612500 0.924000 0.010346
1.617500 0.923642 0.010376
1.622500 0.924206 0.006457
1.627500 0.921204 0.006043
1.632500 0.927356 0.003073
1.637500 0.928558 0.004959
1.642500 0.927984 0.004015
1.647500 0.927064 0.007355
1.652500 0.934046 0.003963
1.657500 0.931003 0.004131
1.662500 0.935715 0.006176
1.667500 0.938407 0.004193
1.672500 0.942339 0.003732
1.677500 0.947246 0.004246
1.682500 0.953561 0.006619
1.687500 0.959130 0.007836
1.692500 0.961918 0.006270
1.697500 0.959347 0.006533
1.702500 0.961180 0.007831
1.707500 0.965067 0.006588
1.712500 0.968333 0.006119
1.717500 0.970118 0.005701
1.722500 0.970194 0.009465
1.727500 0.972136 0.005447
1.732500 0.974933 0.004715
1.737500 0.969937 0.005893
1.742500 0.967054 0.007140
1.747500 0.968477 0.005570
1.752500 0.970469 0.004649
1.757500 0.967803 0.006626
1.762500 0.964330 0.008197
1.767500 0.969212 0.005965
1.772500 0.970798 0.006365
1.777500 0.971362 0.006009
1.782500 0.972775 0.008888
1.787500 0.967361 0.006684
1.792500 0.969764 0.005737
1.797500 0.964951 0.006731
1.802500 0.965865 0.006532
1.807500 0.971687 0.005492
1.812500 0.969257 0.004747
1.817500 0.964028 0.007891
1.822500 0.965418 0.008902
1.827500 0.965773 0.006446
1.832500 0.970034 0.007515
1.837500 0.972549 0.007006
1.842500 0.987118 0.008217
1.847500 0.990975 0.007002
1.852500 0.990560 0.009746
1.857500 0.986640 0.010903
1.862500 0.988112 0.004478
1.867500 0.993231 0.004373
1.872500 0.990482 0.004703
1.877500 0.993225 0.006949
1.882500 0.989688 0.007531
1.887500 0.993096 0.007320
1.892500 0.984800 0.004892
1.897500 0.986829 0.009333
1.902500 0.986962 0.010948
1.907500 0.990143 0.010927
1.912500 0.988293 0.012968
1.917500 0.977684 0.005032
1.922500 0.980876 0.004990
1.927500 0.981574 0.005370
1.932500 0.972334 0.005326
1.937500 0.975877 0.004956
1.942500 0.973167 0.006403
1.947500 0.968257 0.003985
1.952500 0.960395 0.007428
1.957500 0.955107 0.004818
1.962500 0.952804 0.004313
1.967500 0.944077 0.010443
1.972500 0.928782 0.004583
1.977500 0.928423 0.003782
1.982500 0.929025 0.003160
1.987500 0.925665 0.007123
1.992500 0.922967 0.005376
1.997500 0.924636 0.004337
2.002500 0.922718 0.003895
2.007500 0.919397 0.005931
2.012500 0.928910 0.004604
2.017500 0.927936 0.005018
2.022500 0.930510 0.006515
2.027500 0.938517 0.006341
2.032500 0.938146 0.005400
2.037500 0.939820 0.004871
2.042500 0.940549 0.005164
2.047500 0.939009 0.011074
2.052500 0.939573 0.008816
2.057500 0.935640 0.007715
2.062500 0.928782 0.005194
2.067500 0.936420 0.006079
2.072500 0.940477 0.005185
2.077500 0.941827 0.008978
2.082500 0.948594 0.010190
2.087500 0.951071 0.010116
2.092500 0.953206 0.007653
2.097500 0.963140 0.007631
2.102500 0.970473 0.008559
2.107500 0.976706 0.006028
2.112500 0.976126 0.005668
2.117500 0.979972 0.007618
2.122500 0.982614 0.008451
2.127500 0.986566 0.006330
2.132500 0.995878 0.006764
2.137500 1.001646 0.006078
2.142500 1.005951 0.008736
2.147500 1.001239 0.007185
2.152500 1.004246 0.008071
2.157500 1.005338 0.007019
2.162500 1.014845 0.003803
2.167500 1.025358 0.004877
2.172500 1.037486 0.003348
2.177500 1.028736 0.003127
2.182500 1.025807 0.005921
2.187500 1.028024 0.004222
2.192500 1.020093 0.004496
2.197500 1.023975 0.005463
2.202500 1.022456 0.004361
2.207500 1.032614 0.007689
2.212500 1.034714 0.008397
2.217500 1.038495 0.009592
2.222500 1.043658 0.008416
2.227500 1.043167 0.008200
2.232500 1.045063 0.005514
2.237500 1.041834 0.006459
2.242500 1.046855 0.003200
2.247500 1.044049 0.007991
2.252500 1.041939 0.012170
2.257500 1.038977 0.006003
2.262500 1.037392 0.004696
2.267500 1.032177 0.008156
2.272500 1.031439 0.009123
2.277500 1.035314 0.007440
2.282500 1.035981 0.008019
2.287500 1.038899 0.006423
2.292500 1.045206 0.004640
2.297500 1.043413 0.007587
2.302500 1.034967 0.008811
2.307500 1.032422 0.002558
2.312500 1.036305 0.005350
2.317500 1.025590 0.003019
2.322500 1.032266 0.003862
2.327500 1.037286 0.003300
2.332500 1.035501 0.005889
2.337500 1.031116 0.007195
2.342500 1.026637 0.010375
2.347500 1.023979 0.006986
2.352500 1.026966 0.020564
2.357500 1.027209 0.006888
2.362500 1.026966 0.004217
2.367500 1.027529 0.007818
2.372500 1.028620 0.004133
2.377500 1.026811 0.002869
2.382500 1.019735 0.005640
2.387500 1.017084 0.006654
2.392500 1.016434 0.009142
2.397500 1.017455 0.009428
2.402500 1.014572 0.007213
2.407500 1.013814 0.005299
2.412500 1.020773 0.002737
2.417500 1.022106 0.003449
2.422500 1.025329 0.003005
2.427500 1.017792 0.007837
2.432500 1.021512 0.009184
2.437500 1.021151 0.003304
2.442500 1.022459 0.006366
2.447500 1.020722 0.005135
2.452500 1.022433 0.004475
2.457500 1.023179 0.005467
2.462500 1.016222 0.008823
2.467500 1.031406 0.002589
2.472500 1.023754 0.004697
2.477500 1.012390 0.006687
2.482500 1.009413 0.005689
2.487500 1.011213 0.005886
2.492500 1.007951 0.001486
2.497500 1.009302 0.003637
2.502500 1.007452 0.002113
2.507500 1.010527 0.002101
2.512500 1.011159 0.003221
2.517500 1.010047 0.002469
2.522500 1.012817 0.001972
2.527500 1.009076 0.003473
2.532500 1.007596 0.003347
2.537500 1.008556 0.003630
2.542500 0.997301 0.008052
2.547500 1.001020 0.007031
2.552500 1.001224 0.007790
2.557500 1.000288 0.008044
2.562500 1.002545 0.005973
2.567500 0.999858 0.005230
2.572500 0.996440 0.007354
2.577500 1.004702 0.002543
2.582500 1.007599 0.002466
2.587500 0.998551 0.004010
2.592500 0.996838 0.002477
2.597500 1.000000 0.002350
2.602500 1.002687 0.005022
2.607500 0.999282 0.004602
2.612500 0.999804 0.008604
2.617500 0.998494 0.008171
2.622500 1.004205 0.007405
2.627500 1.000364 0.005223
2.632500 0.986936 0.011808
2.637500 0.980815 0.006498
2.642500 0.983718 0.005748
2.647500 0.976082 0.008663
2.652500 0.977873 0.008576
2.657500 0.982827 0.005680
2.662500 0.975929 0.007064
2.667500 0.980126 0.005331
2.672500 0.975230 0.004426
2.677500 0.967315 0.003981
2.682500 0.959529 0.004053
2.687500 0.944767 0.004893
2.692500 0.940017 0.004970
2.697500 0.939830 0.005477
2.702500 0.923428 0.003303
2.707500 0.924340 0.004461
2.712500 0.923812 0.002985
2.717500 0.915512 0.008762
2.722500 0.910095 0.003374
2.727500 0.907338 0.002629
2.732500 0.885047 0.010138
2.737500 0.879298 0.004295
2.742500 0.865262 0.003200
2.747500 0.849176 0.011532
2.752500 0.828741 0.002982
2.757500 0.818742 0.008658
2.762500 0.789124 0.002743
2.767500 0.783875 0.003062
2.772500 0.772528 0.002672
2.777500 0.760519 0.003442
2.782500 0.747639 0.011523
2.787500 0.719176 0.002687
2.792500 0.698375 0.003933
2.797500 0.685053 0.003849
2.802500 0.668400 0.005913
2.807500 0.655488 0.001375
2.812500 0.650220 0.003119
2.817500 0.629627 0.002483
2.822500 0.621025 0.004245
2.827500 0.613961 0.001434
2.832500 0.593503 0.003292
2.837500 0.584993 0.002102
2.842500 0.574569 0.002454
2.847500 0.565110 0.002261
2.852500 0.555695 0.001965
2.857500 0.552794 0.002146
2.862500 0.536240 0.003010
2.867500 0.534174 0.006997
2.872500 0.515928 0.005379
2.877500 0.514594 0.004509
2.882500 0.512589 0.002352
2.887500 0.501006 0.007726
2.892500 0.491126 0.004224
2.897500 0.484361 0.005995
2.902500 0.479421 0.005769
2.907500 0.476590 0.002744
2.912500 0.470680 0.005241
2.917500 0.463909 0.001183
2.922500 0.460657 0.002693
2.927500 0.453175 0.000934
2.932500 0.450559 0.003405
2.937500 0.446349 0.001884
2.942500 0.436789 0.002579
2.947500 0.433612 0.003134
2.952500 0.429229 0.001741
2.957500 0.424721 0.002474
2.962500 0.420967 0.001449
2.967500 0.419626 0.002297
2.972500 0.413736 0.004662
2.977500 0.411693 0.003862
2.982500 0.413742 0.004644
2.987500 0.406400 0.003634
2.992500 0.400929 0.001285
2.997500 0.399216 0.003875
3.002500 0.400979 0.003611
3.007500 0.401674 0.004009
3.012500 0.404403 0.002833
3.017500 0.403145 0.001493
3.022500 0.401439 0.001993
3.027500 0.400043 0.002047
3.032500 0.400160 0.004371
3.037500 0.402674 0.007772
3.042500 0.402928 0.003479
3.047500 0.403099 0.002781
3.052500 0.409472 0.006857
3.057500 0.418399 0.008770
3.062500 0.421694 0.005067
3.067500 0.427020 0.004901
3.072500 0.434766 0.007601
3.077500 0.443060 0.003627
3.082500 0.443713 0.004069
3.087500 0.445593 0.003568
3.092500 0.447938 0.006769
3.097500 0.449344 0.006406
3.102500 0.452090 0.004946
3.107500 0.448303 0.004307
3.112500 0.451042 0.002298
3.117500 0.446200 0.001452
3.122500 0.437775 0.002863
3.127500 0.432218 0.002484
3.132500 0.425401 0.002142
3.137500 0.431341 0.001257
3.142500 0.431108 0.001427
3.147500 0.425353 0.002942
3.152500 0.415789 0.005642
3.157500 0.417333 0.002239
3.162500 0.421952 0.005694
3.167500 0.428715 0.009507
3.172500 0.421521 0.008836
3.177500 0.426676 0.001136
3.182500 0.425655 0.001602
3.187500 0.430834 0.003072
3.192500 0.432906 0.002011
3.197500 0.439589 0.001965
3.202500 0.434474 0.001655
3.207500 0.440741 0.004623
3.212500 0.437593 0.004881
3.217500 0.442570 0.002979
3.222500 0.446084 0.004092
3.227500 0.456845 0.001529
3.232500 0.453947 0.006188
3.237500 0.447890 0.007592
3.242500 0.455268 0.006013
3.247500 0.467456 0.005068
3.252500 0.467009 0.003803
3.257500 0.474462 0.007701
3.262500 0.472208 0.003439
3.267500 0.474763 0.003585
3.272500 0.487883 0.006779
3.277500 0.499125 0.008976
3.282500 0.497686 0.004190
3.287500 0.511730 0.005134
3.292500 0.514047 0.005419
3.297500 0.516988 0.002834
3.302500 0.520196 0.000616
3.307500 0.530455 0.003327
3.312500 0.541704 0.006783
3.317500 0.549586 0.003473
3.322500 0.558616 0.001406
3.327500 0.571043 0.004035
3.332500 0.569305 0.008057
3.337500 0.567479 0.005502
3.342500 0.577677 0.003634
3.347500 0.598190 0.002980
3.352500 0.605324 0.002742
3.357500 0.617156 0.006629
3.362500 0.627923 0.008887
3.367500 0.625843 0.005708
3.372500 0.630906 0.009201
3.377500 0.644393 0.014480
3.382500 0.663007 0.010216
3.387500 0.674520 0.008735
3.392500 0.680131 0.001042
3.397500 0.687833 0.008259
3.402500 0.699948 0.002294
3.407500 0.716216 0.003774
3.412500 0.715750 0.006725
3.417500 0.733152 0.003254
3.422500 0.742410 0.002214
3.427500 0.753442 0.003353
3.432500 0.766619 0.008406
3.437500 0.773362 0.006956
3.442500 0.781098 0.002928
3.447500 0.792070 0.007607
3.452500 0.804194 0.011114
3.457500 0.820998 0.007465
3.462500 0.837658 0.009871
3.467500 0.841257 0.007150
3.472500 0.848875 0.009022
3.477500 0.861826 0.017237
3.482500 0.876552 0.015876
3.487500 0.875218 0.008662
3.492500 0.875843 0.002083
3.497500 0.886965 0.005406
3.502500 0.885836 0.003324
3.507500 0.903852 0.009151
3.512500 0.933544 0.003656
3.517500 0.938554 0.004724
3.522500 0.947071 0.007730
3.527500 0.944450 0.005401
3.532500 0.970832 0.011495
3.537500 0.974662 0.007589
3.542500 0.989136 0.002770
3.547500 0.977955 0.010705
3.552500 0.985669 0.007111
3.557500 0.977399 0.013628
3.562500 0.998452 0.008998
3.567500 0.999314 0.005313
3.572500 1.003800 0.005449
3.577500 1.002833 0.004329
3.582500 1.017276 0.007317
3.587500 1.019915 0.007359
3.592500 1.026101 0.004816
3.597500 1.030000 0.007918
3.602500 1.031415 0.008955
3.607500 1.040796 0.001637
3.612500 1.034522 0.006046
3.617500 1.043733 0.002516
3.622500 1.033649 0.005790
3.627500 1.041961 0.009383
3.632500 1.037866 0.004005
3.637500 1.029321 0.006042
3.642500 1.045936 0.008803
3.647500 1.055452 0.012991
3.652500 1.039403 0.014916
3.657500 1.036407 0.017535
3.662500 1.031229 0.009512
3.667500 1.040503 0.011946
3.672500 1.055615 0.007759
3.677500 1.051583 0.006260
3.682500 1.046742 0.007931
3.687500 1.038518 0.005048
3.692500 1.033014 0.006251
3.697500 1.047682 0.003333
3.702500 1.032050 0.012554
3.707500 1.010566 0.006414
3.712500 1.006732 0.004742
3.717500 1.001621 0.006103
3.722500 0.985003 0.003708
3.727500 1.001095 0.004843
3.732500 1.010099 0.004425
3.737500 0.986137 0.011149
3.742500 0.975294 0.005945
3.747500 0.984041 0.005245
3.752500 0.969711 0.011126
3.757500 0.950867 0.003317
3.762500 0.959444 0.008631
3.767500 0.975117 0.015271
3.772500 0.987246 0.010805
3.777500 0.973513 0.012548
3.782500 0.958165 0.012498
3.787500 0.950891 0.006193
3.792500 0.935616 0.005781
3.797500 0.926748 0.002856
3.802500 0.922872 0.004388
3.807500 0.924737 0.011779
3.812500 0.929380 0.017934
3.817500 0.941902 0.018525
3.822500 0.928162 0.008182
3.827500 0.921838 0.008751
3.832500 0.904613 0.010596
3.837500 0.893982 0.007509
3.842500 0.919142 0.003527
3.847500 0.909221 0.004209
3.852500 0.903448 0.002761
3.857500 0.902242 0.005621
3.862500 0.894701 0.003799
3.867500 0.886651 0.004666
3.872500 0.888147 0.004039
3.877500 0.881521 0.005893
3.882500 0.863988 0.007551
3.887500 0.854576 0.005343
3.892500 0.856356 0.002769
3.897500 0.856187 0.005818
3.902500 0.838890 0.011985
3.907500 0.815872 0.005985
3.912500 0.832700 0.009134
3.917500 0.847252 0.010336
3.922500 0.845234 0.005550
3.927500 0.832876 0.006672
3.932500 0.824811 0.002240
3.937500 0.829795 0.009087
3.942500 0.837623 0.010670
3.947500 0.833867 0.002478
3.952500 0.841081 0.002435
3.957500 0.847185 0.007441
3.962500 0.849029 0.003095
3.967500 0.819881 0.014441
3.972500 0.814366 0.002970
3.977500 0.813066 0.007989
3.982500 0.800992 0.004852
3.987500 0.824344 0.008853
3.992500 0.820717 0.004603
3.997500 0.800668 0.007660
4.002500 0.815960 0.011528
4.007500 0.803025 0.011825
4.012500 0.790834 0.002206
4.017500 0.789232 0.003146
4.022500 0.784254 0.002552
4.027500 0.789596 0.008396
4.032500 0.779764 0.005670
4.037500 0.788161 0.006272
4.042500 0.796227 0.005205
4.047500 0.788484 0.010411
4.052500 0.776143 0.007631
4.057500 0.779070 0.008345
4.062500 0.776335 0.012477
4.067500 0.785475 0.010922
4.072500 0.775200 0.010858
4.077500 0.767943 0.003798
4.082500 0.773586 0.004879
4.087500 0.767275 0.001765
4.092500 0.750688 0.002609
4.097500 0.750711 0.005944
4.102500 0.750194 0.008535
4.107500 0.765826 0.004141
4.112500 0.766165 0.012433
4.117500 0.765926 0.006743
4.122500 0.761456 0.011232
4.127500 0.746893 0.004983
4.132500 0.728950 0.005352
4.137500 0.737601 0.009098
4.142500 0.742120 0.011004
4.147500 0.730024 0.003377
4.152500 0.731244 0.005492
4.157500 0.731467 0.006123
4.162500 0.733271 0.005583
4.167500 0.724039 0.009190
4.172500 0.711096 0.017701
4.177500 0.720907 0.009638
4.182500 0.727341 0.005580
4.187500 0.719215 0.005299
4.192500 0.719356 0.009292
4.197500 0.733654 0.010326
4.202500 0.730415 0.006470
4.207500 0.704779 0.005725
4.212500 0.691899 0.004128
4.217500 0.692350 0.010983
4.222500 0.705923 0.009609
4.227500 0.693875 0.012329
4.232500 0.671422 0.008361
4.237500 0.656385 0.004289
4.242500 0.667247 0.011002
4.247500 0.666194 0.008750
4.252500 0.652403 0.010411
4.257500 0.634991 0.005100
4.262500 0.598954 0.001672
4.267500 0.572595 0.008363
4.272500 0.553037 0.003053
4.277500 0.545256 0.013893
4.282500 0.578862 0.008229
4.287500 0.605345 0.010084
4.292500 0.624212 0.006395
4.297500 0.634463 0.007357
4.302500 0.653158 0.009706
4.307500 0.685473 0.002565
4.312500 0.683517 0.010750
4.317500 0.662854 0.017592
4.322500 0.663667 0.019867
4.327500 0.653432 0.013083
4.332500 0.640642 0.005706
4.337500 0.651102 0.002405
4.342500 0.653555 0.007692
4.347500 0.636799 0.008034
4.352500 0.637621 0.002979
4.357500 0.634704 0.012157
4.362500 0.633659 0.008819
4.367500 0.647280 0.015706
4.372500 0.644202 0.007998
4.377500 0.657509 0.008319
4.382500 0.655307 0.004892
4.387500 0.632936 0.011129
4.392500 0.614376 0.009375
4.397500 0.621058 0.008049
4.402500 0.634868 0.019066
4.407500 0.639732 0.013139
4.412500 0.630627 0.002913
4.417500 0.645495 0.004666
4.422500 0.641373 0.005009
4.427500 0.643124 0.008211
4.432500 0.630637 0.005931
4.437500 0.616619 0.009328
4.442500 0.612881 0.009636
4.447500 0.603509 0.003537
4.452500 0.615505 0.023070
4.457500 0.620124 0.014569
4.462500 0.618268 0.005974
4.467500 0.611276 0.010142
4.472500 0.623483 0.006840
4.477500 0.609653 0.002777
4.482500 0.589390 0.005518
4.487500 0.595229 0.004387
4.492500 0.597273 0.008321
4.497500 0.609281 0.016489
4.502500 0.608376 0.012907
4.507500 0.625851 0.006332
4.512500 0.617143 0.011796
4.517500 0.611018 0.011426
4.522500 0.598755 0.007667
4.527500 0.617919 0.022309
4.532500 0.615499 0.026081
4.537500 0.598409 0.013681
4.542500 0.603145 0.010517
4.547500 0.618618 0.010512
4.552500 0.632666 0.007246
4.557500 0.635764 0.010109
4.562500 0.622779 0.002985
4.567500 0.640771 0.002319
4.572500 0.633535 0.002479
4.577500 0.611217 0.007593
4.582500 0.620135 0.008545
4.587500 0.651999 0.021178
4.592500 0.641877 0.005757
4.597500 0.650999 0.005741
4.602500 0.639190 0.010138
4.607500 0.653289 0.007802
4.612500 0.639146 0.014770
4.617500 0.626588 0.018476
4.622500 0.639193 0.013737
4.627500 0.642435 0.014315
4.632500 0.649141 0.008697
4.637500 0.650464 0.004677
4.642500 0.655429 0.022589
4.647500 0.680895 0.013578
4.652500 0.698426 0.018321
4.657500 0.710065 0.009296
4.662500 0.729395 0.013134
4.667500 0.718024 0.013063
4.672500 0.711201 0.014255
4.677500 0.701959 0.026640
4.682500 0.681673 0.020554
4.687500 0.687020 0.034927
4.692500 0.712742 0.027638
4.697500 0.694371 0.008769
4.702500 0.691444 0.012579
4.707500 0.700521 0.007176
4.712500 0.727863 0.007999
4.717500 0.744913 0.005672
4.722500 0.722717 0.021193
4.727500 0.708922 0.018455
4.732500 0.736209 0.006067
4.737500 0.779748 0.023354
4.742500 0.753017 0.006097
4.747500 0.733887 0.010629
4.752500 0.759310 0.010126
4.757500 0.762815 0.009163
4.762500 0.734333 0.007707
4.767500 0.763670 0.019884
4.772500 0.775637 0.007193
4.777500 0.741293 0.005086
4.782500 0.772162 0.005859
4.787500 0.779551 0.002470
4.792500 0.791494 0.010148
4.797500 0.770325 0.019254
4.802500 0.742136 0.010475
4.807500 0.777745 0.006632
4.812500 0.802229 0.016586
4.817500 0.787759 0.018855
4.822500 0.764307 0.017092
4.827500 0.753672 0.022625
4.832500 0.796615 0.004640
4.837500 0.816734 0.012585
4.842500 0.818337 0.008480
4.847500 0.795077 0.000884
4.852500 0.791806 0.019389
4.857500 0.777346 0.004867
4.862500 0.772528 0.011290
4.867500 0.787884 0.010220
4.872500 0.812706 0.010158
4.877500 0.825788 0.017195
4.882500 0.805285 0.012406
4.887500 0.819904 0.007211
4.892500 0.811237 0.015578
4.897500 0.807615 0.024710
4.902500 0.795418 0.029962
4.907500 0.804939 0.013585
4.912500 0.791637 0.032596
4.917500 0.813446 0.025285
4.922500 0.820146 0.017219
4.927500 0.832431 0.012817
4.932500 0.855717 0.018117
4.937500 0.822630 0.010976
4.942500 0.807957 0.020433
4.947500 0.850705 0.016741
4.952500 0.853125 0.010229
4.957500 0.842983 0.005994
4.962500 0.850400 0.009565
4.967500 0.862031 0.044601
4.972500 0.839562 0.031853
4.977500 0.851380 0.022824
4.982500 0.873053 0.016558
4.987500 0.862198 0.023041
4.992500 0.860948 0.022233
4.997500 0.836057 0.010367
5.002500 0.867777 0.020425
5.007500 0.859502 0.029724
5.012500 0.847928 0.038342
5.017500 0.831182 0.055182
5.022500 0.832220 0.021437
5.027500 0.825850 0.015669
5.032500 0.814494 0.008982
5.037500 0.900158 0.015994
5.042500 0.880560 0.020231
5.047500 0.872527 0.013254
5.052500 0.863316 0.009599
5.057500 0.866474 0.005311
5.062500 0.857916 0.018292
5.067500 0.859349 0.013098
5.072500 0.869575 0.020019
5.077500 0.905143 0.004594
5.082500 0.897930 0.033688
5.087500 0.878312 0.028112
5.092500 0.828802 0.009024
5.097500 0.834924 0.022150
