# DATE = 2025-03-12
# PIPE_VER = 1.17.1
# PMAP = jwst_1322.pmap
# STANDARD_STAR = SNAP-2
# 
# Wavelength (microns), arbitrary reflectance, uncertainty
0.702500 0.715151 0.013668
0.707500 0.723204 0.005740
0.712500 0.721005 0.004623
0.717500 0.728746 0.009342
0.722500 0.746945 0.026133
0.727500 0.759823 0.026350
0.732500 0.787814 0.019596
0.737500 0.803145 0.022215
0.742500 0.797411 0.007260
0.747500 0.800215 0.010662
0.752500 0.787214 0.015020
0.757500 0.788853 0.012350
0.762500 0.812795 0.006784
0.767500 0.830068 0.008350
0.772500 0.832578 0.016350
0.777500 0.840439 0.012008
0.782500 0.842987 0.009794
0.787500 0.831941 0.006623
0.792500 0.813767 0.013510
0.797500 0.819008 0.022298
0.802500 0.850064 0.009945
0.807500 0.866541 0.011713
0.812500 0.884179 0.011862
0.817500 0.879828 0.009438
0.822500 0.876769 0.008246
0.827500 0.877782 0.006416
0.832500 0.886323 0.006695
0.837500 0.897963 0.007165
0.842500 0.909284 0.010863
0.847500 0.907815 0.010982
0.852500 0.902660 0.008302
0.857500 0.914187 0.009870
0.862500 0.920988 0.011535
0.867500 0.923183 0.010041
0.872500 0.932237 0.006610
0.877500 0.935755 0.008236
0.882500 0.938860 0.006815
0.887500 0.942005 0.009349
0.892500 0.950859 0.005777
0.897500 0.952650 0.006226
0.902500 0.954359 0.011398
0.907500 0.967414 0.007893
0.912500 0.971266 0.010895
0.917500 0.974170 0.005523
0.922500 0.967523 0.007353
0.927500 0.972266 0.006808
0.932500 0.980044 0.005488
0.937500 0.984115 0.005369
0.942500 0.986612 0.006132
0.947500 0.988432 0.004123
0.952500 0.979020 0.007552
0.957500 0.980971 0.009590
0.962500 0.984787 0.011309
0.967500 0.992253 0.010922
0.972500 0.993858 0.008636
0.977500 1.001567 0.009637
0.982500 1.011635 0.017973
0.987500 1.020001 0.016119
0.992500 1.019802 0.008666
0.997500 1.010544 0.010734
1.002500 1.011124 0.013936
1.007500 1.020518 0.015276
1.012500 1.026095 0.009999
1.017500 1.026171 0.011598
1.022500 1.031520 0.017633
1.027500 1.037414 0.011651
1.032500 1.036897 0.014428
1.037500 1.042199 0.009011
1.042500 1.046647 0.006554
1.047500 1.046795 0.009190
1.052500 1.043867 0.018410
1.057500 1.047783 0.014360
1.062500 1.050603 0.006678
1.067500 1.046804 0.003891
1.072500 1.039976 0.007487
1.077500 1.042978 0.007276
1.082500 1.051224 0.013191
1.087500 1.053528 0.016220
1.092500 1.060737 0.011209
1.097500 1.069162 0.012520
1.102500 1.070388 0.011364
1.107500 1.074801 0.010954
1.112500 1.078349 0.015568
1.117500 1.085054 0.017110
1.122500 1.086382 0.017339
1.127500 1.093231 0.013329
1.132500 1.091744 0.011221
1.137500 1.093526 0.008508
1.142500 1.089289 0.011984
1.147500 1.089270 0.009595
1.152500 1.092796 0.011570
1.157500 1.090700 0.011102
1.162500 1.088561 0.017896
1.167500 1.083007 0.018836
1.172500 1.084826 0.022149
1.177500 1.085842 0.022991
1.182500 1.099379 0.019379
1.187500 1.104670 0.010022
1.192500 1.110299 0.008375
1.197500 1.111074 0.011141
1.202500 1.113684 0.012264
1.207500 1.119744 0.009663
1.212500 1.117842 0.011762
1.217500 1.116792 0.017456
1.222500 1.104097 0.018080
1.227500 1.121555 0.013981
1.232500 1.117782 0.009829
1.237500 1.139031 0.009031
1.242500 1.122802 0.015065
1.247500 1.124308 0.010161
1.252500 1.121201 0.022375
1.257500 1.110970 0.035007
1.262500 1.111751 0.038230
1.267500 1.119482 0.028246
1.272500 1.104390 0.016471
1.277500 1.108801 0.007774
1.282500 1.111240 0.006949
1.287500 1.127584 0.006607
1.292500 1.125944 0.038816
1.297500 1.125944 0.013272
1.302500 1.128204 0.015153
1.307500 1.136165 0.011349
1.312500 1.131424 0.013718
1.317500 1.134226 0.015054
1.322500 1.134158 0.016733
1.327500 1.136639 0.013750
1.332500 1.138172 0.011288
1.337500 1.133807 0.016684
1.342500 1.135148 0.018556
1.347500 1.134801 0.012762
1.352500 1.131351 0.012961
1.357500 1.136804 0.010064
1.362500 1.132436 0.008861
1.367500 1.137596 0.009828
1.372500 1.138736 0.011719
1.377500 1.128669 0.013753
1.382500 1.135478 0.013419
1.387500 1.136920 0.015336
1.392500 1.136932 0.016201
1.397500 1.139686 0.017145
1.402500 1.138062 0.018320
1.407500 1.136744 0.018091
1.412500 1.142216 0.020486
1.417500 1.147525 0.015174
1.422500 1.145831 0.016138
1.427500 1.145673 0.012676
1.432500 1.139672 0.015757
1.437500 1.137882 0.013681
1.442500 1.136375 0.013388
1.447500 1.136881 0.013352
1.452500 1.136174 0.013638
1.457500 1.134216 0.016362
1.462500 1.134783 0.016639
1.467500 1.128469 0.014233
1.472500 1.122708 0.019307
1.477500 1.126651 0.018610
1.482500 1.130105 0.017520
1.487500 1.132339 0.014767
1.492500 1.126057 0.017918
1.497500 1.125571 0.017809
1.502500 1.124724 0.015471
1.507500 1.126238 0.014167
1.512500 1.119908 0.015571
1.517500 1.121573 0.015678
1.522500 1.120723 0.020239
1.527500 1.124486 0.025832
1.532500 1.126247 0.026413
1.537500 1.123456 0.024546
1.542500 1.120431 0.021400
1.547500 1.122853 0.014888
1.552500 1.119625 0.016982
1.557500 1.120326 0.019048
1.562500 1.122868 0.017286
1.567500 1.112500 0.013440
1.572500 1.108388 0.015379
1.577500 1.112322 0.021766
1.582500 1.115811 0.021133
1.587500 1.116727 0.015895
1.592500 1.114273 0.013981
1.597500 1.116048 0.014869
1.602500 1.113244 0.017865
1.607500 1.125301 0.019105
1.612500 1.121849 0.021264
1.617500 1.122850 0.021734
1.622500 1.121503 0.024393
1.627500 1.121128 0.018521
1.632500 1.121284 0.022141
1.637500 1.126495 0.018833
1.642500 1.123844 0.019758
1.647500 1.136009 0.021015
1.652500 1.127082 0.029094
1.657500 1.123599 0.031574
1.662500 1.120597 0.032379
1.667500 1.127709 0.031959
1.672500 1.113308 0.041524
1.677500 1.117933 0.041442
1.682500 1.119904 0.037705
1.687500 1.126830 0.024697
1.692500 1.139557 0.016486
1.697500 1.138987 0.016363
1.702500 1.143565 0.012793
1.707500 1.139177 0.014051
1.712500 1.142020 0.014293
1.717500 1.154763 0.009276
1.722500 1.158741 0.007530
1.727500 1.152191 0.009419
1.732500 1.132670 0.023223
1.737500 1.129025 0.024711
1.742500 1.128212 0.017314
1.747500 1.126263 0.018083
1.752500 1.127747 0.020723
1.757500 1.124898 0.018597
1.762500 1.128817 0.017410
1.767500 1.133369 0.017100
1.772500 1.123868 0.024806
1.777500 1.122792 0.027525
1.782500 1.117993 0.018557
1.787500 1.120771 0.012710
1.792500 1.119101 0.016457
1.797500 1.124337 0.013910
1.802500 1.127755 0.011167
1.807500 1.120762 0.018355
1.812500 1.106952 0.027899
1.817500 1.110982 0.027776
1.822500 1.115095 0.028754
1.827500 1.116249 0.023366
1.832500 1.127170 0.019041
1.837500 1.124313 0.019719
1.842500 1.126551 0.013733
1.847500 1.136538 0.010952
1.852500 1.141701 0.010898
1.857500 1.146540 0.008123
1.862500 1.153317 0.011849
1.867500 1.142942 0.023114
1.872500 1.146143 0.022332
1.877500 1.142789 0.010910
1.882500 1.130734 0.011184
1.887500 1.138022 0.009312
1.892500 1.143298 0.010034
1.897500 1.139917 0.010151
1.902500 1.122751 0.010969
1.907500 1.119677 0.014412
1.912500 1.122117 0.017875
1.917500 1.121498 0.010098
1.922500 1.126474 0.008427
1.927500 1.135766 0.006961
1.932500 1.134683 0.008025
1.937500 1.119998 0.011617
1.942500 1.104992 0.013145
1.947500 1.108712 0.013591
1.952500 1.108326 0.008775
1.957500 1.100509 0.006511
1.962500 1.083639 0.017121
1.967500 1.083525 0.015402
1.972500 1.079890 0.011465
1.977500 1.074342 0.009550
1.982500 1.071685 0.010803
1.987500 1.072834 0.013176
1.992500 1.067553 0.017497
1.997500 1.056224 0.023301
2.002500 1.059456 0.022059
2.007500 1.067289 0.007912
2.012500 1.066681 0.009214
2.017500 1.071607 0.007290
2.022500 1.071410 0.006684
2.027500 1.078198 0.005632
2.032500 1.067987 0.015323
2.037500 1.077005 0.011745
2.042500 1.078214 0.014604
2.047500 1.091541 0.009566
2.052500 1.086760 0.013438
2.057500 1.097750 0.015887
2.062500 1.094385 0.008550
2.067500 1.087639 0.021123
2.072500 1.091570 0.017282
2.077500 1.093097 0.014229
2.082500 1.104076 0.008762
2.087500 1.091931 0.015703
2.092500 1.093841 0.017112
2.097500 1.094547 0.016739
2.102500 1.092023 0.014471
2.107500 1.083620 0.024668
2.112500 1.083191 0.023606
2.117500 1.077545 0.017080
2.122500 1.074356 0.015147
2.127500 1.079717 0.015794
2.132500 1.084986 0.015817
2.137500 1.088174 0.022404
2.142500 1.100901 0.016396
2.147500 1.099965 0.019066
2.152500 1.103072 0.017000
2.157500 1.101046 0.011865
2.162500 1.100847 0.011274
2.167500 1.099272 0.011426
2.172500 1.083821 0.013557
2.177500 1.079319 0.020178
2.182500 1.073580 0.026546
2.187500 1.090678 0.020544
2.192500 1.095689 0.015523
2.197500 1.101413 0.016893
2.202500 1.103771 0.013082
2.207500 1.093648 0.011941
2.212500 1.094037 0.011280
2.217500 1.098132 0.005957
2.222500 1.109182 0.007431
2.227500 1.104178 0.004560
2.232500 1.095148 0.006261
2.237500 1.088377 0.007450
2.242500 1.085953 0.005203
2.247500 1.093207 0.002693
2.252500 1.091206 0.005634
2.257500 1.084721 0.009114
2.262500 1.076170 0.012653
2.267500 1.073827 0.014166
2.272500 1.071810 0.008038
2.277500 1.047501 0.011849
2.282500 1.043809 0.014230
2.287500 1.052918 0.010788
2.292500 1.036825 0.012235
2.297500 1.042472 0.013595
2.302500 1.043208 0.011655
2.307500 1.045740 0.009919
2.312500 1.066608 0.007556
2.317500 1.074366 0.005671
2.322500 1.064891 0.009718
2.327500 1.037016 0.011630
2.332500 1.026382 0.014369
2.337500 1.046842 0.013158
2.342500 1.026899 0.010100
2.347500 1.047498 0.010250
2.352500 1.063133 0.013354
2.357500 1.060887 0.015887
2.362500 1.059776 0.009125
2.367500 1.071689 0.013044
2.372500 1.057859 0.008485
2.377500 1.067800 0.010235
2.382500 1.062213 0.006095
2.387500 1.058086 0.017665
2.392500 1.062826 0.013031
2.397500 1.070185 0.012004
2.402500 1.065886 0.003876
2.407500 1.038144 0.011533
2.412500 1.024632 0.019014
2.417500 1.048662 0.016740
2.422500 1.037011 0.014952
2.427500 1.019660 0.013632
2.432500 1.040572 0.007068
2.437500 1.037933 0.005091
2.442500 1.030524 0.012708
2.447500 1.032591 0.015381
2.452500 1.031420 0.010534
2.457500 1.032790 0.009871
2.462500 1.031461 0.008020
2.467500 1.033229 0.006200
2.472500 1.021587 0.007860
2.477500 1.022873 0.013778
2.482500 1.024025 0.017165
2.487500 1.045580 0.018120
2.492500 1.024002 0.019678
2.497500 1.018216 0.010131
2.502500 1.018308 0.008705
2.507500 1.024722 0.008169
2.512500 1.017414 0.007330
2.517500 1.018434 0.002921
2.522500 1.022085 0.004342
2.527500 1.017016 0.010473
2.532500 1.013194 0.012085
2.537500 0.999977 0.012242
2.542500 1.001941 0.012437
2.547500 0.993603 0.004292
2.552500 0.990932 0.005999
2.557500 0.988128 0.004688
2.562500 1.003923 0.009084
2.567500 1.019707 0.013305
2.572500 1.018584 0.008160
2.577500 1.018468 0.008817
2.582500 1.008291 0.014308
2.587500 1.011481 0.009259
2.592500 1.001752 0.015180
2.597500 1.004446 0.016522
2.602500 1.000000 0.016017
2.607500 0.977288 0.004125
2.612500 0.975728 0.012665
2.617500 0.963759 0.008223
2.622500 0.952080 0.005779
2.627500 0.953406 0.007391
2.632500 0.956422 0.007409
2.637500 0.933627 0.010308
2.642500 0.932431 0.005428
2.647500 0.923859 0.004334
2.652500 0.907313 0.008950
2.657500 0.889261 0.013103
2.662500 0.861431 0.004173
2.667500 0.804917 0.005350
2.672500 0.791102 0.017888
2.677500 0.759611 0.020927
2.682500 0.656351 0.011058
2.687500 0.623727 0.014039
2.692500 0.607332 0.010211
2.697500 0.599275 0.024287
2.702500 0.586695 0.006019
2.707500 0.652780 0.015623
2.712500 0.726933 0.002319
2.717500 0.724116 0.029330
2.722500 0.775079 0.024894
2.727500 0.771669 0.023400
2.732500 0.773270 0.004227
2.737500 0.735249 0.014297
2.742500 0.680367 0.022490
2.747500 0.667471 0.014345
2.752500 0.631348 0.004279
2.757500 0.583056 0.025611
2.762500 0.569187 0.020859
2.767500 0.549844 0.014240
2.772500 0.532393 0.011901
2.777500 0.535144 0.006660
2.782500 0.520298 0.005379
2.787500 0.516621 0.008853
2.792500 0.521539 0.008415
2.797500 0.516175 0.012386
2.802500 0.509293 0.011674
2.807500 0.486058 0.006718
2.812500 0.454272 0.002741
2.817500 0.448423 0.006429
2.822500 0.426538 0.004163
2.827500 0.389602 0.004083
2.832500 0.386610 0.005845
2.837500 0.362142 0.003942
2.842500 0.343595 0.004970
2.847500 0.337196 0.002617
2.852500 0.309511 0.001706
2.857500 0.294598 0.002871
2.862500 0.275019 0.008901
2.867500 0.250855 0.004411
2.872500 0.243881 0.002162
2.877500 0.243241 0.003953
2.882500 0.234468 0.017466
2.887500 0.234077 0.021688
2.892500 0.229354 0.006254
2.897500 0.206604 0.004165
2.902500 0.203961 0.001956
2.907500 0.193492 0.011415
2.912500 0.180224 0.010066
2.917500 0.185325 0.007463
2.922500 0.174650 0.005178
2.927500 0.170998 0.004423
2.932500 0.162262 0.005477
2.937500 0.155598 0.003431
2.942500 0.157450 0.003056
2.947500 0.161997 0.004206
2.952500 0.162494 0.002964
2.957500 0.156280 0.001834
2.962500 0.150755 0.001786
2.967500 0.150646 0.000737
2.972500 0.138521 0.001786
2.977500 0.136148 0.001926
2.982500 0.141543 0.004391
2.987500 0.148468 0.006636
2.992500 0.145484 0.010768
2.997500 0.140444 0.004912
3.002500 0.142093 0.002256
3.007500 0.138596 0.001167
3.012500 0.141152 0.004757
3.017500 0.131586 0.001631
3.022500 0.136719 0.003985
3.027500 0.128733 0.007827
3.032500 0.129950 0.005574
3.037500 0.125881 0.004843
3.042500 0.124851 0.005950
3.047500 0.126441 0.004039
3.052500 0.131866 0.000841
3.057500 0.135348 0.001905
3.062500 0.139812 0.001558
3.067500 0.135352 0.005551
3.072500 0.139978 0.006054
3.077500 0.145670 0.006119
3.082500 0.151514 0.008565
3.087500 0.151056 0.009727
3.092500 0.138652 0.001255
3.097500 0.143216 0.006569
3.102500 0.145389 0.011285
3.107500 0.156647 0.009499
3.112500 0.155001 0.005355
3.117500 0.151175 0.002319
3.122500 0.151730 0.003356
3.127500 0.156273 0.002666
3.132500 0.151313 0.007096
3.137500 0.151563 0.006443
3.142500 0.159773 0.001552
3.147500 0.167275 0.005616
3.152500 0.163178 0.003041
3.157500 0.163813 0.001611
3.162500 0.169209 0.001838
3.167500 0.168668 0.006540
3.172500 0.159283 0.011388
3.177500 0.150797 0.008470
3.182500 0.163339 0.001944
3.187500 0.169970 0.002726
3.192500 0.182770 0.003323
3.197500 0.193969 0.002137
3.202500 0.193738 0.004784
3.207500 0.185760 0.000536
3.212500 0.192628 0.004601
3.217500 0.202241 0.005622
3.222500 0.206915 0.003160
3.227500 0.213085 0.006271
3.232500 0.210146 0.008544
3.237500 0.213680 0.003063
3.242500 0.223691 0.002591
3.247500 0.223971 0.003812
3.252500 0.234739 0.007325
3.257500 0.260733 0.005513
3.262500 0.266019 0.004239
3.267500 0.267331 0.002314
3.272500 0.257238 0.001098
3.277500 0.278441 0.007893
3.282500 0.291948 0.002891
3.287500 0.312747 0.007835
3.292500 0.335165 0.007141
3.297500 0.334020 0.006000
3.302500 0.320579 0.002238
3.307500 0.325057 0.005573
3.312500 0.327572 0.001389
3.317500 0.331842 0.003692
3.322500 0.333629 0.006660
3.327500 0.354578 0.004287
3.332500 0.338056 0.009802
3.337500 0.335421 0.009613
3.342500 0.342513 0.010936
3.347500 0.345275 0.005617
3.352500 0.343519 0.005955
3.357500 0.325393 0.005718
3.362500 0.328655 0.006723
3.367500 0.316192 0.009523
3.372500 0.339734 0.008673
3.377500 0.350891 0.001826
3.382500 0.350307 0.003185
3.387500 0.340397 0.011330
3.392500 0.338511 0.019955
3.397500 0.327465 0.008375
3.402500 0.323903 0.007561
3.407500 0.354166 0.003345
3.412500 0.360996 0.011880
3.417500 0.352226 0.017495
3.422500 0.336308 0.004622
3.427500 0.347179 0.005608
3.432500 0.363121 0.005973
3.437500 0.374474 0.004156
3.442500 0.376993 0.004767
3.447500 0.366265 0.008141
3.452500 0.374659 0.009932
3.457500 0.383193 0.012265
3.462500 0.383001 0.015405
3.467500 0.389352 0.014392
3.472500 0.379687 0.015747
3.477500 0.381707 0.005810
3.482500 0.373073 0.009108
3.487500 0.393728 0.009813
3.492500 0.402766 0.008087
3.497500 0.421190 0.008962
3.502500 0.443870 0.002624
3.507500 0.439755 0.008173
3.512500 0.448458 0.012317
3.517500 0.451929 0.013297
3.522500 0.447466 0.008020
3.527500 0.426100 0.022294
3.532500 0.427714 0.006615
3.537500 0.424866 0.004832
3.542500 0.433000 0.002663
3.547500 0.453700 0.012077
3.552500 0.462871 0.005154
3.557500 0.484879 0.016021
3.562500 0.490668 0.006078
3.567500 0.481616 0.005581
3.572500 0.490754 0.006026
3.577500 0.510674 0.005049
3.582500 0.503575 0.018931
3.587500 0.489942 0.014167
3.592500 0.500446 0.015669
3.597500 0.511732 0.008082
3.602500 0.542625 0.012615
3.607500 0.544238 0.015775
3.612500 0.521174 0.008236
3.617500 0.536430 0.006285
3.622500 0.538386 0.003611
3.627500 0.551689 0.006312
3.632500 0.552535 0.004226
3.637500 0.555964 0.006621
3.642500 0.567236 0.011186
3.647500 0.561621 0.004218
3.652500 0.566660 0.004428
3.657500 0.578283 0.007142
3.662500 0.566953 0.003899
3.667500 0.569206 0.005373
3.672500 0.546520 0.005043
3.677500 0.562674 0.021914
3.682500 0.599822 0.008022
3.687500 0.577540 0.002167
3.692500 0.548741 0.006321
3.697500 0.567671 0.005013
3.702500 0.556616 0.015446
3.707500 0.570195 0.007039
3.712500 0.571018 0.003795
3.717500 0.568042 0.001677
3.722500 0.583501 0.009554
3.727500 0.582110 0.006450
3.732500 0.592448 0.007785
3.737500 0.579503 0.012225
3.742500 0.570361 0.015892
3.747500 0.576473 0.019528
3.752500 0.554538 0.011351
3.757500 0.534082 0.006948
3.762500 0.527603 0.014370
3.767500 0.533783 0.018392
3.772500 0.559127 0.025832
3.777500 0.532319 0.012839
3.782500 0.554634 0.015420
3.787500 0.550681 0.004113
3.792500 0.541806 0.005878
3.797500 0.518652 0.017686
3.802500 0.558188 0.017544
3.807500 0.565034 0.020530
3.812500 0.544828 0.009214
3.817500 0.540778 0.005406
3.822500 0.536506 0.002303
3.827500 0.527087 0.005192
3.832500 0.511575 0.001073
3.837500 0.527311 0.006644
3.842500 0.530442 0.017633
3.847500 0.511501 0.024877
3.852500 0.527943 0.019921
3.857500 0.534545 0.009357
3.862500 0.523732 0.005182
3.867500 0.507865 0.005923
3.872500 0.508147 0.011720
3.877500 0.485884 0.006003
3.882500 0.499306 0.021388
3.887500 0.512779 0.006997
3.892500 0.497291 0.006028
3.897500 0.489759 0.003026
3.902500 0.482716 0.007541
3.907500 0.484312 0.004143
3.912500 0.489530 0.004091
3.917500 0.466005 0.007044
3.922500 0.462394 0.010778
3.927500 0.439981 0.003209
3.932500 0.437733 0.008653
3.937500 0.472542 0.015704
3.942500 0.454362 0.019970
3.947500 0.451686 0.030126
3.952500 0.447665 0.010389
3.957500 0.483537 0.009437
3.962500 0.470948 0.016045
3.967500 0.435978 0.008873
3.972500 0.465287 0.006441
3.977500 0.452357 0.006331
3.982500 0.439893 0.011919
3.987500 0.433449 0.005221
3.992500 0.424597 0.015158
3.997500 0.411677 0.006930
4.002500 0.409960 0.011053
4.007500 0.406604 0.001569
4.012500 0.383619 0.009678
4.017500 0.387729 0.005021
4.022500 0.373850 0.013599
4.027500 0.395730 0.003009
4.032500 0.377353 0.005706
4.037500 0.363028 0.006836
4.042500 0.320092 0.016121
4.047500 0.290746 0.007912
4.052500 0.304696 0.004145
4.057500 0.303246 0.011873
4.062500 0.315877 0.008661
4.067500 0.308596 0.007369
4.072500 0.287732 0.020139
4.077500 0.287124 0.013202
4.082500 0.283824 0.016620
4.087500 0.273967 0.007839
4.092500 0.286284 0.004249
4.097500 0.300555 0.008656
4.102500 0.322281 0.016241
4.107500 0.337962 0.014841
4.112500 0.334503 0.004983
4.117500 0.312437 0.020966
4.122500 0.324368 0.022790
4.127500 0.347666 0.004778
4.132500 0.352480 0.024890
4.137500 0.330455 0.017259
4.142500 0.338047 0.009982
4.147500 0.345896 0.008713
4.152500 0.342276 0.010919
4.157500 0.358205 0.028664
4.162500 0.392708 0.025650
4.167500 0.428455 0.016246
4.172500 0.534333 0.028539
4.177500 0.558575 0.022270
4.182500 0.597230 0.019220
4.187500 0.647690 0.023908
4.192500 0.691241 0.031675
4.197500 0.816825 0.013917
4.202500 0.797412 0.035708
4.207500 0.751318 0.031904
4.212500 0.575290 0.020373
4.217500 0.493412 0.009448
4.222500 0.394691 0.005966
4.227500 0.361520 0.010499
4.232500 0.339801 0.006494
4.237500 0.340294 0.005615
4.242500 0.339891 0.011116
4.247500 0.308651 0.025992
4.252500 0.328411 0.016937
4.257500 0.338329 0.014326
4.262500 0.306259 0.008493
4.267500 0.295557 0.025267
4.272500 0.252815 0.037847
4.277500 0.226915 0.020387
4.282500 0.264609 0.021109
4.287500 0.339475 0.015925
4.292500 0.422218 0.015587
4.297500 0.547112 0.012244
4.302500 0.658382 0.012810
4.307500 0.738207 0.024187
4.312500 0.763173 0.035424
4.317500 0.785312 0.005812
4.322500 0.792908 0.015821
4.327500 0.810796 0.015226
4.332500 0.849720 0.010765
4.337500 0.835152 0.014372
4.342500 0.802049 0.039838
4.347500 0.848851 0.039288
4.352500 0.870422 0.013872
4.357500 0.793638 0.025205
4.362500 0.750271 0.025184
4.367500 0.709084 0.023898
4.372500 0.651892 0.003802
4.377500 0.537505 0.044193
4.382500 0.427375 0.012743
4.387500 0.429581 0.031606
4.392500 0.531568 0.013122
4.397500 0.587649 0.014254
4.402500 0.606220 0.026999
4.407500 0.635510 0.022930
4.412500 0.645460 0.039587
4.417500 0.640123 0.037530
4.422500 0.672153 0.020308
4.427500 0.653578 0.018268
4.432500 0.623890 0.021851
4.437500 0.619314 0.028945
4.442500 0.593701 0.005637
4.447500 0.579774 0.027591
4.452500 0.557533 0.028279
4.457500 0.539749 0.011462
4.462500 0.569645 0.014903
4.467500 0.592703 0.022813
4.472500 0.599175 0.018714
4.477500 0.613940 0.025142
4.482500 0.641533 0.033185
4.487500 0.638079 0.062182
4.492500 0.608318 0.033480
4.497500 0.641576 0.009893
4.502500 0.652489 0.005376
4.507500 0.657740 0.022365
4.512500 0.657260 0.020248
4.517500 0.592444 0.011774
4.522500 0.618632 0.014370
4.527500 0.647287 0.025455
4.532500 0.723092 0.043570
4.537500 0.685101 0.029059
4.542500 0.694112 0.015648
4.547500 0.684961 0.013338
4.552500 0.717988 0.023965
4.557500 0.696116 0.031142
4.562500 0.652253 0.010546
4.567500 0.654317 0.021243
4.572500 0.653011 0.037170
4.577500 0.610802 0.040556
4.582500 0.623267 0.018367
4.587500 0.651785 0.025995
4.592500 0.674952 0.016163
4.597500 0.624345 0.011543
4.602500 0.612234 0.032447
4.607500 0.593050 0.044555
4.612500 0.636598 0.042442
4.617500 0.698231 0.020740
4.622500 0.686898 0.037375
4.627500 0.592350 0.022209
4.632500 0.585539 0.017967
4.637500 0.636742 0.018446
4.642500 0.657252 0.034840
4.647500 0.584560 0.006753
4.652500 0.508114 0.009376
4.657500 0.494729 0.013648
4.662500 0.508512 0.013798
4.667500 0.447588 0.004104
4.672500 0.381372 0.016850
4.677500 0.298905 0.006009
4.682500 0.318679 0.015944
4.687500 0.339135 0.013746
4.692500 0.386131 0.037187
4.697500 0.436678 0.025014
4.702500 0.539131 0.018454
4.707500 0.598101 0.018550
4.712500 0.653232 0.014733
4.717500 0.691065 0.012458
4.722500 0.684335 0.019835
4.727500 0.649804 0.027353
4.732500 0.653376 0.013923
4.737500 0.665751 0.024873
4.742500 0.713037 0.027073
4.747500 0.700250 0.087566
4.752500 0.805514 0.006322
4.757500 0.728587 0.050492
4.762500 0.675319 0.011319
4.767500 0.677458 0.029885
4.772500 0.737962 0.007085
4.777500 0.704232 0.008814
4.782500 0.737444 0.020525
4.787500 0.732515 0.014888
4.792500 0.685752 0.023573
4.797500 0.659511 0.008651
4.802500 0.705375 0.060952
4.807500 0.696795 0.046434
4.812500 0.710331 0.017637
4.817500 0.696574 0.030560
4.822500 0.727411 0.018051
4.827500 0.803158 0.037270
4.832500 0.713001 0.033210
4.837500 0.745628 0.025803
4.842500 0.804313 0.012247
4.847500 0.793480 0.026249
4.852500 0.732895 0.019524
4.857500 0.728749 0.017009
4.862500 0.739325 0.014257
4.867500 0.764095 0.070045
4.872500 0.713058 0.037008
4.877500 0.752934 0.009265
4.882500 0.792197 0.019767
4.887500 0.726820 0.050674
4.892500 0.643286 0.040844
4.897500 0.660548 0.042377
4.902500 0.676224 0.003742
4.907500 0.747192 0.028023
4.912500 0.767122 0.010441
4.917500 0.753133 0.008850
4.922500 0.726286 0.059498
4.927500 0.752057 0.038192
4.932500 0.691124 0.028852
4.937500 0.720313 0.040970
4.942500 0.742765 0.056098
4.947500 0.801254 0.034227
4.952500 0.769628 0.039825
4.957500 0.798819 0.030487
4.962500 0.799050 0.032742
4.967500 0.745348 0.050938
4.972500 0.668497 0.034635
4.977500 0.674854 0.046383
4.982500 0.703420 0.046352
4.987500 0.763450 0.030050
4.992500 0.788468 0.028692
4.997500 0.838079 0.027608
5.002500 0.746300 0.051741
5.007500 0.807223 0.049024
5.012500 0.874917 0.013107
5.017500 0.743475 0.015934
5.022500 0.637888 0.068536
5.027500 0.646142 0.039399
5.032500 0.602858 0.076275
5.037500 0.669384 0.033200
5.042500 0.704383 0.031728
5.047500 0.649568 0.038437
5.052500 0.666318 0.030635
5.057500 0.680296 0.014790
5.062500 0.667948 0.008937
5.067500 0.695755 0.044018
5.072500 0.708672 0.057625
5.077500 0.710844 0.020133
5.082500 0.680526 0.022176
5.087500 0.636658 0.045520
5.092500 0.644317 0.034170
5.097500 0.626646 0.030702
