# DATE = 2025-03-12
# PIPE_VER = 1.17.1
# PMAP = jwst_1322.pmap
# STANDARD_STAR = SNAP-2
# 
# Wavelength (microns), arbitrary reflectance, uncertainty
0.702500 0.635367 0.019511
0.707500 0.615931 0.017525
0.712500 0.638899 0.024611
0.717500 0.650060 0.013581
0.722500 0.651457 0.024093
0.727500 0.659971 0.017298
0.732500 0.655684 0.013541
0.737500 0.635377 0.014549
0.742500 0.662972 0.013772
0.747500 0.651515 0.007668
0.752500 0.655892 0.012555
0.757500 0.666805 0.010923
0.762500 0.668634 0.011242
0.767500 0.669269 0.012865
0.772500 0.672649 0.015906
0.777500 0.685686 0.016381
0.782500 0.672684 0.017494
0.787500 0.671855 0.024082
0.792500 0.689366 0.011182
0.797500 0.691587 0.013155
0.802500 0.696253 0.008076
0.807500 0.698473 0.008125
0.812500 0.699402 0.008750
0.817500 0.707264 0.011229
0.822500 0.714241 0.015131
0.827500 0.699683 0.009701
0.832500 0.705458 0.004020
0.837500 0.703306 0.006126
0.842500 0.697465 0.008082
0.847500 0.701348 0.003659
0.852500 0.711589 0.007099
0.857500 0.731134 0.011734
0.862500 0.731883 0.014568
0.867500 0.728733 0.010357
0.872500 0.726067 0.006525
0.877500 0.734400 0.012058
0.882500 0.735921 0.009371
0.887500 0.736759 0.009626
0.892500 0.732626 0.007789
0.897500 0.733205 0.011983
0.902500 0.735753 0.015222
0.907500 0.737442 0.014646
0.912500 0.752017 0.015152
0.917500 0.749974 0.011824
0.922500 0.763231 0.013251
0.927500 0.758513 0.013560
0.932500 0.763507 0.014343
0.937500 0.765100 0.015114
0.942500 0.768644 0.015356
0.947500 0.764840 0.012644
0.952500 0.771889 0.008776
0.957500 0.777068 0.010495
0.962500 0.767811 0.007782
0.967500 0.768205 0.009647
0.972500 0.767270 0.009689
0.977500 0.777373 0.009680
0.982500 0.783114 0.009118
0.987500 0.802475 0.020461
0.992500 0.807190 0.018489
0.997500 0.807858 0.019506
1.002500 0.806203 0.018970
1.007500 0.814989 0.015431
1.012500 0.804628 0.012270
1.017500 0.796778 0.005735
1.022500 0.797897 0.007121
1.027500 0.796160 0.007804
1.032500 0.810678 0.017527
1.037500 0.814800 0.018152
1.042500 0.822147 0.018061
1.047500 0.823913 0.018746
1.052500 0.827045 0.018904
1.057500 0.821638 0.017654
1.062500 0.820881 0.011086
1.067500 0.826811 0.013073
1.072500 0.833176 0.010343
1.077500 0.832224 0.013106
1.082500 0.835984 0.015593
1.087500 0.834391 0.014548
1.092500 0.828876 0.012155
1.097500 0.825809 0.012715
1.102500 0.824132 0.013772
1.107500 0.832094 0.019055
1.112500 0.842562 0.019521
1.117500 0.852657 0.018788
1.122500 0.857339 0.016298
1.127500 0.861473 0.015265
1.132500 0.865428 0.011895
1.137500 0.864713 0.013533
1.142500 0.869628 0.015843
1.147500 0.865538 0.019576
1.152500 0.865811 0.016394
1.157500 0.861038 0.016113
1.162500 0.866169 0.011686
1.167500 0.876365 0.007052
1.172500 0.879603 0.011823
1.177500 0.892632 0.011857
1.182500 0.891851 0.019821
1.187500 0.887547 0.020476
1.192500 0.885335 0.019956
1.197500 0.884052 0.019188
1.202500 0.882517 0.012551
1.207500 0.881961 0.011791
1.212500 0.877865 0.007088
1.217500 0.883844 0.008370
1.222500 0.884379 0.010724
1.227500 0.887763 0.013814
1.232500 0.897039 0.017988
1.237500 0.902965 0.014987
1.242500 0.894677 0.010810
1.247500 0.904672 0.017311
1.252500 0.924463 0.032092
1.257500 0.914568 0.016047
1.262500 0.913283 0.018742
1.267500 0.905879 0.014543
1.272500 0.887812 0.010844
1.277500 0.893695 0.017544
1.282500 0.905719 0.018795
1.287500 0.914577 0.015276
1.292500 0.917174 0.018818
1.297500 0.919316 0.014718
1.302500 0.908098 0.009647
1.307500 0.912185 0.009856
1.312500 0.919004 0.012831
1.317500 0.923434 0.011495
1.322500 0.933943 0.011524
1.327500 0.930426 0.014802
1.332500 0.924383 0.014708
1.337500 0.930792 0.015449
1.342500 0.933360 0.013210
1.347500 0.933391 0.016049
1.352500 0.936613 0.016614
1.357500 0.941134 0.021964
1.362500 0.940132 0.021274
1.367500 0.944297 0.021799
1.372500 0.946512 0.025437
1.377500 0.940661 0.021259
1.382500 0.938937 0.020392
1.387500 0.948941 0.016506
1.392500 0.959524 0.012807
1.397500 0.962966 0.011520
1.402500 0.958348 0.012301
1.407500 0.956629 0.015066
1.412500 0.957913 0.016910
1.417500 0.955409 0.012965
1.422500 0.951743 0.009629
1.427500 0.953978 0.014807
1.432500 0.958345 0.015158
1.437500 0.950170 0.009904
1.442500 0.949847 0.013441
1.447500 0.948363 0.017728
1.452500 0.946044 0.016752
1.457500 0.943877 0.012660
1.462500 0.940310 0.010992
1.467500 0.935505 0.010136
1.472500 0.935379 0.009557
1.477500 0.932141 0.007942
1.482500 0.933646 0.008460
1.487500 0.930204 0.014923
1.492500 0.920203 0.011476
1.497500 0.917188 0.007841
1.502500 0.913295 0.008855
1.507500 0.912415 0.013796
1.512500 0.917269 0.017574
1.517500 0.917501 0.016147
1.522500 0.916358 0.017231
1.527500 0.925160 0.018100
1.532500 0.928383 0.019897
1.537500 0.940390 0.016298
1.542500 0.947097 0.013023
1.547500 0.950577 0.015289
1.552500 0.941450 0.010976
1.557500 0.935206 0.012606
1.562500 0.930874 0.014892
1.567500 0.927639 0.011101
1.572500 0.935419 0.009561
1.577500 0.933497 0.006646
1.582500 0.938071 0.012378
1.587500 0.934490 0.018646
1.592500 0.945717 0.012329
1.597500 0.957453 0.016676
1.602500 0.956641 0.016504
1.607500 0.963092 0.015748
1.612500 0.944149 0.020081
1.617500 0.951646 0.023904
1.622500 0.953092 0.021688
1.627500 0.962276 0.019518
1.632500 0.982829 0.016518
1.637500 0.976006 0.018215
1.642500 0.975114 0.018065
1.647500 0.974129 0.017967
1.652500 0.949985 0.014722
1.657500 0.952215 0.014318
1.662500 0.958429 0.015066
1.667500 0.950985 0.019960
1.672500 0.986223 0.006915
1.677500 0.992396 0.018580
1.682500 0.986985 0.023497
1.687500 0.989106 0.020973
1.692500 0.980840 0.012691
1.697500 0.980440 0.013383
1.702500 0.990011 0.017426
1.707500 1.008153 0.020020
1.712500 1.024965 0.017356
1.717500 1.034177 0.015852
1.722500 1.030378 0.021942
1.727500 1.027427 0.027079
1.732500 1.024545 0.022266
1.737500 1.019919 0.016955
1.742500 1.017693 0.019535
1.747500 1.012930 0.023134
1.752500 1.001474 0.015024
1.757500 1.000418 0.015522
1.762500 1.000803 0.017376
1.767500 1.017499 0.022207
1.772500 1.022254 0.018652
1.777500 1.023630 0.019777
1.782500 1.023491 0.023995
1.787500 1.001093 0.022467
1.792500 0.994455 0.008404
1.797500 0.996240 0.009125
1.802500 0.996781 0.010147
1.807500 1.005040 0.011985
1.812500 1.006653 0.013096
1.817500 1.014013 0.013210
1.822500 1.028204 0.021007
1.827500 1.039037 0.017184
1.832500 1.044317 0.011917
1.837500 1.037830 0.010994
1.842500 1.035959 0.022001
1.847500 1.016781 0.013151
1.852500 1.020076 0.014344
1.857500 1.026915 0.024344
1.862500 1.028841 0.025469
1.867500 1.039604 0.024989
1.872500 1.047365 0.023670
1.877500 1.035583 0.033278
1.882500 1.035654 0.030138
1.887500 1.040374 0.023656
1.892500 1.042052 0.020422
1.897500 1.035886 0.024725
1.902500 1.026025 0.023547
1.907500 1.016090 0.020492
1.912500 1.020090 0.020791
1.917500 1.019953 0.025723
1.922500 1.003987 0.014585
1.927500 1.012976 0.008581
1.932500 1.012327 0.013426
1.937500 1.004629 0.019658
1.942500 0.996124 0.021708
1.947500 1.002186 0.018137
1.952500 0.995284 0.025354
1.957500 0.984485 0.024646
1.962500 0.970940 0.012775
1.967500 0.974370 0.014066
1.972500 0.964422 0.023882
1.977500 0.951078 0.024802
1.982500 0.955599 0.023459
1.987500 0.958323 0.024299
1.992500 0.947998 0.027079
1.997500 0.938736 0.020203
2.002500 0.934642 0.017285
2.007500 0.923711 0.021918
2.012500 0.912623 0.022813
2.017500 0.912904 0.021399
2.022500 0.910963 0.019568
2.027500 0.917129 0.025876
2.032500 0.932433 0.031430
2.037500 0.940365 0.028726
2.042500 0.932702 0.033776
2.047500 0.935043 0.034766
2.052500 0.929505 0.032539
2.057500 0.929628 0.028045
2.062500 0.963904 0.015859
2.067500 0.983410 0.007901
2.072500 0.986931 0.007675
2.077500 0.987110 0.007081
2.082500 0.962859 0.011103
2.087500 0.946124 0.015788
2.092500 0.941965 0.013664
2.097500 0.958599 0.008666
2.102500 0.986305 0.012916
2.107500 0.998512 0.011866
2.112500 1.006098 0.014729
2.117500 1.010532 0.018163
2.122500 1.006537 0.016564
2.127500 1.009506 0.014928
2.132500 1.013585 0.015238
2.137500 1.024718 0.012129
2.142500 1.024743 0.019563
2.147500 1.026793 0.013777
2.152500 1.035634 0.018070
2.157500 1.044346 0.011050
2.162500 1.050022 0.008883
2.167500 1.048608 0.007789
2.172500 1.060540 0.011796
2.177500 1.059979 0.013123
2.182500 1.061653 0.012909
2.187500 1.057473 0.012539
2.192500 1.056167 0.013235
2.197500 1.060970 0.012664
2.202500 1.069969 0.011838
2.207500 1.081116 0.007952
2.212500 1.073863 0.010185
2.217500 1.070214 0.009057
2.222500 1.061516 0.020028
2.227500 1.066816 0.024970
2.232500 1.065520 0.023621
2.237500 1.071284 0.022321
2.242500 1.071025 0.019046
2.247500 1.066471 0.016091
2.252500 1.068936 0.020864
2.257500 1.064490 0.020078
2.262500 1.064641 0.010281
2.267500 1.071535 0.009946
2.272500 1.068299 0.014655
2.277500 1.063551 0.017025
2.282500 1.061341 0.023350
2.287500 1.055442 0.019976
2.292500 1.047491 0.019847
2.297500 1.051177 0.005613
2.302500 1.053455 0.005960
2.307500 1.054821 0.008314
2.312500 1.062425 0.015822
2.317500 1.069265 0.016203
2.322500 1.054585 0.024896
2.327500 1.058140 0.028543
2.332500 1.051541 0.026887
2.337500 1.045432 0.019768
2.342500 1.046500 0.015558
2.347500 1.050905 0.005642
2.352500 1.043071 0.011138
2.357500 1.034160 0.023395
2.362500 1.036371 0.020102
2.367500 1.029303 0.011592
2.372500 1.036524 0.015971
2.377500 1.039354 0.009680
2.382500 1.033537 0.009835
2.387500 1.021670 0.014185
2.392500 1.019254 0.016644
2.397500 1.026306 0.015679
2.402500 1.029627 0.013841
2.407500 1.035780 0.009752
2.412500 1.046384 0.011830
2.417500 1.029385 0.011818
2.422500 1.032083 0.003739
2.427500 1.020045 0.009505
2.432500 1.022184 0.015323
2.437500 1.020734 0.012317
2.442500 1.029044 0.015800
2.447500 1.020253 0.013348
2.452500 1.001221 0.028230
2.457500 1.001883 0.025308
2.462500 1.006170 0.019403
2.467500 1.005877 0.008526
2.472500 1.000675 0.012852
2.477500 1.003030 0.008526
2.482500 0.987954 0.003450
2.487500 0.991671 0.009363
2.492500 0.995055 0.013982
2.497500 1.017677 0.023972
2.502500 1.006264 0.009920
2.507500 1.000146 0.016462
2.512500 0.994992 0.009642
2.517500 0.996211 0.006281
2.522500 0.993287 0.002257
2.527500 1.008403 0.007764
2.532500 1.009176 0.003633
2.537500 1.021607 0.005052
2.542500 1.004134 0.009426
2.547500 1.004038 0.011543
2.552500 1.005224 0.012222
2.557500 0.995854 0.016103
2.562500 0.988212 0.024003
2.567500 0.993963 0.026637
2.572500 1.006546 0.024251
2.577500 1.022179 0.003269
2.582500 1.005761 0.019599
2.587500 0.997931 0.014838
2.592500 1.001326 0.005955
2.597500 1.000828 0.007404
2.602500 0.998022 0.004630
2.607500 1.000000 0.007265
2.612500 1.002248 0.008912
2.617500 0.982257 0.016093
2.622500 0.969414 0.014240
2.627500 0.966289 0.012137
2.632500 0.966245 0.009409
2.637500 0.958257 0.015079
2.642500 0.969143 0.011461
2.647500 0.975326 0.013580
2.652500 0.979992 0.003354
2.657500 0.964310 0.017480
2.662500 0.962755 0.009135
2.667500 0.954794 0.016292
2.672500 0.947807 0.015337
2.677500 0.919695 0.014145
2.682500 0.902610 0.003799
2.687500 0.896456 0.005556
2.692500 0.856426 0.003797
2.697500 0.848082 0.012920
2.702500 0.861143 0.008890
2.707500 0.877756 0.020303
2.712500 0.890832 0.010723
2.717500 0.890558 0.005222
2.722500 0.880770 0.009566
2.727500 0.887886 0.002428
2.732500 0.877408 0.005786
2.737500 0.842344 0.021590
2.742500 0.814552 0.017566
2.747500 0.792882 0.008749
2.752500 0.762078 0.018973
2.757500 0.753317 0.017838
2.762500 0.716450 0.008788
2.767500 0.694399 0.015798
2.772500 0.684111 0.014953
2.777500 0.659275 0.023303
2.782500 0.652320 0.008893
2.787500 0.636426 0.003846
2.792500 0.630376 0.002315
2.797500 0.601649 0.003633
2.802500 0.593531 0.001469
2.807500 0.554395 0.004692
2.812500 0.542959 0.000959
2.817500 0.537903 0.014854
2.822500 0.514163 0.014999
2.827500 0.495624 0.007868
2.832500 0.478137 0.015015
2.837500 0.459549 0.013211
2.842500 0.438957 0.008467
2.847500 0.400609 0.007255
2.852500 0.380034 0.009288
2.857500 0.398203 0.010013
2.862500 0.390963 0.015357
2.867500 0.377705 0.009679
2.872500 0.380716 0.016067
2.877500 0.374461 0.018346
2.882500 0.350364 0.014437
2.887500 0.325510 0.004674
2.892500 0.330427 0.008048
2.897500 0.331128 0.007391
2.902500 0.314105 0.002847
2.907500 0.304966 0.005450
2.912500 0.297045 0.007960
2.917500 0.304503 0.008853
2.922500 0.291652 0.016432
2.927500 0.284201 0.010881
2.932500 0.259596 0.011884
2.937500 0.251690 0.011648
2.942500 0.242663 0.012428
2.947500 0.243179 0.003871
2.952500 0.233050 0.003136
2.957500 0.229158 0.007155
2.962500 0.234309 0.009345
2.967500 0.231568 0.010561
2.972500 0.215579 0.008032
2.977500 0.204403 0.014458
2.982500 0.210947 0.013628
2.987500 0.211357 0.013223
2.992500 0.214429 0.011734
2.997500 0.201106 0.004108
3.002500 0.194561 0.005232
3.007500 0.185457 0.015424
3.012500 0.196186 0.012838
3.017500 0.204343 0.006661
3.022500 0.213143 0.006778
3.027500 0.214159 0.005592
3.032500 0.203856 0.013228
3.037500 0.206120 0.011510
3.042500 0.200705 0.006593
3.047500 0.223498 0.007378
3.052500 0.225830 0.005308
3.057500 0.224317 0.004709
3.062500 0.223412 0.011041
3.067500 0.226189 0.010200
3.072500 0.245916 0.008552
3.077500 0.234909 0.020307
3.082500 0.240489 0.018243
3.087500 0.258010 0.016750
3.092500 0.261541 0.008635
3.097500 0.273754 0.002205
3.102500 0.294720 0.009098
3.107500 0.297758 0.012247
3.112500 0.293533 0.013815
3.117500 0.283050 0.009127
3.122500 0.285436 0.004112
3.127500 0.302694 0.007158
3.132500 0.282466 0.008752
3.137500 0.300043 0.002248
3.142500 0.279922 0.005497
3.147500 0.277442 0.003094
3.152500 0.281349 0.004973
3.157500 0.263867 0.005012
3.162500 0.266192 0.003568
3.167500 0.262278 0.004345
3.172500 0.292176 0.020306
3.177500 0.284312 0.023224
3.182500 0.271420 0.011525
3.187500 0.261644 0.006397
3.192500 0.280171 0.009900
3.197500 0.291727 0.002913
3.202500 0.294545 0.010537
3.207500 0.287204 0.009837
3.212500 0.288563 0.020431
3.217500 0.282940 0.012302
3.222500 0.275419 0.004781
3.227500 0.288582 0.006865
3.232500 0.311121 0.007341
3.237500 0.334669 0.003937
3.242500 0.344822 0.008847
3.247500 0.346938 0.005209
3.252500 0.326624 0.007847
3.257500 0.337744 0.006368
3.262500 0.363810 0.002335
3.267500 0.398271 0.013655
3.272500 0.421324 0.001496
3.277500 0.432019 0.013771
3.282500 0.420696 0.015119
3.287500 0.433919 0.013043
3.292500 0.437424 0.017302
3.297500 0.461820 0.015932
3.302500 0.497450 0.009177
3.307500 0.523959 0.013332
3.312500 0.554158 0.005463
3.317500 0.564220 0.007510
3.322500 0.566388 0.017458
3.327500 0.590417 0.012946
3.332500 0.617711 0.004371
3.337500 0.628770 0.004328
3.342500 0.633165 0.006086
3.347500 0.674362 0.013498
3.352500 0.692739 0.008820
3.357500 0.701759 0.014816
3.362500 0.660506 0.011086
3.367500 0.652376 0.024370
3.372500 0.692366 0.012428
3.377500 0.722214 0.020610
3.382500 0.762913 0.023520
3.387500 0.769102 0.018811
3.392500 0.771631 0.022895
3.397500 0.833518 0.007822
3.402500 0.846357 0.006536
3.407500 0.835701 0.009147
3.412500 0.813707 0.021200
3.417500 0.822189 0.007500
3.422500 0.842396 0.019635
3.427500 0.839876 0.021306
3.432500 0.870658 0.003306
3.437500 0.855645 0.017008
3.442500 0.875101 0.034503
3.447500 0.885761 0.026050
3.452500 0.908389 0.020848
3.457500 0.906423 0.010643
3.462500 0.936650 0.009847
3.467500 0.978102 0.026907
3.472500 0.997482 0.025717
3.477500 0.963629 0.011881
3.482500 0.916899 0.024030
3.487500 0.948948 0.010679
3.492500 0.977122 0.008678
3.497500 0.962318 0.003963
3.502500 0.967273 0.007065
3.507500 0.958346 0.017809
3.512500 0.976051 0.010890
3.517500 1.006058 0.002093
3.522500 1.019244 0.017245
3.527500 1.035852 0.013040
3.532500 1.009716 0.025649
3.537500 0.975284 0.039576
3.542500 1.009742 0.039584
3.547500 0.997683 0.011644
3.552500 1.026661 0.022128
3.557500 1.057466 0.006355
3.562500 1.052506 0.015259
3.567500 1.065409 0.021105
3.572500 1.081203 0.011043
3.577500 1.081788 0.019473
3.582500 1.097572 0.041814
3.587500 1.069198 0.043378
3.592500 1.046074 0.023348
3.597500 1.097179 0.015095
3.602500 1.093122 0.034348
3.607500 1.084195 0.033099
3.612500 1.073247 0.012752
3.617500 1.097684 0.017954
3.622500 1.113743 0.010131
3.627500 1.136795 0.025404
3.632500 1.082976 0.020605
3.637500 1.068137 0.013609
3.642500 1.064333 0.009158
3.647500 1.054966 0.012385
3.652500 1.059925 0.020240
3.657500 1.037817 0.025076
3.662500 1.060360 0.014661
3.667500 1.024845 0.045827
3.672500 0.996794 0.012424
3.677500 1.044107 0.017348
3.682500 1.045040 0.011674
3.687500 1.039594 0.038766
3.692500 1.013475 0.029089
3.697500 0.992361 0.038252
3.702500 1.011889 0.033780
3.707500 1.037105 0.009963
3.712500 1.016666 0.022817
3.717500 1.011930 0.013498
3.722500 1.021905 0.039816
3.727500 0.986569 0.037984
3.732500 0.953626 0.031971
3.737500 0.951348 0.014101
3.742500 0.972935 0.031266
3.747500 0.932042 0.025841
3.752500 0.879446 0.019556
3.757500 0.864581 0.009978
3.762500 0.908025 0.059742
3.767500 0.907229 0.054188
3.772500 0.902572 0.025821
3.777500 0.862586 0.006472
3.782500 0.850359 0.025074
3.787500 0.883010 0.019232
3.792500 0.873861 0.053496
3.797500 0.893133 0.080221
3.802500 0.907288 0.064658
3.807500 0.897094 0.073329
3.812500 0.862337 0.019038
3.817500 0.896668 0.031696
3.822500 0.934701 0.017024
3.827500 0.842704 0.029779
3.832500 0.808175 0.004221
3.837500 0.821221 0.010941
3.842500 0.830537 0.020332
3.847500 0.817217 0.036050
3.852500 0.839577 0.020118
3.857500 0.840462 0.014639
3.862500 0.839862 0.016015
3.867500 0.796850 0.051255
3.872500 0.763306 0.017464
3.877500 0.784218 0.020610
3.882500 0.795154 0.010753
3.887500 0.708652 0.023390
3.892500 0.701167 0.004949
3.897500 0.734331 0.025117
3.902500 0.698452 0.020626
3.907500 0.727212 0.038142
3.912500 0.737886 0.026892
3.917500 0.722677 0.015906
3.922500 0.734286 0.010565
3.927500 0.764953 0.014236
3.932500 0.752549 0.002580
3.937500 0.737449 0.021110
3.942500 0.703452 0.007360
3.947500 0.690505 0.051604
3.952500 0.732027 0.028316
3.957500 0.725248 0.025970
3.962500 0.751251 0.004639
3.967500 0.741006 0.046290
3.972500 0.707984 0.023045
3.977500 0.693212 0.010520
3.982500 0.712644 0.019235
3.987500 0.745551 0.041243
3.992500 0.735705 0.063091
3.997500 0.711897 0.053797
4.002500 0.701045 0.023786
4.007500 0.717865 0.016062
4.012500 0.708500 0.013194
4.017500 0.728896 0.005527
4.022500 0.699450 0.016701
4.027500 0.653460 0.005298
4.032500 0.672432 0.011380
4.037500 0.668209 0.023851
4.042500 0.656329 0.048795
4.047500 0.641958 0.022162
4.052500 0.671116 0.013131
4.057500 0.657506 0.024778
4.062500 0.630697 0.011833
4.067500 0.604345 0.013717
4.072500 0.624124 0.022714
4.077500 0.689738 0.039983
4.082500 0.685675 0.038308
4.087500 0.628453 0.018215
4.092500 0.617833 0.016078
4.097500 0.665928 0.048225
4.102500 0.653759 0.069791
4.107500 0.657177 0.068998
4.112500 0.610145 0.003047
4.117500 0.629580 0.019156
4.122500 0.640397 0.009171
4.127500 0.623182 0.035925
4.132500 0.635717 0.022710
4.137500 0.657604 0.031723
4.142500 0.636656 0.018696
4.147500 0.580691 0.026859
4.152500 0.544846 0.032978
4.157500 0.575185 0.048312
4.162500 0.606492 0.008249
4.167500 0.606123 0.013126
4.172500 0.607614 0.035445
4.177500 0.565809 0.045174
4.182500 0.484864 0.037128
4.187500 0.553353 0.035398
4.192500 0.599539 0.045564
4.197500 0.615710 0.070963
4.202500 0.612775 0.077703
4.207500 0.540469 0.045077
4.212500 0.471142 0.019166
4.217500 0.491835 0.080363
4.222500 0.542396 0.115319
4.227500 0.514074 0.034770
4.232500 0.476573 0.037219
4.237500 0.363945 0.028976
4.242500 0.362039 0.020408
4.247500 0.374766 0.054092
4.252500 0.367804 0.049829
4.257500 0.362425 0.031803
4.262500 0.338954 0.034454
4.267500 0.311388 0.031153
4.272500 0.329571 0.056910
4.277500 0.324745 0.065859
4.282500 0.308357 0.036771
4.287500 0.403432 0.081597
4.292500 0.474099 0.106281
4.297500 0.592377 0.080142
4.302500 0.674909 0.101311
4.307500 0.706508 0.058942
4.312500 0.704561 0.060977
4.317500 0.647715 0.054378
4.322500 0.629800 0.036291
4.327500 0.567814 0.038474
4.332500 0.514018 0.039590
4.337500 0.579539 0.048329
4.342500 0.494138 0.066170
4.347500 0.566042 0.056434
4.352500 0.670995 0.080067
4.357500 0.688309 0.068251
4.362500 0.696460 0.052108
4.367500 0.626420 0.050429
4.372500 0.559560 0.053198
4.377500 0.475814 0.027990
4.382500 0.474792 0.014522
4.387500 0.493554 0.011653
4.392500 0.415689 0.030106
4.397500 0.552987 0.025082
4.402500 0.525598 0.026221
4.407500 0.480054 0.014427
4.412500 0.506644 0.016819
4.417500 0.489902 0.030580
4.422500 0.433167 0.065761
4.427500 0.479428 0.068647
4.432500 0.540967 0.040668
4.437500 0.541065 0.033627
4.442500 0.477530 0.024904
4.447500 0.472037 0.053660
4.452500 0.462358 0.055198
4.457500 0.473917 0.035209
4.462500 0.529176 0.034623
4.467500 0.511014 0.047027
4.472500 0.553528 0.050130
4.477500 0.527307 0.049863
4.482500 0.535362 0.043748
4.487500 0.526887 0.037009
4.492500 0.451038 0.047115
4.497500 0.463312 0.048482
4.502500 0.509068 0.035416
4.507500 0.526631 0.013195
4.512500 0.464062 0.042342
4.517500 0.476914 0.059611
4.522500 0.508897 0.030936
4.527500 0.595767 0.018406
4.532500 0.630948 0.032602
4.537500 0.418939 0.046346
4.542500 0.466759 0.065484
4.547500 0.630857 0.017347
4.552500 0.588655 0.064889
4.557500 0.512619 0.055200
4.562500 0.630497 0.019958
4.567500 0.528121 0.083446
4.572500 0.456220 0.023102
4.577500 0.509530 0.102875
4.582500 0.545239 0.008128
4.587500 0.514883 0.071376
4.592500 0.572719 0.030770
4.597500 0.603244 0.062702
4.602500 0.547943 0.046979
4.607500 0.492191 0.031457
4.612500 0.498207 0.042340
4.617500 0.526438 0.043683
4.622500 0.483555 0.012787
4.627500 0.486668 0.012460
4.632500 0.454656 0.010402
4.637500 0.462019 0.024953
4.642500 0.569547 0.019550
4.647500 0.611805 0.052230
4.652500 0.456542 0.081515
4.657500 0.432544 0.052967
4.662500 0.466283 0.059587
4.667500 0.472668 0.075926
4.672500 0.411493 0.058055
4.677500 0.470298 0.031317
4.682500 0.499760 0.045453
4.687500 0.397306 0.026455
4.692500 0.489275 0.052630
4.697500 0.486384 0.074154
4.702500 0.448912 0.024864
4.707500 0.494877 0.044818
4.712500 0.528986 0.024312
4.717500 0.565856 0.029001
4.722500 0.571021 0.049046
4.727500 0.632811 0.107751
4.732500 0.626364 0.133765
4.737500 0.625796 0.111192
4.742500 0.672056 0.094728
4.747500 0.686541 0.086202
4.752500 0.749241 0.111839
4.757500 0.727711 0.096250
4.762500 0.680507 0.015550
4.767500 0.742550 0.095473
4.772500 0.786820 0.089345
4.777500 0.705075 0.046032
4.782500 0.752931 0.055453
4.787500 0.701138 0.016314
4.792500 0.749640 0.062033
4.797500 0.636254 0.070557
4.802500 0.597827 0.081910
4.807500 0.633980 0.037408
4.812500 0.754019 0.014755
4.817500 0.753955 0.035121
4.822500 0.729691 0.052773
4.827500 0.703502 0.125313
4.832500 0.790993 0.064695
4.837500 0.821488 0.049627
4.842500 0.875117 0.038096
4.847500 0.843199 0.078254
4.852500 0.789636 0.080598
4.857500 0.784420 0.025142
4.862500 0.702873 0.044596
4.867500 0.732657 0.018670
4.872500 0.667596 0.074460
4.877500 0.600054 0.113342
4.882500 0.736190 0.058586
4.887500 0.584761 0.058668
4.892500 0.669028 0.065018
4.897500 0.669886 0.041331
4.902500 0.694563 0.037047
4.907500 0.655620 0.009447
4.912500 0.694565 0.037658
4.917500 0.753706 0.136919
4.922500 0.703226 0.145916
4.927500 0.676363 0.122286
4.932500 0.667341 0.040555
4.937500 0.715796 0.010667
4.942500 0.733099 0.039229
4.947500 0.709313 0.072507
4.952500 0.886150 0.168983
4.957500 0.910767 0.192457
4.962500 0.792774 0.245210
4.967500 0.611609 0.072768
4.972500 0.883478 0.109539
4.977500 0.911153 0.103976
4.982500 0.779738 0.119897
4.987500 0.841400 0.080064
4.992500 1.053925 0.077888
4.997500 1.071282 0.091836
5.002500 0.871084 0.078398
5.007500 0.615618 0.049145
5.012500 0.651879 0.034226
5.017500 0.682306 0.091542
5.022500 0.803247 0.072351
5.027500 0.847727 0.066075
5.032500 0.801487 0.035258
5.037500 0.892549 0.051753
5.042500 0.838803 0.142965
5.047500 0.868336 0.120683
5.052500 0.822570 0.078380
5.057500 0.813795 0.084159
5.062500 0.819969 0.116768
5.067500 0.824487 0.098263
5.072500 0.690367 0.091839
5.077500 0.679751 0.048987
5.082500 0.564235 0.018458
5.087500 0.667056 0.136237
5.092500 0.869917 0.225872
5.097500 0.816882 0.048275
