# DATE = 2025-03-12
# PIPE_VER = 1.17.1
# PMAP = jwst_1322.pmap
# STANDARD_STAR = SNAP-2
# 
# Wavelength (microns), arbitrary reflectance, uncertainty
0.702500 0.767111 0.007139
0.707500 0.778998 0.007058
0.712500 0.754256 0.004335
0.717500 0.784926 0.012182
0.722500 0.806441 0.010866
0.727500 0.796189 0.011995
0.732500 0.813434 0.005761
0.737500 0.800580 0.009135
0.742500 0.797933 0.014213
0.747500 0.817423 0.010896
0.752500 0.814047 0.016694
0.757500 0.829227 0.017348
0.762500 0.855946 0.007502
0.767500 0.853801 0.009303
0.772500 0.851068 0.011122
0.777500 0.864552 0.012529
0.782500 0.854183 0.013995
0.787500 0.841375 0.018254
0.792500 0.852561 0.016450
0.797500 0.860374 0.015064
0.802500 0.873448 0.013329
0.807500 0.887067 0.007249
0.812500 0.898060 0.005891
0.817500 0.896684 0.012081
0.822500 0.887619 0.016634
0.827500 0.891952 0.019280
0.832500 0.894237 0.016663
0.837500 0.901294 0.012104
0.842500 0.909481 0.009171
0.847500 0.919005 0.013745
0.852500 0.926168 0.011389
0.857500 0.924176 0.011928
0.862500 0.919919 0.011363
0.867500 0.926140 0.017919
0.872500 0.932255 0.010418
0.877500 0.945433 0.011424
0.882500 0.939317 0.011206
0.887500 0.940959 0.013411
0.892500 0.952070 0.011200
0.897500 0.953808 0.012774
0.902500 0.949550 0.013698
0.907500 0.952371 0.012116
0.912500 0.960482 0.015363
0.917500 0.969184 0.011472
0.922500 0.975899 0.008646
0.927500 0.973349 0.010459
0.932500 0.972502 0.016060
0.937500 0.979308 0.022463
0.942500 0.983151 0.019305
0.947500 0.983181 0.013054
0.952500 0.972773 0.009373
0.957500 0.979105 0.010126
0.962500 0.986434 0.014055
0.967500 0.998553 0.010129
0.972500 1.006964 0.007595
0.977500 1.012047 0.015718
0.982500 1.014104 0.017864
0.987500 1.013456 0.017247
0.992500 1.012721 0.016435
0.997500 1.010703 0.016619
1.002500 1.011513 0.016406
1.007500 1.021590 0.016580
1.012500 1.018862 0.017400
1.017500 1.025542 0.021864
1.022500 1.030019 0.022597
1.027500 1.035467 0.020545
1.032500 1.032690 0.020171
1.037500 1.039083 0.017999
1.042500 1.036658 0.018245
1.047500 1.037739 0.018546
1.052500 1.044986 0.016687
1.057500 1.039472 0.020446
1.062500 1.040541 0.014481
1.067500 1.040067 0.015453
1.072500 1.036139 0.018886
1.077500 1.037406 0.013959
1.082500 1.038846 0.015022
1.087500 1.048032 0.011634
1.092500 1.052083 0.011635
1.097500 1.052931 0.012307
1.102500 1.055520 0.010423
1.107500 1.056101 0.017127
1.112500 1.061885 0.016029
1.117500 1.067892 0.014951
1.122500 1.076559 0.009801
1.127500 1.080209 0.012856
1.132500 1.077171 0.015508
1.137500 1.078180 0.013182
1.142500 1.072798 0.018437
1.147500 1.074510 0.014851
1.152500 1.074612 0.015384
1.157500 1.071223 0.016034
1.162500 1.072465 0.014577
1.167500 1.077965 0.012533
1.172500 1.077211 0.014885
1.177500 1.078221 0.017566
1.182500 1.092695 0.016128
1.187500 1.085283 0.019812
1.192500 1.084717 0.020360
1.197500 1.091816 0.021367
1.202500 1.089578 0.020013
1.207500 1.089073 0.015380
1.212500 1.096467 0.014334
1.217500 1.087956 0.014671
1.222500 1.089695 0.010613
1.227500 1.090955 0.007699
1.232500 1.089264 0.013938
1.237500 1.096263 0.015459
1.242500 1.094462 0.023302
1.247500 1.083180 0.010593
1.252500 1.090006 0.014147
1.257500 1.094650 0.014488
1.262500 1.086218 0.018318
1.267500 1.087309 0.011080
1.272500 1.080864 0.007960
1.277500 1.086582 0.015592
1.282500 1.103810 0.016246
1.287500 1.099653 0.013906
1.292500 1.097762 0.024254
1.297500 1.093763 0.029369
1.302500 1.095093 0.026326
1.307500 1.096332 0.022596
1.312500 1.100254 0.021657
1.317500 1.103912 0.022044
1.322500 1.104577 0.019964
1.327500 1.103775 0.018581
1.332500 1.107844 0.016445
1.337500 1.108209 0.017636
1.342500 1.106687 0.013448
1.347500 1.106411 0.013704
1.352500 1.104803 0.016808
1.357500 1.108743 0.015970
1.362500 1.107234 0.016223
1.367500 1.108159 0.016115
1.372500 1.110782 0.016738
1.377500 1.102537 0.017309
1.382500 1.103505 0.016218
1.387500 1.102562 0.017909
1.392500 1.105398 0.018332
1.397500 1.105609 0.019091
1.402500 1.095356 0.013164
1.407500 1.094993 0.011965
1.412500 1.095162 0.012393
1.417500 1.096160 0.018712
1.422500 1.100395 0.021275
1.427500 1.108273 0.021921
1.432500 1.105414 0.023945
1.437500 1.106149 0.023515
1.442500 1.097150 0.021393
1.447500 1.097718 0.021602
1.452500 1.099433 0.021615
1.457500 1.097068 0.022721
1.462500 1.097820 0.016911
1.467500 1.095154 0.019849
1.472500 1.090984 0.022442
1.477500 1.090594 0.023388
1.482500 1.090300 0.024592
1.487500 1.098143 0.022227
1.492500 1.094305 0.023038
1.497500 1.097496 0.020607
1.502500 1.093570 0.017659
1.507500 1.094339 0.017392
1.512500 1.098151 0.015473
1.517500 1.101610 0.015153
1.522500 1.094889 0.018072
1.527500 1.095049 0.019045
1.532500 1.094164 0.020446
1.537500 1.098126 0.016847
1.542500 1.099365 0.012584
1.547500 1.104269 0.013130
1.552500 1.103855 0.017531
1.557500 1.100681 0.016869
1.562500 1.096261 0.014858
1.567500 1.101525 0.016867
1.572500 1.102544 0.020823
1.577500 1.104800 0.019930
1.582500 1.093280 0.015217
1.587500 1.094285 0.014578
1.592500 1.091155 0.018685
1.597500 1.093667 0.019550
1.602500 1.085699 0.014173
1.607500 1.086811 0.010638
1.612500 1.088668 0.009676
1.617500 1.100858 0.018233
1.622500 1.098734 0.019868
1.627500 1.101921 0.018750
1.632500 1.102156 0.022911
1.637500 1.094416 0.026214
1.642500 1.096274 0.025735
1.647500 1.103466 0.023533
1.652500 1.105829 0.022621
1.657500 1.113746 0.025187
1.662500 1.115344 0.021592
1.667500 1.121885 0.022808
1.672500 1.123078 0.025284
1.677500 1.117060 0.019687
1.682500 1.112980 0.011684
1.687500 1.114047 0.014702
1.692500 1.110953 0.018345
1.697500 1.111511 0.016248
1.702500 1.111188 0.012123
1.707500 1.119765 0.018104
1.712500 1.122628 0.023532
1.717500 1.119990 0.016938
1.722500 1.117775 0.015428
1.727500 1.126207 0.017235
1.732500 1.119361 0.023827
1.737500 1.114220 0.019168
1.742500 1.111492 0.016952
1.747500 1.110098 0.021607
1.752500 1.108880 0.023814
1.757500 1.105466 0.018895
1.762500 1.104233 0.014656
1.767500 1.109916 0.016985
1.772500 1.106953 0.022444
1.777500 1.098332 0.017798
1.782500 1.099814 0.016355
1.787500 1.099698 0.017511
1.792500 1.093742 0.020167
1.797500 1.089585 0.015273
1.802500 1.096669 0.015168
1.807500 1.110335 0.016775
1.812500 1.112626 0.014481
1.817500 1.108932 0.018539
1.822500 1.116797 0.016910
1.827500 1.110154 0.022196
1.832500 1.110648 0.020750
1.837500 1.106640 0.014651
1.842500 1.112783 0.017788
1.847500 1.113240 0.021847
1.852500 1.113588 0.017539
1.857500 1.110681 0.014951
1.862500 1.122465 0.017780
1.867500 1.119226 0.023224
1.872500 1.116919 0.017666
1.877500 1.118911 0.013802
1.882500 1.120503 0.015815
1.887500 1.123610 0.016254
1.892500 1.122802 0.011788
1.897500 1.120978 0.011443
1.902500 1.110689 0.019958
1.907500 1.105462 0.022411
1.912500 1.094997 0.018252
1.917500 1.093568 0.022781
1.922500 1.086589 0.026010
1.927500 1.080310 0.023038
1.932500 1.079865 0.019825
1.937500 1.089760 0.020700
1.942500 1.083380 0.027085
1.947500 1.078205 0.016785
1.952500 1.073952 0.013444
1.957500 1.069661 0.018500
1.962500 1.064921 0.018834
1.967500 1.061348 0.013411
1.972500 1.057672 0.012853
1.977500 1.059906 0.015667
1.982500 1.065171 0.018445
1.987500 1.062195 0.018136
1.992500 1.059592 0.017989
1.997500 1.059819 0.017700
2.002500 1.058633 0.016371
2.007500 1.056601 0.017994
2.012500 1.068265 0.017650
2.017500 1.066418 0.012299
2.022500 1.055064 0.010091
2.027500 1.061137 0.009685
2.032500 1.049060 0.013523
2.037500 1.057060 0.010757
2.042500 1.052895 0.011774
2.047500 1.056195 0.011924
2.052500 1.065839 0.007755
2.057500 1.074242 0.006587
2.062500 1.075310 0.006810
2.067500 1.084247 0.009848
2.072500 1.084908 0.008772
2.077500 1.074822 0.010986
2.082500 1.078571 0.012509
2.087500 1.064455 0.012740
2.092500 1.068116 0.014057
2.097500 1.078958 0.014285
2.102500 1.081945 0.016263
2.107500 1.078345 0.022824
2.112500 1.074102 0.017762
2.117500 1.078237 0.014809
2.122500 1.080359 0.016530
2.127500 1.076778 0.018252
2.132500 1.081120 0.015950
2.137500 1.088269 0.016318
2.142500 1.099988 0.008752
2.147500 1.100642 0.005755
2.152500 1.095803 0.008738
2.157500 1.081384 0.021683
2.162500 1.065813 0.018978
2.167500 1.045573 0.003735
2.172500 1.057046 0.011279
2.177500 1.080558 0.016076
2.182500 1.102452 0.016340
2.187500 1.108889 0.018354
2.192500 1.104144 0.018006
2.197500 1.105115 0.007902
2.202500 1.099470 0.006181
2.207500 1.094898 0.011458
2.212500 1.089595 0.019304
2.217500 1.090313 0.018829
2.222500 1.105971 0.012948
2.227500 1.104300 0.011624
2.232500 1.097151 0.009865
2.237500 1.099650 0.014417
2.242500 1.081657 0.017612
2.247500 1.072603 0.019292
2.252500 1.073776 0.014961
2.257500 1.074599 0.016903
2.262500 1.078965 0.013521
2.267500 1.071808 0.008656
2.272500 1.068088 0.011456
2.277500 1.060504 0.019579
2.282500 1.046586 0.009988
2.287500 1.044739 0.004553
2.292500 1.046329 0.013461
2.297500 1.055146 0.012344
2.302500 1.058198 0.006427
2.307500 1.059624 0.010249
2.312500 1.048498 0.021710
2.317500 1.041865 0.022825
2.322500 1.060688 0.020173
2.327500 1.057890 0.022576
2.332500 1.050206 0.014168
2.337500 1.050924 0.010974
2.342500 1.050104 0.014462
2.347500 1.048635 0.013346
2.352500 1.037588 0.006312
2.357500 1.038692 0.007101
2.362500 1.051235 0.020911
2.367500 1.048209 0.014164
2.372500 1.049076 0.018164
2.377500 1.046269 0.015271
2.382500 1.045810 0.017094
2.387500 1.055948 0.017548
2.392500 1.052993 0.015697
2.397500 1.051715 0.012663
2.402500 1.051569 0.009680
2.407500 1.053603 0.015740
2.412500 1.052059 0.011509
2.417500 1.055399 0.014186
2.422500 1.047059 0.019822
2.427500 1.040108 0.018783
2.432500 1.040173 0.012164
2.437500 1.035936 0.017658
2.442500 1.015309 0.016080
2.447500 1.019857 0.009096
2.452500 1.017839 0.012701
2.457500 1.011785 0.020489
2.462500 1.000032 0.014189
2.467500 1.005673 0.009463
2.472500 1.025849 0.016737
2.477500 1.036004 0.005716
2.482500 1.028503 0.009418
2.487500 1.034340 0.011577
2.492500 1.023001 0.009960
2.497500 1.020116 0.014249
2.502500 1.022682 0.011855
2.507500 1.014207 0.008959
2.512500 1.009242 0.007017
2.517500 1.007213 0.006922
2.522500 1.012810 0.005465
2.527500 1.015395 0.007245
2.532500 1.012420 0.007412
2.537500 1.005719 0.013776
2.542500 1.009208 0.011290
2.547500 1.009432 0.014736
2.552500 1.003055 0.008841
2.557500 0.999630 0.004248
2.562500 1.005675 0.001760
2.567500 1.011990 0.002586
2.572500 1.008962 0.007041
2.577500 1.009234 0.010905
2.582500 1.000867 0.011790
2.587500 0.993274 0.007742
2.592500 0.996177 0.010457
2.597500 1.000492 0.014641
2.602500 1.000340 0.011808
2.607500 1.007239 0.003572
2.612500 0.999415 0.020634
2.617500 1.000000 0.023898
2.622500 0.999421 0.017227
2.627500 0.993143 0.010683
2.632500 0.997621 0.005028
2.637500 0.993668 0.011906
2.642500 0.983345 0.014997
2.647500 0.982798 0.011615
2.652500 0.990116 0.004358
2.657500 0.972338 0.005384
2.662500 0.957589 0.002575
2.667500 0.952853 0.005690
2.672500 0.946325 0.003600
2.677500 0.936798 0.004088
2.682500 0.920759 0.010468
2.687500 0.901093 0.008855
2.692500 0.888931 0.016433
2.697500 0.862779 0.011190
2.702500 0.852776 0.014352
2.707500 0.855980 0.007308
2.712500 0.853713 0.007656
2.717500 0.840401 0.008929
2.722500 0.837007 0.009326
2.727500 0.825757 0.005420
2.732500 0.810187 0.008405
2.737500 0.805001 0.004866
2.742500 0.778026 0.018346
2.747500 0.760816 0.009039
2.752500 0.753850 0.005126
2.757500 0.732956 0.004500
2.762500 0.702721 0.011710
2.767500 0.683740 0.001754
2.772500 0.653595 0.004463
2.777500 0.610113 0.005786
2.782500 0.596468 0.007676
2.787500 0.558359 0.003087
2.792500 0.539550 0.004463
2.797500 0.521070 0.009890
2.802500 0.491552 0.005554
2.807500 0.471625 0.009869
2.812500 0.437479 0.014871
2.817500 0.406300 0.001238
2.822500 0.393187 0.004488
2.827500 0.363228 0.002919
2.832500 0.331597 0.002102
2.837500 0.325371 0.001536
2.842500 0.301052 0.005351
2.847500 0.290956 0.002335
2.852500 0.281103 0.007049
2.857500 0.248085 0.002971
2.862500 0.230581 0.003121
2.867500 0.226164 0.001917
2.872500 0.205854 0.005896
2.877500 0.200922 0.006762
2.882500 0.191466 0.005920
2.887500 0.170204 0.002839
2.892500 0.165396 0.003179
2.897500 0.155344 0.001653
2.902500 0.150290 0.001450
2.907500 0.145852 0.003820
2.912500 0.135307 0.002737
2.917500 0.135344 0.003095
2.922500 0.129233 0.004576
2.927500 0.127828 0.002072
2.932500 0.122764 0.002416
2.937500 0.120060 0.000826
2.942500 0.118981 0.001778
2.947500 0.113241 0.002788
2.952500 0.109909 0.002869
2.957500 0.103292 0.001105
2.962500 0.106201 0.000946
2.967500 0.114582 0.001784
2.972500 0.112930 0.001934
2.977500 0.114673 0.005676
2.982500 0.109492 0.007790
2.987500 0.109515 0.004977
2.992500 0.112041 0.002335
2.997500 0.113433 0.003784
3.002500 0.116622 0.004102
3.007500 0.119890 0.004256
3.012500 0.117211 0.004995
3.017500 0.108986 0.007305
3.022500 0.108931 0.006976
3.027500 0.108291 0.006505
3.032500 0.105697 0.002643
3.037500 0.109043 0.003207
3.042500 0.107273 0.002815
3.047500 0.115388 0.006449
3.052500 0.111230 0.004289
3.057500 0.109161 0.003904
3.062500 0.112617 0.001164
3.067500 0.115365 0.003934
3.072500 0.113294 0.005199
3.077500 0.110432 0.006986
3.082500 0.115967 0.001871
3.087500 0.114981 0.002802
3.092500 0.120452 0.004184
3.097500 0.120486 0.004743
3.102500 0.117090 0.010308
3.107500 0.117213 0.008578
3.112500 0.117750 0.005759
3.117500 0.119421 0.002589
3.122500 0.122260 0.001097
3.127500 0.128511 0.002876
3.132500 0.131977 0.000908
3.137500 0.133686 0.003787
3.142500 0.130803 0.001193
3.147500 0.128699 0.002912
3.152500 0.132756 0.005485
3.157500 0.141084 0.007659
3.162500 0.144565 0.008309
3.167500 0.142150 0.002581
3.172500 0.148538 0.004391
3.177500 0.151395 0.002523
3.182500 0.146363 0.005748
3.187500 0.143521 0.002853
3.192500 0.154207 0.002801
3.197500 0.166644 0.006981
3.202500 0.166082 0.006810
3.207500 0.171990 0.008503
3.212500 0.173167 0.006576
3.217500 0.183639 0.003532
3.222500 0.198296 0.004810
3.227500 0.208034 0.005719
3.232500 0.226805 0.002144
3.237500 0.238515 0.006791
3.242500 0.247229 0.005200
3.247500 0.259618 0.005940
3.252500 0.260905 0.007487
3.257500 0.265753 0.004458
3.262500 0.277728 0.004963
3.267500 0.288931 0.007780
3.272500 0.321154 0.007475
3.277500 0.325393 0.006799
3.282500 0.341484 0.008926
3.287500 0.361465 0.010148
3.292500 0.380535 0.008322
3.297500 0.401092 0.003084
3.302500 0.398357 0.002674
3.307500 0.396440 0.001063
3.312500 0.398196 0.001406
3.317500 0.411843 0.006751
3.322500 0.415418 0.004669
3.327500 0.411662 0.004451
3.332500 0.430506 0.018435
3.337500 0.447703 0.008118
3.342500 0.465609 0.012698
3.347500 0.457794 0.014268
3.352500 0.454255 0.007114
3.357500 0.449512 0.006388
3.362500 0.455738 0.003291
3.367500 0.443869 0.007331
3.372500 0.433520 0.010067
3.377500 0.431592 0.007914
3.382500 0.435049 0.006660
3.387500 0.461819 0.007043
3.392500 0.450268 0.008554
3.397500 0.447721 0.004601
3.402500 0.457481 0.009735
3.407500 0.455845 0.013243
3.412500 0.461314 0.010399
3.417500 0.471237 0.015134
3.422500 0.470936 0.007566
3.427500 0.479389 0.007130
3.432500 0.473053 0.006128
3.437500 0.476711 0.007303
3.442500 0.492918 0.009258
3.447500 0.512740 0.008238
3.452500 0.521970 0.006568
3.457500 0.510151 0.007036
3.462500 0.507234 0.002275
3.467500 0.506460 0.004256
3.472500 0.522154 0.009797
3.477500 0.536100 0.011094
3.482500 0.540295 0.006907
3.487500 0.536279 0.003939
3.492500 0.546559 0.007027
3.497500 0.539559 0.005923
3.502500 0.543154 0.005181
3.507500 0.556848 0.010268
3.512500 0.565005 0.011892
3.517500 0.592535 0.005907
3.522500 0.594707 0.014980
3.527500 0.590509 0.015334
3.532500 0.586499 0.007889
3.537500 0.583195 0.009449
3.542500 0.572715 0.006455
3.547500 0.592620 0.011144
3.552500 0.613110 0.010121
3.557500 0.616820 0.006940
3.562500 0.641603 0.006341
3.567500 0.662349 0.005330
3.572500 0.668884 0.023017
3.577500 0.649632 0.028441
3.582500 0.668582 0.020907
3.587500 0.694330 0.015539
3.592500 0.696919 0.021747
3.597500 0.697141 0.011795
3.602500 0.687242 0.011012
3.607500 0.695692 0.012471
3.612500 0.711539 0.004439
3.617500 0.720554 0.009542
3.622500 0.724260 0.007431
3.627500 0.739712 0.004856
3.632500 0.745593 0.005029
3.637500 0.731934 0.016618
3.642500 0.711059 0.030453
3.647500 0.708864 0.010158
3.652500 0.716555 0.006756
3.657500 0.733870 0.014709
3.662500 0.759214 0.021454
3.667500 0.747133 0.006939
3.672500 0.746453 0.003843
3.677500 0.741829 0.004001
3.682500 0.742190 0.021474
3.687500 0.740590 0.024713
3.692500 0.724167 0.008972
3.697500 0.712607 0.002161
3.702500 0.713886 0.016402
3.707500 0.727262 0.013504
3.712500 0.746998 0.012408
3.717500 0.772015 0.017853
3.722500 0.764560 0.021357
3.727500 0.748572 0.012928
3.732500 0.729164 0.015956
3.737500 0.727145 0.004943
3.742500 0.706793 0.011606
3.747500 0.693106 0.015139
3.752500 0.694776 0.004496
3.757500 0.715342 0.017784
3.762500 0.724660 0.010715
3.767500 0.730006 0.019683
3.772500 0.725766 0.014955
3.777500 0.729124 0.006464
3.782500 0.739719 0.007245
3.787500 0.722912 0.008454
3.792500 0.717832 0.010994
3.797500 0.722553 0.002594
3.802500 0.727539 0.004889
3.807500 0.710235 0.004520
3.812500 0.703013 0.006206
3.817500 0.710747 0.016764
3.822500 0.718069 0.016518
3.827500 0.712155 0.011682
3.832500 0.702755 0.015106
3.837500 0.696658 0.004384
3.842500 0.708541 0.008828
3.847500 0.728590 0.001629
3.852500 0.710440 0.013941
3.857500 0.713632 0.018160
3.862500 0.679756 0.011304
3.867500 0.681651 0.023722
3.872500 0.709371 0.017469
3.877500 0.686517 0.011471
3.882500 0.669111 0.013163
3.887500 0.672655 0.011576
3.892500 0.666269 0.007010
3.897500 0.665414 0.005818
3.902500 0.667755 0.004005
3.907500 0.672411 0.010552
3.912500 0.690113 0.007866
3.917500 0.704793 0.005694
3.922500 0.696612 0.013725
3.927500 0.682495 0.012365
3.932500 0.641140 0.012528
3.937500 0.648451 0.003466
3.942500 0.676300 0.002648
3.947500 0.671485 0.008430
3.952500 0.660243 0.011564
3.957500 0.656014 0.007208
3.962500 0.660228 0.006759
3.967500 0.662911 0.012884
3.972500 0.644668 0.012089
3.977500 0.636394 0.013155
3.982500 0.654880 0.016319
3.987500 0.662555 0.007112
3.992500 0.641287 0.009975
3.997500 0.649435 0.010625
4.002500 0.651028 0.011328
4.007500 0.656984 0.008496
4.012500 0.663195 0.004328
4.017500 0.662707 0.004872
4.022500 0.654225 0.005947
4.027500 0.644980 0.003028
4.032500 0.627086 0.006963
4.037500 0.644858 0.008541
4.042500 0.658350 0.023206
4.047500 0.629971 0.008098
4.052500 0.645607 0.007576
4.057500 0.647628 0.009578
4.062500 0.629840 0.018390
4.067500 0.633716 0.015804
4.072500 0.638540 0.013411
4.077500 0.634744 0.005365
4.082500 0.609508 0.022435
4.087500 0.632131 0.001650
4.092500 0.625977 0.017043
4.097500 0.595850 0.011330
4.102500 0.608803 0.019726
4.107500 0.610474 0.003314
4.112500 0.619112 0.001828
4.117500 0.632283 0.004742
4.122500 0.621258 0.016273
4.127500 0.591865 0.006943
4.132500 0.614529 0.005017
4.137500 0.594784 0.016200
4.142500 0.602718 0.025327
4.147500 0.629688 0.022670
4.152500 0.627892 0.023906
4.157500 0.569779 0.024033
4.162500 0.560057 0.025741
4.167500 0.570857 0.023739
4.172500 0.582750 0.018544
4.177500 0.597323 0.020987
4.182500 0.564021 0.009569
4.187500 0.561322 0.007075
4.192500 0.570567 0.006850
4.197500 0.570009 0.014777
4.202500 0.530632 0.007852
4.207500 0.496768 0.016151
4.212500 0.433326 0.009449
4.217500 0.410689 0.014058
4.222500 0.354645 0.015399
4.227500 0.317173 0.007248
4.232500 0.271109 0.013182
4.237500 0.244879 0.012652
4.242500 0.231937 0.004643
4.247500 0.206955 0.010020
4.252500 0.176806 0.007800
4.257500 0.171192 0.005674
4.262500 0.154199 0.021394
4.267500 0.128808 0.005999
4.272500 0.137377 0.007333
4.277500 0.189664 0.007867
4.282500 0.232967 0.024384
4.287500 0.338505 0.005413
4.292500 0.426872 0.007529
4.297500 0.529864 0.001559
4.302500 0.589997 0.011944
4.307500 0.686306 0.011543
4.312500 0.681049 0.008083
4.317500 0.686268 0.008760
4.322500 0.707744 0.015231
4.327500 0.715312 0.007140
4.332500 0.682200 0.025073
4.337500 0.653779 0.011378
4.342500 0.681509 0.015906
4.347500 0.690824 0.004178
4.352500 0.694412 0.004151
4.357500 0.667680 0.011485
4.362500 0.641228 0.013396
4.367500 0.633426 0.023713
4.372500 0.640554 0.031632
4.377500 0.638060 0.007740
4.382500 0.610979 0.011319
4.387500 0.578866 0.022069
4.392500 0.557591 0.015419
4.397500 0.527122 0.007110
4.402500 0.544993 0.007652
4.407500 0.590490 0.011922
4.412500 0.608113 0.007731
4.417500 0.596628 0.017570
4.422500 0.565868 0.027320
4.427500 0.571524 0.027910
4.432500 0.567498 0.020185
4.437500 0.579468 0.007254
4.442500 0.625863 0.007253
4.447500 0.593549 0.010605
4.452500 0.585942 0.024932
4.457500 0.637867 0.016801
4.462500 0.623429 0.022374
4.467500 0.605865 0.017296
4.472500 0.595927 0.001646
4.477500 0.587458 0.016904
4.482500 0.575008 0.036449
4.487500 0.617249 0.037040
4.492500 0.615185 0.007418
4.497500 0.603657 0.007074
4.502500 0.622307 0.017953
4.507500 0.634753 0.018338
4.512500 0.623708 0.014335
4.517500 0.580401 0.012512
4.522500 0.586727 0.017265
4.527500 0.580282 0.019503
4.532500 0.582985 0.015233
4.537500 0.575841 0.020384
4.542500 0.559826 0.009043
4.547500 0.549737 0.008608
4.552500 0.578412 0.001367
4.557500 0.621149 0.020266
4.562500 0.610797 0.006387
4.567500 0.577451 0.020538
4.572500 0.621818 0.001725
4.577500 0.622796 0.015236
4.582500 0.591019 0.005836
4.587500 0.605595 0.008389
4.592500 0.630337 0.024658
4.597500 0.591224 0.038107
4.602500 0.565703 0.017311
4.607500 0.571101 0.011566
4.612500 0.545246 0.005010
4.617500 0.563006 0.008402
4.622500 0.561555 0.003110
4.627500 0.544556 0.007912
4.632500 0.567429 0.005335
4.637500 0.571982 0.024038
4.642500 0.551377 0.042450
4.647500 0.568683 0.038047
4.652500 0.555907 0.038904
4.657500 0.563201 0.026888
4.662500 0.595219 0.037232
4.667500 0.549436 0.022546
4.672500 0.505899 0.028772
4.677500 0.473249 0.011737
4.682500 0.448665 0.002505
4.687500 0.431472 0.002839
4.692500 0.441122 0.023231
4.697500 0.493922 0.033187
4.702500 0.577481 0.013105
4.707500 0.628364 0.007233
4.712500 0.600096 0.008504
4.717500 0.618582 0.007654
4.722500 0.662646 0.012845
4.727500 0.670154 0.042606
4.732500 0.650952 0.017063
4.737500 0.635147 0.022673
4.742500 0.650190 0.018605
4.747500 0.675713 0.004573
4.752500 0.645515 0.014292
4.757500 0.637264 0.006896
4.762500 0.666656 0.019445
4.767500 0.729859 0.021791
4.772500 0.713357 0.018403
4.777500 0.658878 0.015094
4.782500 0.672075 0.008071
4.787500 0.689263 0.024920
4.792500 0.689768 0.035389
4.797500 0.711173 0.036618
4.802500 0.735721 0.036612
4.807500 0.714042 0.043079
4.812500 0.729856 0.002703
4.817500 0.702177 0.030093
4.822500 0.772140 0.006505
4.827500 0.753779 0.030428
4.832500 0.683652 0.040329
4.837500 0.684059 0.018608
4.842500 0.697318 0.046631
4.847500 0.668592 0.021777
4.852500 0.749023 0.016559
4.857500 0.738451 0.028609
4.862500 0.697983 0.043587
4.867500 0.714096 0.043849
4.872500 0.730024 0.012036
4.877500 0.690401 0.021496
4.882500 0.667869 0.031145
4.887500 0.721485 0.015694
4.892500 0.692553 0.019969
4.897500 0.716548 0.020058
4.902500 0.718295 0.026262
4.907500 0.706032 0.010229
4.912500 0.717178 0.008741
4.917500 0.747390 0.044745
4.922500 0.767509 0.038611
4.927500 0.718259 0.023956
4.932500 0.659913 0.013182
4.937500 0.707945 0.013361
4.942500 0.758682 0.004427
4.947500 0.731873 0.028564
4.952500 0.736626 0.041096
4.957500 0.737978 0.020919
4.962500 0.711674 0.021851
4.967500 0.715258 0.006798
4.972500 0.718679 0.012471
4.977500 0.734612 0.010069
4.982500 0.686734 0.021923
4.987500 0.679282 0.008703
4.992500 0.721317 0.018798
4.997500 0.761378 0.020015
5.002500 0.724361 0.016167
5.007500 0.705235 0.015048
5.012500 0.758845 0.051952
5.017500 0.769092 0.020402
5.022500 0.711830 0.031285
5.027500 0.712143 0.023223
5.032500 0.685371 0.011185
5.037500 0.697515 0.011182
5.042500 0.690761 0.020282
5.047500 0.686778 0.037201
5.052500 0.689427 0.079210
5.057500 0.714969 0.063998
5.062500 0.717977 0.028116
5.067500 0.711612 0.037165
5.072500 0.706786 0.018244
5.077500 0.708271 0.023281
5.082500 0.664342 0.042225
5.087500 0.681826 0.025502
5.092500 0.719527 0.026908
5.097500 0.719223 0.043571
