# DATE = 2025-03-12
# PIPE_VER = 1.17.1
# PMAP = jwst_1322.pmap
# STANDARD_STAR = SNAP-2
# 
# Wavelength (microns), arbitrary reflectance, uncertainty
0.702500 0.584583 0.016544
0.707500 0.585721 0.008821
0.712500 0.579623 0.003262
0.717500 0.584762 0.008495
0.722500 0.577809 0.004891
0.727500 0.564091 0.003539
0.732500 0.586435 0.006642
0.737500 0.607147 0.019833
0.742500 0.584727 0.007105
0.747500 0.612027 0.005355
0.752500 0.611164 0.006811
0.757500 0.602256 0.007550
0.762500 0.612995 0.004309
0.767500 0.627573 0.006970
0.772500 0.621069 0.008743
0.777500 0.636060 0.012039
0.782500 0.643949 0.004199
0.787500 0.615477 0.004651
0.792500 0.607913 0.014856
0.797500 0.606861 0.014110
0.802500 0.602367 0.009223
0.807500 0.612576 0.003889
0.812500 0.635982 0.012964
0.817500 0.643151 0.009719
0.822500 0.646245 0.005465
0.827500 0.649905 0.010531
0.832500 0.665001 0.006837
0.837500 0.666240 0.004350
0.842500 0.657202 0.003101
0.847500 0.648805 0.004761
0.852500 0.652292 0.004036
0.857500 0.661970 0.003606
0.862500 0.663459 0.005454
0.867500 0.661376 0.010342
0.872500 0.666483 0.012702
0.877500 0.669463 0.008986
0.882500 0.664451 0.010095
0.887500 0.674088 0.005463
0.892500 0.675749 0.007356
0.897500 0.682423 0.009875
0.902500 0.677321 0.008994
0.907500 0.670565 0.005827
0.912500 0.679168 0.008215
0.917500 0.678011 0.012830
0.922500 0.679959 0.004064
0.927500 0.687580 0.006043
0.932500 0.691214 0.009383
0.937500 0.689558 0.013875
0.942500 0.699582 0.013647
0.947500 0.710026 0.009534
0.952500 0.712196 0.004261
0.957500 0.704962 0.004040
0.962500 0.698918 0.004504
0.967500 0.700864 0.008554
0.972500 0.710115 0.006397
0.977500 0.715000 0.007110
0.982500 0.731028 0.008214
0.987500 0.733253 0.006122
0.992500 0.726839 0.005418
0.997500 0.722962 0.004487
1.002500 0.728045 0.006420
1.007500 0.738864 0.008720
1.012500 0.733791 0.006314
1.017500 0.735143 0.004112
1.022500 0.738724 0.005584
1.027500 0.738453 0.005420
1.032500 0.739977 0.004633
1.037500 0.752276 0.009967
1.042500 0.750428 0.007118
1.047500 0.746650 0.009087
1.052500 0.741674 0.005752
1.057500 0.747595 0.005409
1.062500 0.750942 0.005811
1.067500 0.752442 0.004123
1.072500 0.747644 0.005126
1.077500 0.748319 0.006893
1.082500 0.753688 0.006706
1.087500 0.752108 0.006758
1.092500 0.759494 0.004448
1.097500 0.760057 0.006319
1.102500 0.762110 0.006436
1.107500 0.769857 0.005424
1.112500 0.771881 0.006043
1.117500 0.781542 0.008508
1.122500 0.783583 0.005960
1.127500 0.795386 0.005908
1.132500 0.791555 0.006686
1.137500 0.788002 0.005646
1.142500 0.785739 0.008149
1.147500 0.783270 0.007396
1.152500 0.787260 0.008454
1.157500 0.791158 0.005623
1.162500 0.798358 0.005014
1.167500 0.798516 0.005060
1.172500 0.797598 0.004140
1.177500 0.800179 0.004697
1.182500 0.810122 0.007858
1.187500 0.809649 0.007183
1.192500 0.810256 0.006409
1.197500 0.811357 0.006131
1.202500 0.813951 0.005681
1.207500 0.814506 0.004652
1.212500 0.817915 0.005337
1.217500 0.822867 0.005243
1.222500 0.814742 0.008841
1.227500 0.815279 0.007944
1.232500 0.819819 0.007292
1.237500 0.824287 0.003777
1.242500 0.820801 0.010403
1.247500 0.829667 0.010722
1.252500 0.828494 0.006117
1.257500 0.814024 0.015607
1.262500 0.814892 0.020006
1.267500 0.813243 0.012333
1.272500 0.811968 0.014851
1.277500 0.815859 0.011039
1.282500 0.820931 0.010071
1.287500 0.816106 0.009147
1.292500 0.819621 0.005800
1.297500 0.822273 0.004649
1.302500 0.827461 0.003814
1.307500 0.836706 0.005670
1.312500 0.837145 0.005495
1.317500 0.839376 0.007077
1.322500 0.840460 0.006633
1.327500 0.839520 0.007622
1.332500 0.843083 0.008182
1.337500 0.848732 0.008193
1.342500 0.844018 0.005356
1.347500 0.845327 0.004317
1.352500 0.845933 0.004469
1.357500 0.846791 0.006672
1.362500 0.850425 0.009306
1.367500 0.853627 0.006960
1.372500 0.852032 0.009696
1.377500 0.848395 0.010485
1.382500 0.850204 0.007060
1.387500 0.845716 0.008352
1.392500 0.847076 0.007006
1.397500 0.849018 0.004423
1.402500 0.850582 0.005753
1.407500 0.860966 0.007763
1.412500 0.868853 0.008860
1.417500 0.871175 0.009380
1.422500 0.869309 0.007931
1.427500 0.861391 0.007561
1.432500 0.853222 0.004973
1.437500 0.854059 0.005568
1.442500 0.852236 0.005421
1.447500 0.856859 0.007589
1.452500 0.863486 0.008827
1.457500 0.860532 0.005622
1.462500 0.860640 0.005045
1.467500 0.859321 0.004701
1.472500 0.861627 0.004332
1.477500 0.859485 0.007616
1.482500 0.856397 0.008617
1.487500 0.858708 0.007172
1.492500 0.852665 0.006249
1.497500 0.854180 0.007023
1.502500 0.846571 0.007986
1.507500 0.845297 0.006192
1.512500 0.843639 0.006489
1.517500 0.845938 0.004705
1.522500 0.850013 0.006010
1.527500 0.853738 0.005087
1.532500 0.854042 0.008431
1.537500 0.853260 0.004473
1.542500 0.850697 0.003999
1.547500 0.847178 0.006396
1.552500 0.849858 0.005490
1.557500 0.854028 0.006741
1.562500 0.849219 0.004243
1.567500 0.847738 0.005105
1.572500 0.854129 0.009953
1.577500 0.854831 0.011116
1.582500 0.853824 0.009209
1.587500 0.856732 0.011436
1.592500 0.857594 0.013145
1.597500 0.858563 0.015295
1.602500 0.863289 0.016415
1.607500 0.870292 0.016150
1.612500 0.871138 0.014693
1.617500 0.876803 0.011962
1.622500 0.879434 0.008427
1.627500 0.880321 0.004197
1.632500 0.882618 0.004194
1.637500 0.878131 0.006336
1.642500 0.878516 0.004748
1.647500 0.883447 0.009063
1.652500 0.885112 0.011044
1.657500 0.886854 0.010838
1.662500 0.908188 0.006500
1.667500 0.904259 0.016479
1.672500 0.905869 0.013175
1.677500 0.892492 0.007242
1.682500 0.893164 0.008159
1.687500 0.910747 0.004508
1.692500 0.911325 0.004614
1.697500 0.908428 0.003835
1.702500 0.909997 0.004687
1.707500 0.914048 0.006586
1.712500 0.916273 0.006560
1.717500 0.907005 0.009965
1.722500 0.910357 0.009453
1.727500 0.907477 0.006664
1.732500 0.911433 0.009356
1.737500 0.908454 0.009164
1.742500 0.906149 0.011296
1.747500 0.913961 0.009470
1.752500 0.914750 0.007541
1.757500 0.911068 0.004141
1.762500 0.911025 0.004842
1.767500 0.910370 0.004188
1.772500 0.910861 0.005333
1.777500 0.905464 0.005009
1.782500 0.906549 0.005548
1.787500 0.915321 0.006918
1.792500 0.913191 0.005295
1.797500 0.907774 0.011707
1.802500 0.903104 0.009261
1.807500 0.905197 0.007874
1.812500 0.904494 0.008384
1.817500 0.908808 0.004525
1.822500 0.910608 0.006036
1.827500 0.914810 0.006447
1.832500 0.913915 0.005474
1.837500 0.913059 0.005425
1.842500 0.917972 0.005998
1.847500 0.918673 0.005364
1.852500 0.918150 0.003969
1.857500 0.903613 0.008643
1.862500 0.911252 0.007574
1.867500 0.915522 0.006522
1.872500 0.920703 0.009987
1.877500 0.922257 0.013586
1.882500 0.923801 0.014386
1.887500 0.934090 0.008192
1.892500 0.931753 0.004305
1.897500 0.934209 0.004391
1.902500 0.934626 0.005400
1.907500 0.930068 0.007692
1.912500 0.920688 0.009659
1.917500 0.922161 0.007419
1.922500 0.922239 0.005830
1.927500 0.928220 0.006260
1.932500 0.923741 0.007937
1.937500 0.920475 0.019320
1.942500 0.913950 0.012582
1.947500 0.908179 0.017209
1.952500 0.909783 0.016665
1.957500 0.922684 0.016165
1.962500 0.927299 0.008942
1.967500 0.917989 0.006399
1.972500 0.918862 0.007334
1.977500 0.920601 0.006115
1.982500 0.911120 0.005058
1.987500 0.911008 0.004200
1.992500 0.908667 0.004654
1.997500 0.908583 0.006636
2.002500 0.913997 0.003903
2.007500 0.911095 0.008440
2.012500 0.913018 0.008969
2.017500 0.912368 0.007487
2.022500 0.910506 0.005274
2.027500 0.910531 0.004435
2.032500 0.904856 0.011011
2.037500 0.910316 0.009419
2.042500 0.926095 0.009667
2.047500 0.949603 0.009220
2.052500 0.945459 0.014322
2.057500 0.928014 0.010197
2.062500 0.918237 0.009975
2.067500 0.914896 0.007134
2.072500 0.921228 0.004441
2.077500 0.928271 0.011332
2.082500 0.938644 0.008117
2.087500 0.941880 0.007751
2.092500 0.931652 0.004027
2.097500 0.938627 0.004781
2.102500 0.944181 0.006976
2.107500 0.945817 0.006408
2.112500 0.945234 0.006378
2.117500 0.950992 0.005917
2.122500 0.950333 0.006741
2.127500 0.940994 0.006638
2.132500 0.941120 0.007174
2.137500 0.943859 0.007404
2.142500 0.952542 0.007330
2.147500 0.960535 0.010206
2.152500 0.969968 0.008430
2.157500 0.968744 0.010807
2.162500 0.955483 0.006577
2.167500 0.957635 0.008418
2.172500 0.958267 0.009123
2.177500 0.952668 0.007056
2.182500 0.945740 0.003263
2.187500 0.948648 0.004115
2.192500 0.951974 0.005159
2.197500 0.967607 0.007704
2.202500 0.977549 0.004719
2.207500 0.983860 0.007557
2.212500 0.980302 0.009636
2.217500 0.980937 0.011134
2.222500 0.970560 0.003163
2.227500 0.975980 0.006696
2.232500 0.995781 0.003705
2.237500 0.990478 0.005655
2.242500 0.998307 0.006926
2.247500 0.991822 0.014312
2.252500 0.993276 0.012425
2.257500 0.995358 0.017883
2.262500 0.984476 0.013883
2.267500 0.978725 0.016863
2.272500 0.983911 0.017963
2.277500 0.991452 0.017699
2.282500 0.983794 0.010351
2.287500 0.983229 0.013533
2.292500 0.985659 0.011045
2.297500 0.975437 0.003978
2.302500 0.983340 0.014019
2.307500 0.974838 0.011345
2.312500 0.984291 0.008399
2.317500 0.981141 0.003031
2.322500 0.978534 0.005804
2.327500 0.979812 0.013820
2.332500 0.980352 0.008506
2.337500 0.979214 0.014133
2.342500 0.975088 0.009397
2.347500 0.977697 0.007683
2.352500 0.982118 0.005160
2.357500 0.988948 0.004205
2.362500 0.992486 0.003427
2.367500 0.986768 0.005376
2.372500 1.001382 0.009896
2.377500 1.003923 0.014828
2.382500 1.015200 0.010747
2.387500 1.019853 0.007264
2.392500 1.002199 0.008092
2.397500 0.983970 0.009927
2.402500 0.997576 0.008410
2.407500 0.987607 0.011024
2.412500 1.004524 0.003465
2.417500 1.007073 0.010122
2.422500 1.001476 0.002955
2.427500 0.991897 0.012400
2.432500 0.985836 0.008024
2.437500 0.984761 0.003195
2.442500 0.996590 0.003180
2.447500 1.006467 0.005585
2.452500 1.008711 0.001801
2.457500 1.006929 0.003059
2.462500 0.990169 0.005117
2.467500 0.989997 0.008893
2.472500 0.984111 0.009223
2.477500 0.977001 0.009788
2.482500 0.984209 0.008450
2.487500 0.986289 0.005467
2.492500 0.985405 0.003539
2.497500 0.992042 0.005416
2.502500 0.992265 0.003971
2.507500 0.997800 0.002205
2.512500 1.003626 0.007745
2.517500 0.996384 0.004089
2.522500 0.990675 0.004012
2.527500 0.993000 0.004794
2.532500 1.008541 0.003386
2.537500 1.006714 0.010402
2.542500 1.004594 0.013421
2.547500 1.008542 0.010439
2.552500 1.001884 0.007625
2.557500 0.996250 0.007945
2.562500 1.002822 0.006625
2.567500 1.007841 0.003120
2.572500 1.003131 0.009415
2.577500 1.008817 0.003617
2.582500 0.997189 0.004860
2.587500 0.991052 0.011847
2.592500 1.005349 0.013144
2.597500 1.010824 0.016783
2.602500 1.000000 0.012257
2.607500 1.000159 0.010595
2.612500 0.991986 0.002110
2.617500 0.983052 0.011012
2.622500 0.996138 0.013684
2.627500 1.009522 0.011830
2.632500 1.001756 0.018297
2.637500 1.005203 0.017782
2.642500 0.992188 0.008340
2.647500 1.000384 0.008934
2.652500 1.013001 0.002191
2.657500 0.998281 0.007340
2.662500 0.989544 0.010870
2.667500 0.977700 0.020475
2.672500 0.983857 0.013019
2.677500 0.985085 0.002024
2.682500 0.994798 0.003325
2.687500 0.988308 0.009422
2.692500 0.983860 0.005647
2.697500 0.990658 0.003571
2.702500 0.994113 0.004252
2.707500 1.002254 0.001763
2.712500 0.997326 0.008886
2.717500 0.991148 0.006277
2.722500 0.979637 0.003163
2.727500 0.970691 0.005426
2.732500 0.960638 0.009284
2.737500 0.964913 0.018878
2.742500 0.967775 0.008672
2.747500 0.975840 0.015487
2.752500 0.945340 0.020103
2.757500 0.945198 0.024715
2.762500 0.947497 0.015412
2.767500 0.948393 0.013552
2.772500 0.948237 0.016170
2.777500 0.930225 0.022516
2.782500 0.926877 0.025311
2.787500 0.913679 0.012810
2.792500 0.909293 0.006309
2.797500 0.901009 0.002779
2.802500 0.886422 0.004666
2.807500 0.884493 0.003613
2.812500 0.871810 0.006816
2.817500 0.864961 0.008722
2.822500 0.846427 0.007505
2.827500 0.831127 0.008108
2.832500 0.821569 0.002229
2.837500 0.839992 0.013096
2.842500 0.832912 0.018161
2.847500 0.829130 0.020626
2.852500 0.810791 0.016747
2.857500 0.809223 0.012243
2.862500 0.787852 0.016344
2.867500 0.772255 0.007401
2.872500 0.767058 0.013673
2.877500 0.779846 0.009833
2.882500 0.770848 0.023846
2.887500 0.771648 0.013558
2.892500 0.766088 0.010511
2.897500 0.756648 0.019997
2.902500 0.759518 0.013581
2.907500 0.748608 0.013886
2.912500 0.759722 0.012932
2.917500 0.756227 0.013542
2.922500 0.774111 0.005671
2.927500 0.764728 0.006662
2.932500 0.750961 0.011437
2.937500 0.734988 0.007501
2.942500 0.725980 0.004822
2.947500 0.711888 0.009861
2.952500 0.713225 0.013234
2.957500 0.707620 0.009604
2.962500 0.727144 0.002175
2.967500 0.721026 0.017235
2.972500 0.718690 0.020875
2.977500 0.724550 0.016081
2.982500 0.710425 0.003844
2.987500 0.709015 0.005862
2.992500 0.715907 0.005003
2.997500 0.709991 0.003545
3.002500 0.719768 0.009645
3.007500 0.715420 0.002002
3.012500 0.715016 0.002539
3.017500 0.697092 0.005336
3.022500 0.685335 0.003825
3.027500 0.690365 0.002564
3.032500 0.688597 0.008111
3.037500 0.670353 0.006062
3.042500 0.655485 0.006704
3.047500 0.664921 0.002619
3.052500 0.662007 0.005288
3.057500 0.667551 0.007817
3.062500 0.652390 0.022512
3.067500 0.667666 0.019074
3.072500 0.681032 0.002207
3.077500 0.693034 0.007126
3.082500 0.683286 0.020521
3.087500 0.665727 0.008596
3.092500 0.666551 0.012461
3.097500 0.661275 0.015155
3.102500 0.645160 0.011665
3.107500 0.657652 0.013033
3.112500 0.660277 0.007064
3.117500 0.667952 0.013469
3.122500 0.677767 0.013187
3.127500 0.672287 0.008817
3.132500 0.664945 0.007299
3.137500 0.636914 0.009086
3.142500 0.646472 0.006306
3.147500 0.667595 0.007704
3.152500 0.665970 0.019923
3.157500 0.664132 0.011301
3.162500 0.683784 0.003443
3.167500 0.680314 0.003255
3.172500 0.696647 0.004656
3.177500 0.699280 0.011256
3.182500 0.700067 0.023882
3.187500 0.727817 0.010390
3.192500 0.708281 0.014005
3.197500 0.693607 0.006492
3.202500 0.687614 0.003119
3.207500 0.696044 0.001796
3.212500 0.679793 0.008004
3.217500 0.677336 0.009214
3.222500 0.672189 0.011470
3.227500 0.676179 0.002949
3.232500 0.681373 0.002893
3.237500 0.675232 0.005790
3.242500 0.667312 0.010189
3.247500 0.655826 0.010940
3.252500 0.643947 0.022029
3.257500 0.660567 0.020263
3.262500 0.672532 0.010449
3.267500 0.682922 0.010381
3.272500 0.677911 0.014452
3.277500 0.663063 0.002384
3.282500 0.682028 0.009861
3.287500 0.714414 0.007467
3.292500 0.709318 0.004911
3.297500 0.706442 0.008836
3.302500 0.693706 0.006980
3.307500 0.720333 0.007425
3.312500 0.733446 0.007982
3.317500 0.739665 0.010409
3.322500 0.722054 0.017713
3.327500 0.722553 0.011430
3.332500 0.749513 0.010864
3.337500 0.765643 0.015339
3.342500 0.770534 0.007224
3.347500 0.780810 0.002609
3.352500 0.756247 0.015241
3.357500 0.781503 0.009899
3.362500 0.785524 0.004980
3.367500 0.782200 0.016718
3.372500 0.769443 0.020954
3.377500 0.811457 0.019751
3.382500 0.831311 0.008030
3.387500 0.781503 0.014445
3.392500 0.782200 0.028235
3.397500 0.826819 0.020063
3.402500 0.785735 0.011993
3.407500 0.768447 0.014563
3.412500 0.769895 0.017966
3.417500 0.764386 0.011175
3.422500 0.770250 0.020621
3.427500 0.796767 0.015671
3.432500 0.773672 0.030341
3.437500 0.793063 0.008623
3.442500 0.796596 0.019712
3.447500 0.791183 0.017887
3.452500 0.774424 0.016140
3.457500 0.796827 0.025782
3.462500 0.819465 0.007322
3.467500 0.822665 0.008969
3.472500 0.857178 0.010389
3.477500 0.808895 0.006533
3.482500 0.792439 0.011498
3.487500 0.771602 0.011261
3.492500 0.790459 0.010909
3.497500 0.807285 0.009242
3.502500 0.815687 0.023254
3.507500 0.809481 0.024517
3.512500 0.814089 0.019388
3.517500 0.833070 0.012209
3.522500 0.839757 0.014658
3.527500 0.860022 0.002392
3.532500 0.831701 0.018565
3.537500 0.830433 0.005158
3.542500 0.844971 0.009898
3.547500 0.849231 0.018678
3.552500 0.831116 0.011439
3.557500 0.830717 0.022592
3.562500 0.829487 0.014769
3.567500 0.851662 0.006327
3.572500 0.852656 0.015072
3.577500 0.861739 0.022013
3.582500 0.876927 0.026180
3.587500 0.871737 0.012426
3.592500 0.877203 0.010813
3.597500 0.871408 0.017625
3.602500 0.898736 0.017777
3.607500 0.910398 0.010562
3.612500 0.915037 0.022155
3.617500 0.939396 0.039470
3.622500 0.928973 0.035560
3.627500 0.902558 0.004261
3.632500 0.917165 0.015995
3.637500 0.916458 0.008547
3.642500 0.895265 0.009672
3.647500 0.908861 0.016761
3.652500 0.922099 0.007293
3.657500 0.939867 0.014935
3.662500 0.959987 0.021305
3.667500 0.961951 0.017958
3.672500 0.911089 0.015717
3.677500 0.916432 0.003987
3.682500 0.937010 0.021135
3.687500 0.926929 0.013791
3.692500 0.965871 0.012575
3.697500 0.962386 0.029708
3.702500 0.974871 0.004712
3.707500 0.964372 0.008313
3.712500 0.902464 0.027021
3.717500 0.909761 0.017016
3.722500 0.920894 0.010562
3.727500 0.955805 0.017271
3.732500 0.962163 0.032475
3.737500 0.952187 0.006182
3.742500 0.949421 0.014189
3.747500 0.918114 0.039325
3.752500 0.949310 0.028419
3.757500 0.956617 0.029948
3.762500 0.960512 0.021253
3.767500 0.950489 0.007796
3.772500 0.952837 0.009917
3.777500 0.951226 0.006018
3.782500 0.943591 0.006354
3.787500 0.922883 0.010003
3.792500 0.899198 0.014613
3.797500 0.890224 0.017099
3.802500 0.898893 0.014669
3.807500 0.906967 0.005059
3.812500 0.912929 0.016066
3.817500 0.926557 0.011182
3.822500 0.898785 0.032907
3.827500 0.893706 0.025094
3.832500 0.866011 0.017626
3.837500 0.902680 0.028337
3.842500 0.932960 0.016825
3.847500 0.934142 0.019822
3.852500 0.926603 0.015262
3.857500 0.913254 0.026361
3.862500 0.909097 0.045348
3.867500 0.932197 0.009631
3.872500 0.962740 0.020917
3.877500 0.930034 0.020753
3.882500 0.946180 0.012708
3.887500 0.990224 0.009997
3.892500 0.956884 0.004509
3.897500 0.921334 0.028163
3.902500 0.949456 0.027820
3.907500 0.971857 0.023550
3.912500 0.935738 0.019130
3.917500 0.914406 0.007824
3.922500 0.930633 0.023625
3.927500 0.936671 0.018459
3.932500 0.937422 0.026871
3.937500 0.943074 0.015863
3.942500 0.885054 0.006695
3.947500 0.895093 0.016178
3.952500 0.953133 0.009977
3.957500 0.952500 0.007221
3.962500 0.951631 0.014771
3.967500 0.956359 0.017814
3.972500 0.931357 0.037418
3.977500 0.924235 0.014642
3.982500 0.931772 0.012433
3.987500 0.921373 0.011858
3.992500 0.915091 0.009539
3.997500 0.899620 0.015271
4.002500 0.890916 0.027188
4.007500 0.907157 0.016429
4.012500 0.962403 0.030137
4.017500 0.961636 0.025037
4.022500 0.932944 0.012836
4.027500 0.936834 0.014033
4.032500 0.937429 0.012316
4.037500 0.942422 0.013433
4.042500 0.934157 0.006073
4.047500 0.954268 0.008792
4.052500 0.934157 0.016968
4.057500 0.894153 0.006508
4.062500 0.882231 0.007358
4.067500 0.917323 0.022250
4.072500 0.908357 0.009015
4.077500 0.953170 0.016236
4.082500 0.963682 0.009303
4.087500 0.967089 0.027855
4.092500 0.956230 0.045508
4.097500 0.967902 0.038791
4.102500 0.990977 0.032993
4.107500 0.979566 0.035069
4.112500 0.933330 0.017291
4.117500 0.906728 0.007155
4.122500 0.924604 0.022209
4.127500 0.934386 0.008634
4.132500 0.949969 0.012602
4.137500 0.921023 0.025448
4.142500 0.898579 0.007303
4.147500 0.923025 0.018385
4.152500 0.946208 0.005957
4.157500 0.965648 0.006615
4.162500 0.999547 0.008854
4.167500 0.990851 0.020305
4.172500 0.945392 0.005741
4.177500 0.943946 0.012479
4.182500 0.960653 0.019123
4.187500 0.977234 0.029164
4.192500 0.965651 0.045718
4.197500 0.972893 0.065010
4.202500 0.940371 0.015231
4.207500 0.919985 0.033698
4.212500 0.936400 0.022866
4.217500 0.901371 0.008434
4.222500 0.901217 0.018183
4.227500 0.957705 0.009521
4.232500 0.955312 0.004578
4.237500 0.947739 0.010287
4.242500 0.941245 0.031984
4.247500 0.895623 0.028536
4.252500 0.864938 0.015907
4.257500 0.846849 0.024906
4.262500 0.931554 0.064431
4.267500 0.918373 0.060118
4.272500 0.865827 0.011534
4.277500 0.891632 0.019944
4.282500 0.911912 0.019569
4.287500 0.928904 0.014726
4.292500 0.930513 0.013821
4.297500 0.907899 0.024144
4.302500 0.993200 0.045864
4.307500 0.987774 0.023112
4.312500 0.973126 0.033683
4.317500 1.010530 0.040809
4.322500 0.940016 0.013029
4.327500 0.885491 0.017364
4.332500 0.904999 0.030718
4.337500 0.896036 0.008499
4.342500 0.935836 0.009270
4.347500 0.982805 0.022274
4.352500 0.945121 0.025970
4.357500 1.003900 0.034552
4.362500 0.969518 0.027180
4.367500 0.915759 0.064182
4.372500 0.912572 0.055855
4.377500 0.905834 0.025501
4.382500 0.902181 0.029852
4.387500 0.947744 0.032883
4.392500 0.954632 0.045085
4.397500 0.955334 0.028548
4.402500 0.929992 0.012926
4.407500 0.914953 0.009162
4.412500 0.945791 0.007492
4.417500 0.946808 0.039642
4.422500 0.989694 0.026383
4.427500 0.942233 0.028627
4.432500 0.933065 0.026026
4.437500 0.937818 0.052367
4.442500 0.869350 0.020188
4.447500 0.892511 0.068961
4.452500 0.864737 0.044915
4.457500 0.915951 0.042208
4.462500 0.978007 0.010347
4.467500 0.956190 0.035428
4.472500 0.967935 0.033166
4.477500 0.914499 0.018922
4.482500 0.888079 0.047758
4.487500 0.884526 0.035347
4.492500 0.896114 0.035579
4.497500 0.913467 0.024449
4.502500 0.859103 0.026465
4.507500 0.846145 0.037368
4.512500 0.899613 0.032087
4.517500 0.895547 0.016323
4.522500 0.903830 0.005578
4.527500 0.918651 0.018417
4.532500 0.874708 0.008299
4.537500 0.883489 0.026969
4.542500 0.888041 0.032327
4.547500 0.813852 0.016726
4.552500 0.862835 0.012851
4.557500 0.939802 0.047782
4.562500 0.869468 0.064171
4.567500 0.900971 0.059790
4.572500 0.902287 0.065948
4.577500 0.861248 0.037678
4.582500 0.941143 0.039376
4.587500 0.917370 0.013294
4.592500 0.892927 0.006570
4.597500 0.911096 0.036088
4.602500 0.937753 0.012539
4.607500 0.884846 0.042896
4.612500 0.911872 0.040477
4.617500 0.942879 0.041800
4.622500 0.946145 0.030934
4.627500 0.932419 0.031733
4.632500 0.964701 0.021693
4.637500 0.938211 0.014590
4.642500 0.860794 0.014642
4.647500 0.961859 0.012669
4.652500 1.022580 0.015581
4.657500 0.991432 0.034785
4.662500 1.011433 0.027477
4.667500 0.890799 0.021515
4.672500 0.933530 0.073340
4.677500 0.963025 0.084114
4.682500 0.956245 0.019430
4.687500 0.907794 0.032572
4.692500 0.947525 0.031766
4.697500 1.005801 0.008845
4.702500 1.018184 0.019386
4.707500 1.020532 0.029388
4.712500 1.000686 0.020811
4.717500 0.955324 0.010158
4.722500 0.946040 0.019261
4.727500 0.980792 0.015344
4.732500 0.964797 0.013391
4.737500 0.957178 0.023864
4.742500 0.970856 0.050526
4.747500 0.979109 0.015890
4.752500 0.947248 0.024027
4.757500 0.998880 0.021617
4.762500 1.014260 0.049666
4.767500 0.992247 0.085064
4.772500 0.937033 0.033445
4.777500 0.968754 0.045803
4.782500 0.968824 0.071936
4.787500 0.985685 0.058570
4.792500 1.037726 0.050611
4.797500 1.049803 0.005296
4.802500 0.996499 0.024337
4.807500 0.909595 0.051779
4.812500 0.983615 0.064068
4.817500 0.989384 0.066206
4.822500 1.049879 0.043819
4.827500 0.953835 0.022280
4.832500 1.039793 0.020680
4.837500 1.066014 0.058776
4.842500 0.991794 0.074126
4.847500 0.973174 0.021566
4.852500 1.026785 0.046567
4.857500 1.061231 0.067814
4.862500 0.971650 0.114623
4.867500 0.995142 0.096460
4.872500 1.009425 0.046821
4.877500 0.976163 0.077257
4.882500 0.954342 0.067847
4.887500 1.005048 0.046974
4.892500 0.940040 0.095937
4.897500 0.892021 0.048451
4.902500 0.934012 0.024780
4.907500 0.908229 0.037969
4.912500 0.994458 0.156502
4.917500 0.928813 0.098196
4.922500 1.007927 0.068026
4.927500 1.024608 0.074199
4.932500 1.042955 0.057854
4.937500 0.986182 0.120647
4.942500 0.978895 0.089674
4.947500 0.951098 0.037413
4.952500 0.953025 0.022996
4.957500 1.106278 0.004065
4.962500 1.056678 0.043398
4.967500 1.078555 0.087996
4.972500 0.988891 0.060009
4.977500 0.968624 0.067426
4.982500 0.966839 0.050322
4.987500 0.987674 0.035897
4.992500 0.928184 0.074820
4.997500 0.909826 0.102315
5.002500 0.911284 0.057788
5.007500 0.923229 0.034944
5.012500 0.935127 0.019596
5.017500 0.960253 0.021365
5.022500 0.874001 0.056142
5.027500 1.015467 0.063325
5.032500 0.958041 0.074680
5.037500 0.915510 0.020170
5.042500 0.879260 0.016798
5.047500 0.906378 0.035906
5.052500 0.845373 0.010963
5.057500 0.920916 0.032697
5.062500 0.923249 0.037225
5.067500 0.849180 0.038849
5.072500 0.874177 0.050977
5.077500 0.900205 0.032765
5.082500 0.953438 0.005697
5.087500 0.916465 0.039891
5.092500 0.868052 0.161522
5.097500 0.888937 0.039796
