# DATE = 2025-03-12
# PIPE_VER = 1.17.1
# PMAP = jwst_1322.pmap
# STANDARD_STAR = SNAP-2
# 
# Wavelength (microns), arbitrary reflectance, uncertainty
0.702500 0.674438 0.006824
0.707500 0.690468 0.018345
0.712500 0.702985 0.009318
0.717500 0.703467 0.012421
0.722500 0.705656 0.008619
0.727500 0.703964 0.008310
0.732500 0.717462 0.007525
0.737500 0.723062 0.010592
0.742500 0.714573 0.006034
0.747500 0.732639 0.004872
0.752500 0.742306 0.007767
0.757500 0.757954 0.004286
0.762500 0.759477 0.006851
0.767500 0.759196 0.009178
0.772500 0.761248 0.006957
0.777500 0.780901 0.005221
0.782500 0.810238 0.007733
0.787500 0.802108 0.005329
0.792500 0.791294 0.011311
0.797500 0.783530 0.011663
0.802500 0.783296 0.009077
0.807500 0.786270 0.006935
0.812500 0.793171 0.006712
0.817500 0.813149 0.006703
0.822500 0.822620 0.007887
0.827500 0.815316 0.005047
0.832500 0.820844 0.008186
0.837500 0.848873 0.007250
0.842500 0.858074 0.006408
0.847500 0.854055 0.005678
0.852500 0.860172 0.004448
0.857500 0.865688 0.005211
0.862500 0.858661 0.006585
0.867500 0.862203 0.008449
0.872500 0.876935 0.004534
0.877500 0.883107 0.006718
0.882500 0.879244 0.005776
0.887500 0.889463 0.008084
0.892500 0.900756 0.006750
0.897500 0.897692 0.008601
0.902500 0.901287 0.005037
0.907500 0.899675 0.009508
0.912500 0.916161 0.012955
0.917500 0.917429 0.015698
0.922500 0.922594 0.011067
0.927500 0.921703 0.006927
0.932500 0.925350 0.010315
0.937500 0.926783 0.013612
0.942500 0.927593 0.011033
0.947500 0.929006 0.007474
0.952500 0.940228 0.004032
0.957500 0.943404 0.008267
0.962500 0.958765 0.008781
0.967500 0.957582 0.011221
0.972500 0.959348 0.008126
0.977500 0.968861 0.006755
0.982500 0.981635 0.005219
0.987500 0.990430 0.004535
0.992500 0.991840 0.004408
0.997500 0.991494 0.008776
1.002500 0.987106 0.008504
1.007500 0.995451 0.006683
1.012500 0.984370 0.006590
1.017500 0.987085 0.006976
1.022500 0.996218 0.005791
1.027500 0.996685 0.008362
1.032500 1.000072 0.006576
1.037500 1.004729 0.004611
1.042500 0.999499 0.004200
1.047500 1.002227 0.005102
1.052500 0.997718 0.007771
1.057500 0.993447 0.007795
1.062500 1.000048 0.010984
1.067500 0.995983 0.010960
1.072500 1.000323 0.008266
1.077500 0.999948 0.008845
1.082500 1.005638 0.007097
1.087500 1.018723 0.008053
1.092500 1.024193 0.008466
1.097500 1.026500 0.009695
1.102500 1.031049 0.008304
1.107500 1.028921 0.009682
1.112500 1.041756 0.004646
1.117500 1.036689 0.006483
1.122500 1.034841 0.006958
1.127500 1.034453 0.007221
1.132500 1.035251 0.009579
1.137500 1.033362 0.011008
1.142500 1.046294 0.006984
1.147500 1.051880 0.009808
1.152500 1.052989 0.010838
1.157500 1.053901 0.008374
1.162500 1.053415 0.007092
1.167500 1.054307 0.006234
1.172500 1.054889 0.006127
1.177500 1.052588 0.008694
1.182500 1.061203 0.009472
1.187500 1.058450 0.010127
1.192500 1.055025 0.012715
1.197500 1.056089 0.014893
1.202500 1.062917 0.011717
1.207500 1.065179 0.012650
1.212500 1.072618 0.011722
1.217500 1.074051 0.010680
1.222500 1.075501 0.013950
1.227500 1.072581 0.020249
1.232500 1.077924 0.013701
1.237500 1.080189 0.013771
1.242500 1.043851 0.025883
1.247500 1.047106 0.019656
1.252500 1.054911 0.025096
1.257500 1.071717 0.007900
1.262500 1.083510 0.008948
1.267500 1.084012 0.010755
1.272500 1.074104 0.006439
1.277500 1.065960 0.011005
1.282500 1.066788 0.010492
1.287500 1.071125 0.008024
1.292500 1.076518 0.007481
1.297500 1.077549 0.005759
1.302500 1.080364 0.006966
1.307500 1.077118 0.009142
1.312500 1.069932 0.011849
1.317500 1.072725 0.011522
1.322500 1.072249 0.011943
1.327500 1.070687 0.011111
1.332500 1.073306 0.009388
1.337500 1.081483 0.008041
1.342500 1.082119 0.009025
1.347500 1.082692 0.006042
1.352500 1.083338 0.006069
1.357500 1.083954 0.007571
1.362500 1.084038 0.006924
1.367500 1.083609 0.006519
1.372500 1.082925 0.007354
1.377500 1.080889 0.007094
1.382500 1.085630 0.005265
1.387500 1.083901 0.006288
1.392500 1.086210 0.008674
1.397500 1.086758 0.010564
1.402500 1.087980 0.010642
1.407500 1.090362 0.008458
1.412500 1.082061 0.014350
1.417500 1.079667 0.016173
1.422500 1.083598 0.014813
1.427500 1.081484 0.009058
1.432500 1.080049 0.010098
1.437500 1.080809 0.010370
1.442500 1.084059 0.006932
1.447500 1.093313 0.007158
1.452500 1.097207 0.006646
1.457500 1.100001 0.006502
1.462500 1.093893 0.006526
1.467500 1.085668 0.009776
1.472500 1.085925 0.005387
1.477500 1.087084 0.005586
1.482500 1.089766 0.005317
1.487500 1.086569 0.008854
1.492500 1.075879 0.017143
1.497500 1.081167 0.016791
1.502500 1.076815 0.020170
1.507500 1.079910 0.013131
1.512500 1.085456 0.009379
1.517500 1.085129 0.009353
1.522500 1.081292 0.005113
1.527500 1.082190 0.003918
1.532500 1.081488 0.004772
1.537500 1.079565 0.004733
1.542500 1.076478 0.005162
1.547500 1.077240 0.010437
1.552500 1.083773 0.008394
1.557500 1.085921 0.010676
1.562500 1.071690 0.011234
1.567500 1.064528 0.008336
1.572500 1.066059 0.007795
1.577500 1.070289 0.006596
1.582500 1.072764 0.005354
1.587500 1.073684 0.006394
1.592500 1.067919 0.011499
1.597500 1.065556 0.014235
1.602500 1.062310 0.011084
1.607500 1.067140 0.005863
1.612500 1.064181 0.004822
1.617500 1.065990 0.005318
1.622500 1.068220 0.007817
1.627500 1.073474 0.007934
1.632500 1.081958 0.007025
1.637500 1.080798 0.012851
1.642500 1.083558 0.012688
1.647500 1.081646 0.011035
1.652500 1.081154 0.011019
1.657500 1.081047 0.012135
1.662500 1.084404 0.013891
1.667500 1.086045 0.020509
1.672500 1.089098 0.023405
1.677500 1.090181 0.024725
1.682500 1.082773 0.010878
1.687500 1.089995 0.008981
1.692500 1.088319 0.004566
1.697500 1.088212 0.006416
1.702500 1.081484 0.011318
1.707500 1.085516 0.010781
1.712500 1.082547 0.012797
1.717500 1.085968 0.014050
1.722500 1.082234 0.008771
1.727500 1.087486 0.005332
1.732500 1.086867 0.006347
1.737500 1.078490 0.011540
1.742500 1.076870 0.013441
1.747500 1.083324 0.024579
1.752500 1.089013 0.029782
1.757500 1.088195 0.018311
1.762500 1.070452 0.016440
1.767500 1.080103 0.007601
1.772500 1.074368 0.009736
1.777500 1.062908 0.009578
1.782500 1.067375 0.011230
1.787500 1.058699 0.007469
1.792500 1.060687 0.005593
1.797500 1.068225 0.007216
1.802500 1.062051 0.005111
1.807500 1.061414 0.011487
1.812500 1.061605 0.012874
1.817500 1.056378 0.007034
1.822500 1.054875 0.005637
1.827500 1.062591 0.007106
1.832500 1.069205 0.006125
1.837500 1.066189 0.009311
1.842500 1.075835 0.010927
1.847500 1.070904 0.011354
1.852500 1.066213 0.010393
1.857500 1.063109 0.012793
1.862500 1.069035 0.006309
1.867500 1.073795 0.005605
1.872500 1.078460 0.007184
1.877500 1.078854 0.005480
1.882500 1.076864 0.007770
1.887500 1.085276 0.006562
1.892500 1.081549 0.004530
1.897500 1.075570 0.005168
1.902500 1.076044 0.010102
1.907500 1.082111 0.006895
1.912500 1.065568 0.016266
1.917500 1.063050 0.017447
1.922500 1.054742 0.013885
1.927500 1.059334 0.012967
1.932500 1.049174 0.009713
1.937500 1.048788 0.007153
1.942500 1.044551 0.007044
1.947500 1.045690 0.005442
1.952500 1.045944 0.006056
1.957500 1.029745 0.010184
1.962500 1.034795 0.009455
1.967500 1.030343 0.007612
1.972500 1.029554 0.009821
1.977500 1.035658 0.008087
1.982500 1.032370 0.010254
1.987500 1.022041 0.010176
1.992500 1.016796 0.007468
1.997500 1.019389 0.006176
2.002500 1.018738 0.004461
2.007500 1.014878 0.006550
2.012500 1.025015 0.013889
2.017500 1.030913 0.011649
2.022500 1.029863 0.015506
2.027500 1.040472 0.017224
2.032500 1.033120 0.012826
2.037500 1.037344 0.013172
2.042500 1.052208 0.008837
2.047500 1.048791 0.005050
2.052500 1.041044 0.006019
2.057500 1.040884 0.006552
2.062500 1.037933 0.007073
2.067500 1.036402 0.007393
2.072500 1.040133 0.005871
2.077500 1.033946 0.007726
2.082500 1.032865 0.006412
2.087500 1.029375 0.010047
2.092500 1.033109 0.008915
2.097500 1.039189 0.004912
2.102500 1.035717 0.007771
2.107500 1.029886 0.007108
2.112500 1.032276 0.003703
2.117500 1.031481 0.006380
2.122500 1.028017 0.012461
2.127500 1.023599 0.004798
2.132500 1.017760 0.003944
2.137500 1.018893 0.004438
2.142500 1.023479 0.004850
2.147500 1.031219 0.008236
2.152500 1.027563 0.004747
2.157500 1.033951 0.008745
2.162500 1.034180 0.009391
2.167500 1.042065 0.005463
2.172500 1.041445 0.006507
2.177500 1.043387 0.013321
2.182500 1.052905 0.013577
2.187500 1.047460 0.009273
2.192500 1.041656 0.012897
2.197500 1.044295 0.012780
2.202500 1.038887 0.010553
2.207500 1.046789 0.006544
2.212500 1.044054 0.007497
2.217500 1.042592 0.014434
2.222500 1.044641 0.009314
2.227500 1.032575 0.006225
2.232500 1.039637 0.005343
2.237500 1.032584 0.005365
2.242500 1.024755 0.006326
2.247500 1.027283 0.009989
2.252500 1.026097 0.008684
2.257500 1.014645 0.006170
2.262500 1.014324 0.008557
2.267500 1.008075 0.012996
2.272500 0.984402 0.012324
2.277500 0.986767 0.008956
2.282500 0.990977 0.003387
2.287500 1.013159 0.009859
2.292500 1.000966 0.005031
2.297500 1.005051 0.002879
2.302500 1.010400 0.007309
2.307500 1.030347 0.004884
2.312500 1.038285 0.004097
2.317500 1.031628 0.010471
2.322500 1.022112 0.015139
2.327500 1.029095 0.010150
2.332500 1.024130 0.006581
2.337500 1.009791 0.007916
2.342500 1.012536 0.013191
2.347500 1.007816 0.011084
2.352500 1.019583 0.012748
2.357500 1.026617 0.020194
2.362500 1.026381 0.017917
2.367500 1.029507 0.016272
2.372500 1.027931 0.011044
2.377500 1.038496 0.010636
2.382500 1.025023 0.017157
2.387500 1.011977 0.013566
2.392500 1.008297 0.016307
2.397500 1.019330 0.012252
2.402500 1.015707 0.016255
2.407500 1.026791 0.004767
2.412500 1.037642 0.002189
2.417500 1.035039 0.004742
2.422500 1.026121 0.009357
2.427500 1.014734 0.005408
2.432500 1.010664 0.008202
2.437500 1.009375 0.012619
2.442500 1.011484 0.014253
2.447500 1.012002 0.006547
2.452500 1.008899 0.008692
2.457500 1.019536 0.010883
2.462500 1.011081 0.007059
2.467500 1.023417 0.006941
2.472500 1.021147 0.006929
2.477500 1.008362 0.012925
2.482500 0.995832 0.006029
2.487500 1.001298 0.006490
2.492500 0.997170 0.004737
2.497500 0.989644 0.007393
2.502500 0.968806 0.007622
2.507500 0.976234 0.003136
2.512500 0.975473 0.008554
2.517500 0.973458 0.005148
2.522500 0.974411 0.003208
2.527500 0.985740 0.001209
2.532500 0.989408 0.003380
2.537500 0.994577 0.007413
2.542500 0.992594 0.006345
2.547500 0.998435 0.005979
2.552500 1.000942 0.015988
2.557500 0.986370 0.005746
2.562500 0.972609 0.006574
2.567500 0.978691 0.006253
2.572500 0.994511 0.007993
2.577500 1.009320 0.008454
2.582500 1.019807 0.006749
2.587500 1.013212 0.011930
2.592500 1.003493 0.010972
2.597500 0.992485 0.012182
2.602500 1.001583 0.014498
2.607500 0.985016 0.006608
2.612500 0.991113 0.004675
2.617500 0.993179 0.008019
2.622500 0.993926 0.010464
2.627500 1.000000 0.014250
2.632500 0.987447 0.002115
2.637500 0.989198 0.004445
2.642500 0.989171 0.002095
2.647500 0.977643 0.014703
2.652500 0.972298 0.007778
2.657500 0.967341 0.010938
2.662500 0.954247 0.011793
2.667500 0.941346 0.008571
2.672500 0.936704 0.007147
2.677500 0.927638 0.016817
2.682500 0.916849 0.010630
2.687500 0.919593 0.010433
2.692500 0.893406 0.015105
2.697500 0.862033 0.015815
2.702500 0.843824 0.006280
2.707500 0.849930 0.005946
2.712500 0.847047 0.004876
2.717500 0.843383 0.010052
2.722500 0.855057 0.007413
2.727500 0.863900 0.022852
2.732500 0.859542 0.024188
2.737500 0.839807 0.015566
2.742500 0.811927 0.001787
2.747500 0.805766 0.003410
2.752500 0.781210 0.015227
2.757500 0.765340 0.013004
2.762500 0.731733 0.012659
2.767500 0.703968 0.004201
2.772500 0.689965 0.002282
2.777500 0.662718 0.021721
2.782500 0.623606 0.014447
2.787500 0.602069 0.007733
2.792500 0.575714 0.004259
2.797500 0.549622 0.013994
2.802500 0.532610 0.002251
2.807500 0.485938 0.012978
2.812500 0.467233 0.008073
2.817500 0.457111 0.007168
2.822500 0.422397 0.016562
2.827500 0.392609 0.008363
2.832500 0.368260 0.015663
2.837500 0.316923 0.012152
2.842500 0.305573 0.007829
2.847500 0.280456 0.021033
2.852500 0.245223 0.023052
2.857500 0.248527 0.018789
2.862500 0.231193 0.005650
2.867500 0.215465 0.004936
2.872500 0.199771 0.003960
2.877500 0.188661 0.002165
2.882500 0.173606 0.005678
2.887500 0.164989 0.011060
2.892500 0.161482 0.008553
2.897500 0.155537 0.007722
2.902500 0.148760 0.008421
2.907500 0.128863 0.006102
2.912500 0.130652 0.002305
2.917500 0.115992 0.002634
2.922500 0.107053 0.003123
2.927500 0.105175 0.001015
2.932500 0.102461 0.007372
2.937500 0.096957 0.004374
2.942500 0.089091 0.003424
2.947500 0.084174 0.004942
2.952500 0.081974 0.006040
2.957500 0.082461 0.008855
2.962500 0.092199 0.006716
2.967500 0.089704 0.008421
2.972500 0.090139 0.009539
2.977500 0.088605 0.007601
2.982500 0.093604 0.006102
2.987500 0.094700 0.015411
2.992500 0.096059 0.017291
2.997500 0.096468 0.007511
3.002500 0.092802 0.006791
3.007500 0.089461 0.003970
3.012500 0.083011 0.009906
3.017500 0.072407 0.005003
3.022500 0.092659 0.009139
3.027500 0.071749 0.011199
3.032500 0.082460 0.002941
3.037500 0.092659 0.002316
3.042500 0.095212 0.004716
3.047500 0.099340 0.008179
3.052500 0.092783 0.006843
3.057500 0.093225 0.010714
3.062500 0.099996 0.006608
3.067500 0.088165 0.012011
3.072500 0.087817 0.015740
3.077500 0.100048 0.018288
3.082500 0.100639 0.018590
3.087500 0.105422 0.010565
3.092500 0.090223 0.019593
3.097500 0.090739 0.017544
3.102500 0.090463 0.006648
3.107500 0.097913 0.008474
3.112500 0.096127 0.003806
3.117500 0.102502 0.004299
3.122500 0.115314 0.006846
3.127500 0.120844 0.001532
3.132500 0.100783 0.001583
3.137500 0.087636 0.006819
3.142500 0.098737 0.011960
3.147500 0.104531 0.013450
3.152500 0.113563 0.007899
3.157500 0.122949 0.008345
3.162500 0.117988 0.009911
3.167500 0.117971 0.006339
3.172500 0.118954 0.004146
3.177500 0.122316 0.007832
3.182500 0.114003 0.004109
3.187500 0.134686 0.012263
3.192500 0.144899 0.005466
3.197500 0.153278 0.005702
3.202500 0.151263 0.008036
3.207500 0.153667 0.016925
3.212500 0.158548 0.004181
3.217500 0.163102 0.014563
3.222500 0.178228 0.005011
3.227500 0.176353 0.001771
3.232500 0.182011 0.002050
3.237500 0.173985 0.004033
3.242500 0.186594 0.013469
3.247500 0.197566 0.006191
3.252500 0.209656 0.011948
3.257500 0.209780 0.007981
3.262500 0.224831 0.007634
3.267500 0.226957 0.017284
3.272500 0.252863 0.020276
3.277500 0.264020 0.007269
3.282500 0.265837 0.015550
3.287500 0.256249 0.011590
3.292500 0.274548 0.012346
3.297500 0.289538 0.010753
3.302500 0.289166 0.014222
3.307500 0.279624 0.007245
3.312500 0.274803 0.013260
3.317500 0.286803 0.008655
3.322500 0.325502 0.031329
3.327500 0.311366 0.026574
3.332500 0.284120 0.010784
3.337500 0.304006 0.020159
3.342500 0.297814 0.010905
3.347500 0.316301 0.009318
3.352500 0.322792 0.010855
3.357500 0.308697 0.006074
3.362500 0.291209 0.013149
3.367500 0.305125 0.007584
3.372500 0.290335 0.001080
3.377500 0.296648 0.013095
3.382500 0.285439 0.008606
3.387500 0.300182 0.003876
3.392500 0.294990 0.001630
3.397500 0.310568 0.015363
3.402500 0.307822 0.005136
3.407500 0.298818 0.015821
3.412500 0.286410 0.013408
3.417500 0.285455 0.019766
3.422500 0.286542 0.020888
3.427500 0.322978 0.000625
3.432500 0.311929 0.008260
3.437500 0.313590 0.001629
3.442500 0.335659 0.011122
3.447500 0.346861 0.005863
3.452500 0.342920 0.004191
3.457500 0.341999 0.005630
3.462500 0.331309 0.009032
3.467500 0.349314 0.019867
3.472500 0.358848 0.009103
3.477500 0.368223 0.014641
3.482500 0.353030 0.014289
3.487500 0.334986 0.010274
3.492500 0.334805 0.005877
3.497500 0.352728 0.008341
3.502500 0.386475 0.011191
3.507500 0.392664 0.013660
3.512500 0.375969 0.011451
3.517500 0.369917 0.009645
3.522500 0.387396 0.018388
3.527500 0.388964 0.016438
3.532500 0.374754 0.012126
3.537500 0.380719 0.012298
3.542500 0.381483 0.009866
3.547500 0.393481 0.004759
3.552500 0.404230 0.008514
3.557500 0.417522 0.029384
3.562500 0.417619 0.025850
3.567500 0.439597 0.022172
3.572500 0.419751 0.014670
3.577500 0.447242 0.010685
3.582500 0.464940 0.012327
3.587500 0.477887 0.014376
3.592500 0.482162 0.016383
3.597500 0.470114 0.018471
3.602500 0.473840 0.006731
3.607500 0.470989 0.015649
3.612500 0.498832 0.013090
3.617500 0.484829 0.005175
3.622500 0.494341 0.006646
3.627500 0.511312 0.003973
3.632500 0.526772 0.014762
3.637500 0.514980 0.014897
3.642500 0.538616 0.021759
3.647500 0.549257 0.011930
3.652500 0.521039 0.031440
3.657500 0.488837 0.038134
3.662500 0.527432 0.014785
3.667500 0.555456 0.004067
3.672500 0.546657 0.011346
3.677500 0.542662 0.011843
3.682500 0.547735 0.009488
3.687500 0.507146 0.019323
3.692500 0.533086 0.039378
3.697500 0.574379 0.036245
3.702500 0.568872 0.037086
3.707500 0.568758 0.023483
3.712500 0.559551 0.010098
3.717500 0.556449 0.012239
3.722500 0.532769 0.004752
3.727500 0.552584 0.024373
3.732500 0.526863 0.048000
3.737500 0.495777 0.010062
3.742500 0.498797 0.012763
3.747500 0.541502 0.004471
3.752500 0.537230 0.013821
3.757500 0.529873 0.011110
3.762500 0.532403 0.014434
3.767500 0.553516 0.011691
3.772500 0.550028 0.019610
3.777500 0.530124 0.008091
3.782500 0.566007 0.012412
3.787500 0.556309 0.012077
3.792500 0.541798 0.022166
3.797500 0.551731 0.013279
3.802500 0.559929 0.025523
3.807500 0.556524 0.007692
3.812500 0.531454 0.031235
3.817500 0.542790 0.008779
3.822500 0.492749 0.019977
3.827500 0.519433 0.012077
3.832500 0.543194 0.024085
3.837500 0.547637 0.030256
3.842500 0.544412 0.019401
3.847500 0.542790 0.034386
3.852500 0.525496 0.010336
3.857500 0.521011 0.007976
3.862500 0.539471 0.012941
3.867500 0.518770 0.033609
3.872500 0.497345 0.016122
3.877500 0.490693 0.016936
3.882500 0.509058 0.015895
3.887500 0.458298 0.007611
3.892500 0.454401 0.006967
3.897500 0.533478 0.041451
3.902500 0.544885 0.015683
3.907500 0.526606 0.037425
3.912500 0.498357 0.016338
3.917500 0.507984 0.042011
3.922500 0.491721 0.019203
3.927500 0.515275 0.022353
3.932500 0.515908 0.006679
3.937500 0.576223 0.021277
3.942500 0.568046 0.015503
3.947500 0.493610 0.016537
3.952500 0.520540 0.017754
3.957500 0.515177 0.025432
3.962500 0.504546 0.013321
3.967500 0.503286 0.012654
3.972500 0.505743 0.013359
3.977500 0.485643 0.015706
3.982500 0.467392 0.011460
3.987500 0.536450 0.033021
3.992500 0.577251 0.028323
3.997500 0.536421 0.025982
4.002500 0.491529 0.040329
4.007500 0.488312 0.048377
4.012500 0.507342 0.034316
4.017500 0.534886 0.023855
4.022500 0.501672 0.017340
4.027500 0.499584 0.025648
4.032500 0.488259 0.016456
4.037500 0.511880 0.025722
4.042500 0.477695 0.027255
4.047500 0.471793 0.055603
4.052500 0.503033 0.026551
4.057500 0.549585 0.011897
4.062500 0.521931 0.019488
4.067500 0.496452 0.026289
4.072500 0.505882 0.013148
4.077500 0.513622 0.019097
4.082500 0.515983 0.014332
4.087500 0.555662 0.027994
4.092500 0.617935 0.021186
4.097500 0.594532 0.025697
4.102500 0.599299 0.031851
4.107500 0.541753 0.023230
4.112500 0.504208 0.024907
4.117500 0.492843 0.009670
4.122500 0.521293 0.018385
4.127500 0.558077 0.026174
4.132500 0.560512 0.036585
4.137500 0.567522 0.015468
4.142500 0.558217 0.026949
4.147500 0.518029 0.030152
4.152500 0.517388 0.035767
4.157500 0.558721 0.051760
4.162500 0.596242 0.083735
4.167500 0.520617 0.038415
4.172500 0.527239 0.022921
4.177500 0.567356 0.016763
4.182500 0.574181 0.028697
4.187500 0.625879 0.007240
4.192500 0.559385 0.022534
4.197500 0.506562 0.026168
4.202500 0.487706 0.041124
4.207500 0.461024 0.020342
4.212500 0.421980 0.006453
4.217500 0.360239 0.020592
4.222500 0.290912 0.020922
4.227500 0.221474 0.023428
4.232500 0.206177 0.036491
4.237500 0.209638 0.020396
4.242500 0.209255 0.006741
4.247500 0.144962 0.017430
4.252500 0.119942 0.006947
4.257500 0.134299 0.015497
4.262500 0.141480 0.013578
4.267500 0.131958 0.018445
4.272500 0.063943 0.010518
4.277500 0.098632 0.013718
4.282500 0.144716 0.009931
4.287500 0.215264 0.031749
4.292500 0.336724 0.019299
4.297500 0.396878 0.012835
4.302500 0.490533 0.011160
4.307500 0.591866 0.019514
4.312500 0.609390 0.006823
4.317500 0.603255 0.034484
4.322500 0.621113 0.033198
4.327500 0.603239 0.006582
4.332500 0.571178 0.011545
4.337500 0.548729 0.028568
4.342500 0.569294 0.035288
4.347500 0.629681 0.027369
4.352500 0.663128 0.025305
4.357500 0.626679 0.008875
4.362500 0.602449 0.009406
4.367500 0.578488 0.022585
4.372500 0.537714 0.038779
4.377500 0.471609 0.022154
4.382500 0.490674 0.028582
4.387500 0.533033 0.048624
4.392500 0.553718 0.020679
4.397500 0.550258 0.002565
4.402500 0.545014 0.031694
4.407500 0.614558 0.020476
4.412500 0.595813 0.007496
4.417500 0.569033 0.070745
4.422500 0.585903 0.046246
4.427500 0.533759 0.047108
4.432500 0.590072 0.053863
4.437500 0.684104 0.082922
4.442500 0.596927 0.062819
4.447500 0.531214 0.034930
4.452500 0.543190 0.021897
4.457500 0.484074 0.023344
4.462500 0.436520 0.005848
4.467500 0.439789 0.007881
4.472500 0.471225 0.089920
4.477500 0.494246 0.097792
4.482500 0.504305 0.034767
4.487500 0.517260 0.014326
4.492500 0.575526 0.040726
4.497500 0.603129 0.027005
4.502500 0.556599 0.023040
4.507500 0.432222 0.028294
4.512500 0.369613 0.024701
4.517500 0.386984 0.010005
4.522500 0.399900 0.014950
4.527500 0.343946 0.048171
4.532500 0.417953 0.039981
4.537500 0.493881 0.024314
4.542500 0.460117 0.020815
4.547500 0.486429 0.025237
4.552500 0.481376 0.047959
4.557500 0.475330 0.039199
4.562500 0.494709 0.039827
4.567500 0.479133 0.013327
4.572500 0.447547 0.047411
4.577500 0.436351 0.029546
4.582500 0.377336 0.024416
4.587500 0.352076 0.048594
4.592500 0.332368 0.030372
4.597500 0.412069 0.027280
4.602500 0.413057 0.028257
4.607500 0.342918 0.048094
4.612500 0.341027 0.017811
4.617500 0.333295 0.024541
4.622500 0.382441 0.019375
4.627500 0.355226 0.022838
4.632500 0.298249 0.033732
4.637500 0.322680 0.013738
4.642500 0.397820 0.028135
4.647500 0.378713 0.060054
4.652500 0.459487 0.054716
4.657500 0.471045 0.048191
4.662500 0.424481 0.057188
4.667500 0.378037 0.016319
4.672500 0.389119 0.027685
4.677500 0.355825 0.059566
4.682500 0.249091 0.021073
4.687500 0.321174 0.078329
4.692500 0.372068 0.089649
4.697500 0.268898 0.016418
4.702500 0.358670 0.013783
4.707500 0.492770 0.005414
4.712500 0.466981 0.016601
4.717500 0.477423 0.028358
4.722500 0.604447 0.024163
4.727500 0.531437 0.024359
4.732500 0.452674 0.056529
4.737500 0.559224 0.005801
4.742500 0.551071 0.027684
4.747500 0.574599 0.053204
4.752500 0.662369 0.088787
4.757500 0.658234 0.102614
4.762500 0.637712 0.034549
4.767500 0.625151 0.025491
4.772500 0.580465 0.065874
4.777500 0.517422 0.038515
4.782500 0.512415 0.059635
4.787500 0.679101 0.083362
4.792500 0.791940 0.085485
4.797500 0.731671 0.088122
4.802500 0.604606 0.069706
4.807500 0.561262 0.022250
4.812500 0.606211 0.047033
4.817500 0.759884 0.012775
4.822500 0.736941 0.044992
4.827500 0.735246 0.018794
4.832500 0.742618 0.014219
4.837500 0.737736 0.047814
4.842500 0.752736 0.082246
4.847500 0.744809 0.085872
4.852500 0.664551 0.126660
4.857500 0.684976 0.082119
4.862500 0.562185 0.026750
4.867500 0.525162 0.078945
4.872500 0.696875 0.035041
4.877500 0.652116 0.057156
4.882500 0.579149 0.019333
4.887500 0.665899 0.036727
4.892500 0.648044 0.062259
4.897500 0.615047 0.010015
4.902500 0.652542 0.040895
4.907500 0.641229 0.049830
4.912500 0.598296 0.051779
4.917500 0.592462 0.041064
4.922500 0.594845 0.017604
4.927500 0.566812 0.015983
4.932500 0.674188 0.003345
4.937500 0.621628 0.051962
4.942500 0.571972 0.044602
4.947500 0.547707 0.054871
4.952500 0.632799 0.031102
4.957500 0.611588 0.116451
4.962500 0.487532 0.023348
4.967500 0.646270 0.099365
4.972500 0.825349 0.107519
4.977500 0.828208 0.093268
4.982500 0.680763 0.140924
4.987500 0.632709 0.175079
4.992500 0.652721 0.113003
4.997500 0.648826 0.080622
5.002500 0.614217 0.136858
5.007500 0.682444 0.117249
5.012500 0.662744 0.111716
5.017500 0.610011 0.073256
5.022500 0.663545 0.065473
5.027500 0.592983 0.077379
5.032500 0.638860 0.086149
5.037500 0.577697 0.058000
5.042500 0.671753 0.024985
5.047500 0.742999 0.102047
5.052500 0.770605 0.049445
5.057500 0.829534 0.025944
5.062500 0.802722 0.034180
5.067500 0.756780 0.056662
5.072500 0.923175 0.060565
5.077500 0.949749 0.071440
5.082500 0.870340 0.034449
5.087500 0.786112 0.063373
5.092500 0.568216 0.008945
5.097500 0.544085 0.047911
