# DATE = 2025-03-12
# PIPE_VER = 1.17.1
# PMAP = jwst_1322.pmap
# STANDARD_STAR = SNAP-2
# 
# Wavelength (microns), arbitrary reflectance, uncertainty
0.702500 0.564855 0.005994
0.707500 0.564494 0.003520
0.712500 0.562178 0.005425
0.717500 0.557449 0.005250
0.722500 0.585404 0.009193
0.727500 0.593986 0.003308
0.732500 0.587074 0.010527
0.737500 0.587344 0.011078
0.742500 0.573192 0.007516
0.747500 0.588281 0.010496
0.752500 0.593543 0.003804
0.757500 0.588099 0.003140
0.762500 0.587560 0.004068
0.767500 0.595338 0.013956
0.772500 0.591974 0.005686
0.777500 0.608465 0.006574
0.782500 0.608393 0.010890
0.787500 0.583728 0.004795
0.792500 0.581375 0.009076
0.797500 0.598039 0.010282
0.802500 0.614479 0.006955
0.807500 0.621912 0.006417
0.812500 0.628259 0.004527
0.817500 0.618569 0.006647
0.822500 0.617556 0.009673
0.827500 0.614415 0.005705
0.832500 0.611578 0.007331
0.837500 0.627043 0.009484
0.842500 0.636179 0.007602
0.847500 0.641561 0.005284
0.852500 0.642328 0.006800
0.857500 0.639574 0.003416
0.862500 0.645062 0.006799
0.867500 0.643239 0.006546
0.872500 0.650839 0.015481
0.877500 0.657481 0.014948
0.882500 0.656645 0.015457
0.887500 0.653643 0.014209
0.892500 0.659570 0.008643
0.897500 0.658811 0.009565
0.902500 0.663985 0.007673
0.907500 0.671375 0.009472
0.912500 0.670650 0.007582
0.917500 0.671546 0.008264
0.922500 0.678868 0.009660
0.927500 0.685796 0.006202
0.932500 0.688048 0.007740
0.937500 0.687592 0.010867
0.942500 0.690223 0.013685
0.947500 0.691436 0.011196
0.952500 0.692002 0.006336
0.957500 0.687007 0.005795
0.962500 0.685830 0.003408
0.967500 0.697137 0.003663
0.972500 0.701147 0.007669
0.977500 0.700946 0.005484
0.982500 0.711981 0.009077
0.987500 0.714909 0.011094
0.992500 0.718870 0.009530
0.997500 0.715499 0.008865
1.002500 0.722885 0.006973
1.007500 0.724291 0.007939
1.012500 0.725520 0.009008
1.017500 0.726801 0.009379
1.022500 0.729271 0.008752
1.027500 0.729910 0.010490
1.032500 0.732111 0.011468
1.037500 0.734698 0.010518
1.042500 0.738134 0.012236
1.047500 0.737374 0.010573
1.052500 0.736765 0.012726
1.057500 0.739133 0.013712
1.062500 0.738644 0.013013
1.067500 0.744204 0.015267
1.072500 0.744466 0.014833
1.077500 0.748633 0.012867
1.082500 0.754245 0.009708
1.087500 0.753457 0.009109
1.092500 0.753942 0.008658
1.097500 0.754330 0.005752
1.102500 0.762846 0.008760
1.107500 0.763449 0.012600
1.112500 0.769948 0.008925
1.117500 0.774821 0.009643
1.122500 0.776838 0.010508
1.127500 0.783397 0.008350
1.132500 0.788553 0.009879
1.137500 0.789851 0.013477
1.142500 0.788337 0.012405
1.147500 0.790273 0.010989
1.152500 0.794204 0.011433
1.157500 0.795613 0.013217
1.162500 0.796650 0.013243
1.167500 0.797144 0.012632
1.172500 0.796897 0.011164
1.177500 0.798205 0.011725
1.182500 0.806580 0.010255
1.187500 0.805430 0.012169
1.192500 0.806359 0.013625
1.197500 0.811593 0.010767
1.202500 0.808115 0.009177
1.207500 0.808301 0.008799
1.212500 0.803398 0.006126
1.217500 0.800396 0.006230
1.222500 0.805813 0.011361
1.227500 0.807958 0.016776
1.232500 0.815214 0.014502
1.237500 0.818977 0.010819
1.242500 0.825710 0.017951
1.247500 0.826126 0.018538
1.252500 0.827132 0.012327
1.257500 0.837368 0.013972
1.262500 0.841618 0.017001
1.267500 0.839646 0.011625
1.272500 0.835644 0.010927
1.277500 0.825212 0.006844
1.282500 0.827747 0.007132
1.287500 0.828839 0.010757
1.292500 0.832063 0.007347
1.297500 0.834967 0.012230
1.302500 0.842299 0.015701
1.307500 0.847468 0.015369
1.312500 0.854154 0.014301
1.317500 0.852163 0.010475
1.322500 0.858369 0.012677
1.327500 0.859922 0.012983
1.332500 0.858250 0.013438
1.337500 0.859375 0.010609
1.342500 0.859461 0.011099
1.347500 0.856580 0.012771
1.352500 0.858157 0.013941
1.357500 0.863852 0.017350
1.362500 0.863501 0.015621
1.367500 0.867121 0.011739
1.372500 0.874604 0.012765
1.377500 0.870236 0.010283
1.382500 0.870314 0.010780
1.387500 0.869586 0.012126
1.392500 0.870179 0.011203
1.397500 0.873899 0.011389
1.402500 0.874933 0.013258
1.407500 0.871508 0.009255
1.412500 0.882270 0.013210
1.417500 0.887097 0.014142
1.422500 0.886258 0.014316
1.427500 0.888162 0.013710
1.432500 0.891598 0.014331
1.437500 0.890500 0.015584
1.442500 0.883787 0.019641
1.447500 0.883248 0.023115
1.452500 0.884682 0.023077
1.457500 0.881212 0.021804
1.462500 0.883394 0.020762
1.467500 0.882520 0.019683
1.472500 0.892405 0.015322
1.477500 0.890231 0.014657
1.482500 0.885287 0.016206
1.487500 0.883052 0.018052
1.492500 0.879424 0.017192
1.497500 0.878315 0.013124
1.502500 0.875701 0.014166
1.507500 0.880148 0.014946
1.512500 0.879508 0.014138
1.517500 0.874698 0.017688
1.522500 0.877930 0.015683
1.527500 0.883376 0.013402
1.532500 0.881455 0.016834
1.537500 0.880098 0.017244
1.542500 0.882630 0.018340
1.547500 0.887780 0.017688
1.552500 0.890605 0.015146
1.557500 0.891013 0.014143
1.562500 0.887737 0.014917
1.567500 0.884429 0.019877
1.572500 0.892091 0.016086
1.577500 0.893363 0.018926
1.582500 0.896080 0.019569
1.587500 0.900492 0.016004
1.592500 0.883738 0.009634
1.597500 0.880402 0.005686
1.602500 0.886751 0.005429
1.607500 0.891986 0.010088
1.612500 0.902592 0.018493
1.617500 0.910345 0.018694
1.622500 0.906190 0.020941
1.627500 0.907178 0.024273
1.632500 0.913389 0.026727
1.637500 0.912919 0.027177
1.642500 0.915843 0.027292
1.647500 0.923318 0.025005
1.652500 0.917673 0.018562
1.657500 0.916511 0.017939
1.662500 0.923278 0.019263
1.667500 0.924484 0.019222
1.672500 0.936513 0.024661
1.677500 0.938264 0.022479
1.682500 0.934648 0.020908
1.687500 0.938071 0.022133
1.692500 0.944573 0.026311
1.697500 0.944065 0.024243
1.702500 0.949223 0.025204
1.707500 0.961474 0.025923
1.712500 0.960979 0.024065
1.717500 0.963527 0.022715
1.722500 0.963111 0.024192
1.727500 0.965297 0.024058
1.732500 0.955260 0.014644
1.737500 0.952056 0.013624
1.742500 0.953876 0.016454
1.747500 0.960878 0.020136
1.752500 0.960624 0.017441
1.757500 0.964757 0.019919
1.762500 0.959504 0.022974
1.767500 0.957507 0.024994
1.772500 0.952292 0.020394
1.777500 0.949249 0.020326
1.782500 0.952369 0.025082
1.787500 0.961929 0.025175
1.792500 0.967622 0.024085
1.797500 0.977599 0.020937
1.802500 0.979425 0.020636
1.807500 0.965680 0.025482
1.812500 0.959604 0.020889
1.817500 0.960430 0.021295
1.822500 0.959314 0.021315
1.827500 0.964311 0.023873
1.832500 0.958276 0.017334
1.837500 0.970838 0.025352
1.842500 0.974266 0.025659
1.847500 0.973913 0.021287
1.852500 0.975853 0.019270
1.857500 0.978629 0.022156
1.862500 0.991394 0.022039
1.867500 0.983566 0.016240
1.872500 0.983064 0.016744
1.877500 0.981029 0.018790
1.882500 0.983026 0.017494
1.887500 0.989383 0.019290
1.892500 0.990103 0.020062
1.897500 0.988486 0.020831
1.902500 0.988514 0.021255
1.907500 0.982457 0.016036
1.912500 0.980474 0.018484
1.917500 0.973543 0.027044
1.922500 0.966047 0.019830
1.927500 0.968720 0.019314
1.932500 0.968228 0.025071
1.937500 0.971833 0.024583
1.942500 0.952469 0.011859
1.947500 0.951369 0.010549
1.952500 0.947752 0.017519
1.957500 0.947090 0.020060
1.962500 0.945715 0.016796
1.967500 0.946175 0.016978
1.972500 0.941371 0.021171
1.977500 0.935358 0.019489
1.982500 0.932258 0.016404
1.987500 0.932460 0.015998
1.992500 0.935049 0.020544
1.997500 0.929167 0.014939
2.002500 0.926960 0.012967
2.007500 0.918602 0.018274
2.012500 0.922220 0.018508
2.017500 0.919776 0.019746
2.022500 0.921363 0.019442
2.027500 0.921346 0.020137
2.032500 0.922413 0.019215
2.037500 0.928889 0.020863
2.042500 0.927749 0.022401
2.047500 0.932646 0.020861
2.052500 0.927558 0.017886
2.057500 0.931587 0.015406
2.062500 0.939466 0.016981
2.067500 0.948551 0.018769
2.072500 0.947894 0.013931
2.077500 0.950831 0.015971
2.082500 0.963522 0.018557
2.087500 0.954484 0.016759
2.092500 0.952586 0.017162
2.097500 0.960384 0.014956
2.102500 0.969586 0.018866
2.107500 0.970072 0.017940
2.112500 0.976028 0.011425
2.117500 0.981813 0.016308
2.122500 0.991142 0.021818
2.127500 0.997078 0.024598
2.132500 1.004196 0.024101
2.137500 1.016002 0.018983
2.142500 1.012048 0.013133
2.147500 1.012407 0.015522
2.152500 1.010542 0.016691
2.157500 1.005162 0.011115
2.162500 1.001602 0.007331
2.167500 1.003750 0.006386
2.172500 1.010332 0.008384
2.177500 1.029039 0.017999
2.182500 1.021232 0.013574
2.187500 1.013505 0.007202
2.192500 1.029199 0.015438
2.197500 1.033993 0.015154
2.202500 1.041749 0.015022
2.207500 1.040953 0.013747
2.212500 1.036662 0.011609
2.217500 1.036703 0.013497
2.222500 1.043294 0.013491
2.227500 1.030304 0.013961
2.232500 1.026478 0.011995
2.237500 1.020987 0.010794
2.242500 1.037294 0.015089
2.247500 1.038551 0.016410
2.252500 1.039906 0.018141
2.257500 1.046306 0.019135
2.262500 1.043446 0.015551
2.267500 1.046731 0.019854
2.272500 1.039978 0.022822
2.277500 1.018962 0.011456
2.282500 1.023839 0.012258
2.287500 1.035096 0.009271
2.292500 1.045738 0.012128
2.297500 1.046274 0.010435
2.302500 1.050089 0.012638
2.307500 1.046650 0.010285
2.312500 1.039107 0.003906
2.317500 1.046350 0.004482
2.322500 1.041464 0.010531
2.327500 1.036360 0.006499
2.332500 1.042060 0.006421
2.337500 1.039118 0.015307
2.342500 1.037508 0.014674
2.347500 1.043613 0.015734
2.352500 1.047266 0.017088
2.357500 1.051133 0.013191
2.362500 1.048807 0.012331
2.367500 1.051289 0.015897
2.372500 1.043345 0.015799
2.377500 1.031367 0.006932
2.382500 1.019748 0.005552
2.387500 1.036338 0.010850
2.392500 1.018599 0.032280
2.397500 1.029551 0.025978
2.402500 1.036855 0.012335
2.407500 1.045480 0.009981
2.412500 1.041477 0.006590
2.417500 1.036132 0.013238
2.422500 1.018580 0.012059
2.427500 1.017242 0.014536
2.432500 1.022901 0.008844
2.437500 1.025928 0.010737
2.442500 1.023553 0.006052
2.447500 1.023279 0.008222
2.452500 1.022334 0.008690
2.457500 1.019647 0.003237
2.462500 1.024445 0.005723
2.467500 1.018216 0.007547
2.472500 1.010987 0.004111
2.477500 1.011371 0.005191
2.482500 1.012964 0.008954
2.487500 1.014535 0.007282
2.492500 1.005899 0.004204
2.497500 1.014482 0.005083
2.502500 1.017120 0.002551
2.507500 1.017189 0.002410
2.512500 1.008637 0.001933
2.517500 1.008487 0.003554
2.522500 1.006626 0.001615
2.527500 1.010516 0.011821
2.532500 1.001780 0.005329
2.537500 0.999735 0.006456
2.542500 1.004481 0.013212
2.547500 1.009622 0.004178
2.552500 1.003541 0.012532
2.557500 1.007399 0.007597
2.562500 1.000186 0.004828
2.567500 0.997613 0.005261
2.572500 1.005044 0.002001
2.577500 1.006103 0.001700
2.582500 1.005792 0.001418
2.587500 1.002124 0.003548
2.592500 0.990046 0.003514
2.597500 0.995427 0.003312
2.602500 0.996767 0.002030
2.607500 0.999247 0.004454
2.612500 1.000337 0.009784
2.617500 0.994779 0.011761
2.622500 1.000000 0.004061
2.627500 1.000136 0.005346
2.632500 1.006452 0.003043
2.637500 0.988918 0.006526
2.642500 0.984159 0.013701
2.647500 0.970041 0.007002
2.652500 0.983705 0.006501
2.657500 0.982213 0.003143
2.662500 0.978150 0.005729
2.667500 0.960434 0.003743
2.672500 0.956844 0.007112
2.677500 0.965182 0.008577
2.682500 0.958001 0.011007
2.687500 0.958887 0.009691
2.692500 0.960528 0.003678
2.697500 0.954884 0.004735
2.702500 0.951151 0.002387
2.707500 0.935266 0.005411
2.712500 0.919515 0.011243
2.717500 0.912507 0.011644
2.722500 0.901586 0.004172
2.727500 0.898103 0.005708
2.732500 0.888029 0.005337
2.737500 0.865919 0.008892
2.742500 0.844834 0.003134
2.747500 0.837738 0.002988
2.752500 0.823222 0.012962
2.757500 0.799048 0.010508
2.762500 0.779372 0.007368
2.767500 0.755010 0.007107
2.772500 0.735978 0.007274
2.777500 0.715230 0.007663
2.782500 0.684378 0.007045
2.787500 0.667098 0.007155
2.792500 0.652515 0.007025
2.797500 0.629763 0.009064
2.802500 0.614493 0.008039
2.807500 0.594647 0.009580
2.812500 0.563450 0.006012
2.817500 0.558251 0.002801
2.822500 0.533810 0.004698
2.827500 0.512582 0.007938
2.832500 0.497239 0.006146
2.837500 0.477871 0.006009
2.842500 0.467069 0.003032
2.847500 0.453168 0.007275
2.852500 0.433940 0.005880
2.857500 0.427866 0.006487
2.862500 0.426981 0.003988
2.867500 0.404886 0.007504
2.872500 0.389995 0.016766
2.877500 0.386585 0.012903
2.882500 0.385696 0.003479
2.887500 0.384092 0.007581
2.892500 0.372214 0.003341
2.897500 0.362294 0.001250
2.902500 0.361858 0.001568
2.907500 0.346308 0.002184
2.912500 0.336527 0.004552
2.917500 0.333694 0.001784
2.922500 0.327509 0.004151
2.927500 0.316884 0.000488
2.932500 0.305734 0.003149
2.937500 0.302626 0.004024
2.942500 0.305358 0.003171
2.947500 0.306564 0.002650
2.952500 0.301506 0.005119
2.957500 0.298416 0.001543
2.962500 0.300070 0.001368
2.967500 0.302774 0.001960
2.972500 0.292510 0.002067
2.977500 0.285450 0.004090
2.982500 0.284927 0.004375
2.987500 0.284768 0.004588
2.992500 0.285334 0.004331
2.997500 0.282589 0.005010
3.002500 0.279189 0.005002
3.007500 0.272409 0.005928
3.012500 0.273389 0.001947
3.017500 0.272064 0.001157
3.022500 0.267356 0.009270
3.027500 0.275788 0.003289
3.032500 0.276167 0.008536
3.037500 0.275918 0.003736
3.042500 0.282931 0.002320
3.047500 0.288852 0.003433
3.052500 0.288297 0.000530
3.057500 0.288173 0.002994
3.062500 0.284294 0.002757
3.067500 0.294459 0.002436
3.072500 0.302805 0.001844
3.077500 0.305439 0.003201
3.082500 0.309428 0.005386
3.087500 0.309455 0.009041
3.092500 0.333899 0.002329
3.097500 0.336545 0.008974
3.102500 0.339539 0.011604
3.107500 0.336550 0.014906
3.112500 0.322868 0.019069
3.117500 0.321764 0.006921
3.122500 0.312818 0.003025
3.127500 0.313358 0.003592
3.132500 0.310341 0.002090
3.137500 0.308840 0.001391
3.142500 0.301192 0.001928
3.147500 0.307193 0.002645
3.152500 0.308672 0.002889
3.157500 0.296099 0.001833
3.162500 0.294259 0.003363
3.167500 0.288709 0.001636
3.172500 0.293690 0.003324
3.177500 0.297891 0.002373
3.182500 0.307556 0.005478
3.187500 0.307537 0.006958
3.192500 0.305349 0.005069
3.197500 0.301890 0.005627
3.202500 0.301102 0.005056
3.207500 0.308718 0.010333
3.212500 0.329284 0.002374
3.217500 0.327284 0.008272
3.222500 0.323769 0.010260
3.227500 0.320762 0.005278
3.232500 0.320065 0.002964
3.237500 0.323695 0.004144
3.242500 0.329610 0.001506
3.247500 0.345280 0.003696
3.252500 0.361602 0.007817
3.257500 0.372969 0.002113
3.262500 0.368361 0.000989
3.267500 0.372279 0.007128
3.272500 0.375734 0.007860
3.277500 0.387794 0.006164
3.282500 0.382009 0.001365
3.287500 0.392907 0.000616
3.292500 0.421394 0.004386
3.297500 0.425418 0.000978
3.302500 0.431764 0.001907
3.307500 0.434134 0.004551
3.312500 0.441367 0.004887
3.317500 0.457159 0.004893
3.322500 0.461320 0.012486
3.327500 0.479826 0.014882
3.332500 0.487904 0.009700
3.337500 0.497618 0.006171
3.342500 0.516468 0.002109
3.347500 0.507295 0.009569
3.352500 0.516863 0.007439
3.357500 0.518640 0.009117
3.362500 0.528078 0.002305
3.367500 0.536888 0.004620
3.372500 0.546422 0.010080
3.377500 0.544848 0.009413
3.382500 0.554457 0.006185
3.387500 0.565938 0.006065
3.392500 0.572146 0.004704
3.397500 0.596139 0.007261
3.402500 0.596414 0.010559
3.407500 0.605591 0.009058
3.412500 0.612201 0.013794
3.417500 0.613896 0.011490
3.422500 0.604068 0.002802
3.427500 0.604228 0.005191
3.432500 0.629492 0.008390
3.437500 0.634222 0.006829
3.442500 0.639170 0.008295
3.447500 0.646975 0.012306
3.452500 0.668924 0.011122
3.457500 0.683488 0.015079
3.462500 0.689706 0.005964
3.467500 0.673132 0.012636
3.472500 0.674724 0.010880
3.477500 0.687724 0.007941
3.482500 0.703104 0.007549
3.487500 0.685879 0.001358
3.492500 0.715039 0.009587
3.497500 0.712704 0.005741
3.502500 0.726884 0.008714
3.507500 0.724975 0.004718
3.512500 0.738368 0.005730
3.517500 0.747535 0.004460
3.522500 0.750312 0.010642
3.527500 0.749068 0.006685
3.532500 0.758586 0.005859
3.537500 0.745835 0.020718
3.542500 0.766539 0.020520
3.547500 0.782060 0.007461
3.552500 0.770536 0.014543
3.557500 0.756804 0.008761
3.562500 0.772802 0.008192
3.567500 0.798446 0.001790
3.572500 0.801952 0.009007
3.577500 0.784179 0.012835
3.582500 0.790690 0.003711
3.587500 0.793577 0.009170
3.592500 0.807453 0.010560
3.597500 0.802947 0.008255
3.602500 0.807353 0.011900
3.607500 0.823860 0.010540
3.612500 0.810404 0.004915
3.617500 0.810163 0.002908
3.622500 0.802600 0.008000
3.627500 0.805552 0.003611
3.632500 0.800234 0.008892
3.637500 0.798545 0.007410
3.642500 0.791343 0.006999
3.647500 0.797978 0.012708
3.652500 0.800761 0.013333
3.657500 0.816345 0.002141
3.662500 0.825665 0.005300
3.667500 0.808171 0.017018
3.672500 0.794580 0.010122
3.677500 0.804759 0.010685
3.682500 0.806767 0.011100
3.687500 0.815820 0.006072
3.692500 0.816377 0.002908
3.697500 0.815518 0.011297
3.702500 0.803523 0.002898
3.707500 0.786251 0.015282
3.712500 0.797329 0.003466
3.717500 0.804102 0.005945
3.722500 0.771755 0.008051
3.727500 0.772495 0.008591
3.732500 0.783151 0.012248
3.737500 0.791821 0.004915
3.742500 0.785775 0.005418
3.747500 0.760774 0.010418
3.752500 0.767598 0.009644
3.757500 0.780411 0.009022
3.762500 0.763468 0.009669
3.767500 0.760370 0.009782
3.772500 0.751643 0.010878
3.777500 0.744015 0.010358
3.782500 0.756479 0.014070
3.787500 0.745237 0.008183
3.792500 0.753834 0.003377
3.797500 0.757930 0.002428
3.802500 0.753380 0.007637
3.807500 0.712700 0.019735
3.812500 0.738929 0.014784
3.817500 0.744720 0.011852
3.822500 0.733618 0.003178
3.827500 0.726615 0.009412
3.832500 0.754640 0.015165
3.837500 0.766936 0.003952
3.842500 0.742300 0.012628
3.847500 0.728080 0.005265
3.852500 0.725381 0.005326
3.857500 0.719913 0.003485
3.862500 0.718453 0.004802
3.867500 0.703757 0.009996
3.872500 0.691378 0.009230
3.877500 0.700611 0.011122
3.882500 0.704374 0.006466
3.887500 0.681803 0.008479
3.892500 0.687482 0.009607
3.897500 0.706730 0.005084
3.902500 0.704047 0.005940
3.907500 0.684057 0.006378
3.912500 0.679054 0.002236
3.917500 0.679821 0.014521
3.922500 0.685229 0.013445
3.927500 0.710416 0.005900
3.932500 0.705762 0.014268
3.937500 0.705777 0.012883
3.942500 0.685334 0.018505
3.947500 0.671257 0.007204
3.952500 0.662249 0.004980
3.957500 0.647027 0.005431
3.962500 0.657075 0.011029
3.967500 0.683042 0.002091
3.972500 0.683992 0.016774
3.977500 0.647467 0.009884
3.982500 0.663527 0.018082
3.987500 0.665276 0.016112
3.992500 0.669104 0.010409
3.997500 0.656979 0.005168
4.002500 0.638219 0.011850
4.007500 0.623976 0.009654
4.012500 0.603818 0.013927
4.017500 0.633081 0.010235
4.022500 0.635826 0.002842
4.027500 0.633123 0.006021
4.032500 0.631389 0.008901
4.037500 0.630297 0.002973
4.042500 0.604601 0.010643
4.047500 0.590859 0.009052
4.052500 0.620941 0.008187
4.057500 0.659916 0.008879
4.062500 0.653884 0.005738
4.067500 0.646724 0.011596
4.072500 0.633749 0.016362
4.077500 0.613932 0.003822
4.082500 0.616163 0.011136
4.087500 0.601049 0.013894
4.092500 0.614025 0.013062
4.097500 0.607111 0.002799
4.102500 0.609131 0.004844
4.107500 0.617919 0.026343
4.112500 0.607243 0.010891
4.117500 0.623245 0.004185
4.122500 0.618738 0.020361
4.127500 0.608377 0.004273
4.132500 0.597773 0.004028
4.137500 0.562680 0.015627
4.142500 0.567814 0.012584
4.147500 0.586883 0.012039
4.152500 0.583443 0.012264
4.157500 0.578752 0.004807
4.162500 0.555387 0.017749
4.167500 0.551177 0.006933
4.172500 0.581735 0.009425
4.177500 0.564100 0.010901
4.182500 0.560987 0.002645
4.187500 0.557326 0.007784
4.192500 0.537943 0.013110
4.197500 0.531912 0.014259
4.202500 0.540392 0.013731
4.207500 0.531909 0.003625
4.212500 0.523172 0.002942
4.217500 0.515443 0.002966
4.222500 0.493871 0.004130
4.227500 0.469977 0.012065
4.232500 0.454959 0.006047
4.237500 0.460528 0.009695
4.242500 0.435001 0.006835
4.247500 0.395229 0.008202
4.252500 0.386873 0.008389
4.257500 0.376224 0.012736
4.262500 0.357242 0.006603
4.267500 0.355924 0.010183
4.272500 0.346716 0.011761
4.277500 0.320408 0.013032
4.282500 0.364128 0.007472
4.287500 0.403162 0.014463
4.292500 0.424225 0.010553
4.297500 0.470320 0.020339
4.302500 0.507478 0.011865
4.307500 0.542168 0.015057
4.312500 0.544572 0.024248
4.317500 0.526719 0.020051
4.322500 0.519222 0.005379
4.327500 0.488104 0.012982
4.332500 0.485529 0.019722
4.337500 0.496177 0.022893
4.342500 0.498668 0.021705
4.347500 0.502050 0.022523
4.352500 0.488536 0.012075
4.357500 0.481569 0.011984
4.362500 0.520845 0.013610
4.367500 0.542279 0.005822
4.372500 0.516983 0.015547
4.377500 0.524151 0.008525
4.382500 0.512539 0.016991
4.387500 0.505985 0.014508
4.392500 0.479340 0.013069
4.397500 0.500678 0.006656
4.402500 0.505888 0.004344
4.407500 0.507735 0.007836
4.412500 0.485880 0.002297
4.417500 0.492372 0.007884
4.422500 0.472936 0.007202
4.427500 0.489569 0.003955
4.432500 0.502441 0.010586
4.437500 0.483739 0.012270
4.442500 0.472602 0.013598
4.447500 0.479806 0.013188
4.452500 0.521610 0.011831
4.457500 0.525347 0.011103
4.462500 0.484350 0.032292
4.467500 0.463808 0.015459
4.472500 0.481930 0.028366
4.477500 0.484332 0.035341
4.482500 0.484492 0.006369
4.487500 0.490420 0.016693
4.492500 0.494413 0.004042
4.497500 0.508044 0.022869
4.502500 0.492968 0.004229
4.507500 0.491385 0.005210
4.512500 0.515377 0.017425
4.517500 0.490783 0.020197
4.522500 0.479215 0.009483
4.527500 0.517668 0.026936
4.532500 0.528862 0.020030
4.537500 0.529073 0.008531
4.542500 0.509181 0.013298
4.547500 0.485648 0.018198
4.552500 0.491580 0.028290
4.557500 0.530180 0.017679
4.562500 0.539043 0.012112
4.567500 0.525918 0.013279
4.572500 0.517030 0.009312
4.577500 0.495170 0.019212
4.582500 0.488931 0.016754
4.587500 0.512667 0.005662
4.592500 0.544941 0.009757
4.597500 0.546185 0.002777
4.602500 0.571537 0.020325
4.607500 0.555367 0.018465
4.612500 0.552863 0.021367
4.617500 0.570440 0.021692
4.622500 0.582295 0.015737
4.627500 0.588391 0.009822
4.632500 0.607188 0.028374
4.637500 0.603040 0.013377
4.642500 0.563116 0.016432
4.647500 0.535304 0.014473
4.652500 0.522880 0.032126
4.657500 0.515886 0.032301
4.662500 0.564102 0.036986
4.667500 0.585558 0.023631
4.672500 0.545691 0.017256
4.677500 0.536946 0.011386
4.682500 0.588560 0.033253
4.687500 0.581356 0.015224
4.692500 0.584093 0.013000
4.697500 0.587003 0.015701
4.702500 0.608065 0.017830
4.707500 0.616293 0.017497
4.712500 0.600878 0.011776
4.717500 0.572015 0.013035
4.722500 0.553415 0.011321
4.727500 0.604931 0.008958
4.732500 0.623998 0.013175
4.737500 0.624131 0.010235
4.742500 0.619252 0.010664
4.747500 0.587180 0.004935
4.752500 0.642321 0.016391
4.757500 0.623856 0.016126
4.762500 0.624565 0.018107
4.767500 0.646165 0.015594
4.772500 0.638192 0.016046
4.777500 0.656678 0.009623
4.782500 0.622238 0.024910
4.787500 0.644824 0.017100
4.792500 0.631700 0.024975
4.797500 0.638117 0.033525
4.802500 0.663769 0.033536
4.807500 0.663670 0.025330
4.812500 0.673923 0.032357
4.817500 0.653176 0.009325
4.822500 0.674592 0.010201
4.827500 0.714475 0.014602
4.832500 0.702914 0.020603
4.837500 0.616711 0.027077
4.842500 0.575939 0.005957
4.847500 0.606384 0.010347
4.852500 0.625447 0.015283
4.857500 0.651057 0.006324
4.862500 0.648129 0.010253
4.867500 0.636816 0.028306
4.872500 0.611847 0.025776
4.877500 0.618020 0.019669
4.882500 0.628385 0.013537
4.887500 0.661948 0.040449
4.892500 0.625362 0.024872
4.897500 0.608048 0.022510
4.902500 0.627562 0.007745
4.907500 0.668397 0.022691
4.912500 0.607781 0.006824
4.917500 0.621787 0.008387
4.922500 0.668100 0.036067
4.927500 0.654806 0.023915
4.932500 0.603363 0.036255
4.937500 0.666721 0.010269
4.942500 0.663710 0.021766
4.947500 0.635616 0.021652
4.952500 0.658833 0.005151
4.957500 0.694339 0.008553
4.962500 0.720747 0.015686
4.967500 0.718610 0.035365
4.972500 0.655389 0.024572
4.977500 0.652374 0.018968
4.982500 0.649086 0.055526
4.987500 0.635575 0.025238
4.992500 0.690448 0.013375
4.997500 0.703919 0.016129
5.002500 0.672536 0.004663
5.007500 0.717985 0.025145
5.012500 0.741582 0.024925
5.017500 0.742534 0.002997
5.022500 0.671223 0.029699
5.027500 0.642186 0.010549
5.032500 0.654306 0.010476
5.037500 0.637053 0.024880
5.042500 0.659817 0.033891
5.047500 0.716874 0.025274
5.052500 0.705228 0.016538
5.057500 0.680406 0.007888
5.062500 0.711781 0.020499
5.067500 0.706005 0.047181
5.072500 0.645174 0.055992
5.077500 0.598016 0.020719
5.082500 0.643533 0.029429
5.087500 0.659442 0.026651
5.092500 0.654575 0.044292
5.097500 0.679122 0.022113
