# DATE = 2025-03-12
# PIPE_VER = 1.17.1
# PMAP = jwst_1322.pmap
# STANDARD_STAR = SNAP-2
# 
# Wavelength (microns), arbitrary reflectance, uncertainty
0.702500 0.532980 0.003736
0.707500 0.542269 0.011883
0.712500 0.556486 0.021366
0.717500 0.558579 0.010322
0.722500 0.550218 0.007121
0.727500 0.564150 0.004905
0.732500 0.559621 0.013084
0.737500 0.555828 0.008622
0.742500 0.554963 0.005353
0.747500 0.554830 0.005277
0.752500 0.568173 0.008658
0.757500 0.572974 0.008391
0.762500 0.575413 0.003489
0.767500 0.585963 0.006158
0.772500 0.588891 0.005051
0.777500 0.594147 0.004726
0.782500 0.589625 0.009510
0.787500 0.597103 0.010229
0.792500 0.584276 0.010008
0.797500 0.596991 0.007647
0.802500 0.593470 0.004968
0.807500 0.593468 0.004322
0.812500 0.599568 0.003541
0.817500 0.606184 0.006011
0.822500 0.607781 0.005344
0.827500 0.613892 0.009402
0.832500 0.619709 0.005495
0.837500 0.625832 0.003787
0.842500 0.631823 0.003736
0.847500 0.632414 0.006228
0.852500 0.632782 0.004574
0.857500 0.640338 0.004569
0.862500 0.648386 0.003992
0.867500 0.646548 0.003191
0.872500 0.643885 0.004320
0.877500 0.647506 0.004054
0.882500 0.647207 0.004761
0.887500 0.651916 0.008683
0.892500 0.664287 0.005963
0.897500 0.667264 0.007354
0.902500 0.662964 0.007781
0.907500 0.662864 0.007935
0.912500 0.672517 0.011700
0.917500 0.670441 0.011589
0.922500 0.672310 0.006361
0.927500 0.671941 0.005200
0.932500 0.680570 0.006246
0.937500 0.688885 0.005578
0.942500 0.684359 0.008455
0.947500 0.681815 0.009969
0.952500 0.684038 0.010893
0.957500 0.688734 0.008504
0.962500 0.684784 0.004988
0.967500 0.695356 0.010072
0.972500 0.707582 0.009502
0.977500 0.714125 0.003646
0.982500 0.708138 0.003477
0.987500 0.711962 0.004350
0.992500 0.713935 0.005636
0.997500 0.714213 0.005350
1.002500 0.722060 0.004479
1.007500 0.724974 0.003997
1.012500 0.722058 0.003803
1.017500 0.719848 0.008310
1.022500 0.729746 0.010140
1.027500 0.730915 0.009115
1.032500 0.728656 0.007428
1.037500 0.733037 0.006900
1.042500 0.730480 0.005758
1.047500 0.731327 0.006489
1.052500 0.735358 0.010060
1.057500 0.735435 0.007241
1.062500 0.745586 0.003994
1.067500 0.755148 0.002991
1.072500 0.756111 0.005644
1.077500 0.751368 0.009263
1.082500 0.754712 0.006133
1.087500 0.752072 0.004699
1.092500 0.760138 0.005793
1.097500 0.763702 0.010309
1.102500 0.761482 0.009628
1.107500 0.763864 0.007708
1.112500 0.770228 0.006553
1.117500 0.776009 0.006362
1.122500 0.778519 0.004882
1.127500 0.781869 0.005920
1.132500 0.782457 0.007753
1.137500 0.780392 0.008940
1.142500 0.787738 0.005325
1.147500 0.787386 0.008221
1.152500 0.791099 0.008988
1.157500 0.788401 0.006339
1.162500 0.791631 0.006073
1.167500 0.798131 0.008921
1.172500 0.799497 0.008882
1.177500 0.803658 0.006362
1.182500 0.809799 0.006479
1.187500 0.801300 0.007271
1.192500 0.801131 0.007322
1.197500 0.803976 0.007463
1.202500 0.807731 0.008193
1.207500 0.815743 0.011817
1.212500 0.821144 0.009358
1.217500 0.821856 0.009588
1.222500 0.819994 0.013101
1.227500 0.819731 0.009171
1.232500 0.832167 0.008111
1.237500 0.833445 0.005516
1.242500 0.827821 0.010771
1.247500 0.823387 0.009832
1.252500 0.825522 0.012377
1.257500 0.825628 0.007229
1.262500 0.830529 0.012852
1.267500 0.829132 0.011153
1.272500 0.819426 0.010117
1.277500 0.827543 0.015159
1.282500 0.816800 0.005538
1.287500 0.824654 0.007491
1.292500 0.840626 0.008417
1.297500 0.850983 0.009467
1.302500 0.857865 0.007324
1.307500 0.849362 0.012370
1.312500 0.849358 0.005669
1.317500 0.845216 0.005840
1.322500 0.853203 0.007753
1.327500 0.855496 0.005213
1.332500 0.855736 0.011823
1.337500 0.862570 0.010490
1.342500 0.854152 0.010260
1.347500 0.859245 0.007655
1.352500 0.859764 0.008505
1.357500 0.865962 0.011156
1.362500 0.869886 0.010225
1.367500 0.873430 0.011232
1.372500 0.881994 0.011383
1.377500 0.874974 0.010592
1.382500 0.877887 0.009109
1.387500 0.882564 0.007241
1.392500 0.879547 0.007320
1.397500 0.881830 0.008810
1.402500 0.879616 0.010657
1.407500 0.885036 0.007798
1.412500 0.888973 0.006973
1.417500 0.890732 0.006649
1.422500 0.891330 0.008527
1.427500 0.890018 0.010816
1.432500 0.889079 0.008517
1.437500 0.890647 0.009754
1.442500 0.884827 0.009405
1.447500 0.881240 0.008352
1.452500 0.881998 0.007047
1.457500 0.884707 0.008059
1.462500 0.880064 0.010434
1.467500 0.879757 0.014201
1.472500 0.878568 0.013746
1.477500 0.874855 0.018612
1.482500 0.865286 0.022403
1.487500 0.863905 0.021775
1.492500 0.854703 0.018879
1.497500 0.858209 0.016965
1.502500 0.864195 0.012263
1.507500 0.856474 0.005846
1.512500 0.865216 0.013949
1.517500 0.857762 0.008757
1.522500 0.855395 0.008103
1.527500 0.866317 0.013648
1.532500 0.862342 0.010018
1.537500 0.863044 0.012152
1.542500 0.869464 0.013618
1.547500 0.867672 0.010545
1.552500 0.879107 0.009437
1.557500 0.877390 0.013721
1.562500 0.870324 0.015367
1.567500 0.877787 0.019735
1.572500 0.875998 0.014535
1.577500 0.880810 0.013333
1.582500 0.892646 0.015063
1.587500 0.893431 0.012092
1.592500 0.895416 0.008847
1.597500 0.901517 0.009996
1.602500 0.900608 0.012210
1.607500 0.907198 0.015907
1.612500 0.913789 0.017185
1.617500 0.909391 0.018104
1.622500 0.920600 0.013614
1.627500 0.922180 0.011727
1.632500 0.924989 0.012499
1.637500 0.923851 0.014388
1.642500 0.920274 0.013238
1.647500 0.913921 0.010387
1.652500 0.913594 0.005155
1.657500 0.917750 0.004438
1.662500 0.922438 0.012945
1.667500 0.937241 0.009311
1.672500 0.938143 0.008507
1.677500 0.939309 0.008562
1.682500 0.936408 0.008400
1.687500 0.931951 0.003992
1.692500 0.934344 0.005907
1.697500 0.933620 0.010564
1.702500 0.948806 0.009639
1.707500 0.959956 0.014645
1.712500 0.962544 0.015756
1.717500 0.961003 0.019071
1.722500 0.956628 0.017906
1.727500 0.958993 0.012556
1.732500 0.963806 0.012905
1.737500 0.961262 0.014601
1.742500 0.957406 0.016038
1.747500 0.954326 0.010220
1.752500 0.956670 0.009753
1.757500 0.949586 0.015689
1.762500 0.949501 0.014055
1.767500 0.955381 0.012641
1.772500 0.960847 0.012803
1.777500 0.962034 0.015259
1.782500 0.962706 0.013457
1.787500 0.970691 0.006564
1.792500 0.975039 0.006585
1.797500 0.973767 0.009610
1.802500 0.972857 0.009889
1.807500 0.978705 0.008269
1.812500 0.967812 0.007562
1.817500 0.958986 0.015866
1.822500 0.962686 0.018147
1.827500 0.964627 0.018259
1.832500 0.968472 0.018571
1.837500 0.977266 0.019278
1.842500 0.978807 0.010248
1.847500 0.979061 0.007465
1.852500 0.980617 0.013718
1.857500 0.982929 0.017261
1.862500 0.994064 0.016149
1.867500 0.996935 0.015952
1.872500 0.994846 0.021980
1.877500 0.990523 0.017442
1.882500 0.985753 0.007595
1.887500 0.996071 0.006961
1.892500 0.992684 0.010707
1.897500 0.988219 0.012119
1.902500 0.989420 0.009534
1.907500 0.989148 0.010437
1.912500 0.984118 0.013846
1.917500 0.988974 0.016201
1.922500 0.990371 0.022480
1.927500 0.985346 0.022851
1.932500 0.969062 0.028941
1.937500 0.958404 0.012076
1.942500 0.959341 0.015127
1.947500 0.951142 0.020747
1.952500 0.947072 0.018297
1.957500 0.936826 0.012240
1.962500 0.939880 0.010897
1.967500 0.934934 0.011833
1.972500 0.930796 0.012024
1.977500 0.918716 0.005619
1.982500 0.910400 0.011002
1.987500 0.917974 0.024632
1.992500 0.908933 0.009704
1.997500 0.898321 0.007638
2.002500 0.898882 0.005740
2.007500 0.894205 0.005884
2.012500 0.900181 0.007095
2.017500 0.903842 0.007507
2.022500 0.898415 0.014905
2.027500 0.909865 0.017372
2.032500 0.913501 0.021261
2.037500 0.909309 0.022905
2.042500 0.911281 0.023301
2.047500 0.903251 0.015968
2.052500 0.911736 0.018652
2.057500 0.929141 0.012420
2.062500 0.929690 0.012272
2.067500 0.937435 0.013384
2.072500 0.934409 0.016236
2.077500 0.926346 0.022288
2.082500 0.937497 0.015134
2.087500 0.931402 0.011117
2.092500 0.932780 0.007837
2.097500 0.932317 0.005113
2.102500 0.946973 0.010814
2.107500 0.957055 0.010852
2.112500 0.969543 0.007876
2.117500 0.976163 0.009443
2.122500 0.981675 0.011263
2.127500 0.985874 0.016226
2.132500 1.003523 0.013680
2.137500 0.985694 0.024805
2.142500 0.999609 0.019837
2.147500 1.002127 0.017159
2.152500 1.004766 0.009669
2.157500 1.011282 0.007447
2.162500 1.021111 0.009191
2.167500 1.029655 0.003394
2.172500 1.020661 0.021560
2.177500 1.014757 0.014044
2.182500 1.019570 0.007325
2.187500 1.031776 0.007732
2.192500 1.037027 0.013376
2.197500 1.054820 0.012400
2.202500 1.063984 0.010991
2.207500 1.067606 0.008671
2.212500 1.064435 0.010986
2.217500 1.051341 0.013353
2.222500 1.043126 0.009376
2.227500 1.038565 0.009604
2.232500 1.049148 0.004610
2.237500 1.052595 0.004089
2.242500 1.052567 0.008105
2.247500 1.050256 0.007235
2.252500 1.050884 0.009139
2.257500 1.036924 0.012996
2.262500 1.026388 0.010894
2.267500 1.043875 0.006652
2.272500 1.042253 0.008436
2.277500 1.055736 0.010297
2.282500 1.054989 0.019821
2.287500 1.045523 0.016124
2.292500 1.036505 0.006029
2.297500 1.036841 0.010574
2.302500 1.034434 0.012373
2.307500 1.034714 0.013177
2.312500 1.042685 0.015554
2.317500 1.045955 0.015167
2.322500 1.045592 0.012542
2.327500 1.046993 0.012754
2.332500 1.067391 0.012513
2.337500 1.063245 0.009956
2.342500 1.054311 0.016714
2.347500 1.057553 0.004739
2.352500 1.034150 0.006762
2.357500 1.022066 0.009409
2.362500 1.021229 0.011740
2.367500 1.034085 0.007335
2.372500 1.040676 0.004100
2.377500 1.044308 0.002915
2.382500 1.042708 0.002719
2.387500 1.044996 0.009738
2.392500 1.028562 0.013380
2.397500 1.033122 0.004842
2.402500 1.007665 0.021868
2.407500 1.007086 0.017095
2.412500 1.019265 0.014026
2.417500 1.029010 0.014127
2.422500 1.028995 0.009992
2.427500 1.031682 0.012029
2.432500 1.012614 0.008917
2.437500 1.010813 0.011642
2.442500 1.010549 0.014239
2.447500 1.018134 0.006087
2.452500 1.005988 0.014080
2.457500 1.011729 0.014739
2.462500 1.019948 0.011716
2.467500 1.028470 0.011374
2.472500 1.034302 0.007903
2.477500 1.035606 0.008520
2.482500 1.012581 0.002419
2.487500 1.009005 0.002552
2.492500 1.007804 0.002406
2.497500 1.005715 0.003507
2.502500 1.003937 0.007394
2.507500 1.008647 0.007187
2.512500 1.013957 0.004480
2.517500 1.017317 0.003849
2.522500 0.993221 0.013941
2.527500 0.997184 0.008308
2.532500 0.990424 0.007243
2.537500 1.007238 0.002163
2.542500 0.999587 0.005301
2.547500 0.993755 0.012374
2.552500 0.997291 0.004204
2.557500 0.990342 0.005197
2.562500 0.987238 0.009578
2.567500 0.974596 0.021748
2.572500 0.983276 0.019976
2.577500 0.978564 0.023006
2.582500 0.983438 0.014760
2.587500 1.000000 0.011472
2.592500 1.002481 0.011045
2.597500 1.013287 0.009361
2.602500 1.002064 0.002180
2.607500 1.016145 0.007708
2.612500 1.008406 0.020536
2.617500 0.994534 0.011602
2.622500 0.982979 0.003028
2.627500 0.974279 0.004666
2.632500 0.994242 0.001889
2.637500 0.992354 0.012663
2.642500 0.981029 0.021517
2.647500 0.968155 0.018054
2.652500 0.968999 0.020557
2.657500 0.971004 0.022464
2.662500 0.966142 0.014978
2.667500 0.952477 0.013862
2.672500 0.954462 0.013421
2.677500 0.953120 0.017522
2.682500 0.956173 0.019042
2.687500 0.951700 0.008710
2.692500 0.930014 0.012504
2.697500 0.914111 0.005595
2.702500 0.924707 0.008866
2.707500 0.929448 0.010185
2.712500 0.916538 0.009239
2.717500 0.896932 0.017140
2.722500 0.874830 0.006782
2.727500 0.861560 0.013211
2.732500 0.851773 0.010642
2.737500 0.840547 0.003917
2.742500 0.824997 0.005936
2.747500 0.817284 0.004958
2.752500 0.798541 0.012203
2.757500 0.793328 0.014701
2.762500 0.774479 0.020015
2.767500 0.766940 0.017812
2.772500 0.740472 0.008338
2.777500 0.715110 0.011377
2.782500 0.706604 0.007852
2.787500 0.699376 0.011096
2.792500 0.687059 0.008490
2.797500 0.671388 0.006557
2.802500 0.649349 0.003428
2.807500 0.614612 0.005232
2.812500 0.601089 0.005973
2.817500 0.581204 0.013727
2.822500 0.560748 0.005667
2.827500 0.548843 0.006057
2.832500 0.551529 0.012364
2.837500 0.554918 0.014456
2.842500 0.541621 0.009142
2.847500 0.521710 0.009468
2.852500 0.505159 0.007045
2.857500 0.494643 0.005406
2.862500 0.473380 0.013187
2.867500 0.470919 0.018973
2.872500 0.465986 0.013272
2.877500 0.468636 0.007454
2.882500 0.464761 0.005033
2.887500 0.452811 0.001707
2.892500 0.450821 0.006783
2.897500 0.444917 0.009269
2.902500 0.441527 0.019112
2.907500 0.429291 0.020693
2.912500 0.429850 0.021211
2.917500 0.423935 0.016642
2.922500 0.422389 0.007561
2.927500 0.398689 0.002767
2.932500 0.400876 0.003057
2.937500 0.393486 0.001407
2.942500 0.388280 0.006616
2.947500 0.388418 0.005397
2.952500 0.384325 0.003679
2.957500 0.375655 0.003180
2.962500 0.371031 0.011211
2.967500 0.373921 0.007252
2.972500 0.379997 0.013357
2.977500 0.368704 0.009623
2.982500 0.351800 0.004483
2.987500 0.344400 0.005448
2.992500 0.337054 0.003278
2.997500 0.344215 0.011898
3.002500 0.346081 0.008048
3.007500 0.350852 0.003579
3.012500 0.366577 0.005555
3.017500 0.364622 0.005888
3.022500 0.357598 0.006751
3.027500 0.356040 0.002895
3.032500 0.359641 0.009342
3.037500 0.371190 0.008170
3.042500 0.380371 0.002820
3.047500 0.378200 0.010091
3.052500 0.391046 0.012442
3.057500 0.385522 0.009576
3.062500 0.390896 0.010673
3.067500 0.390148 0.021006
3.072500 0.416826 0.020803
3.077500 0.442273 0.015422
3.082500 0.469748 0.008505
3.087500 0.472375 0.019627
3.092500 0.461691 0.034032
3.097500 0.458676 0.033433
3.102500 0.484751 0.017148
3.107500 0.471163 0.014551
3.112500 0.467182 0.015789
3.117500 0.458244 0.015662
3.122500 0.464539 0.017645
3.127500 0.437864 0.019545
3.132500 0.427868 0.022306
3.137500 0.412493 0.010357
3.142500 0.419158 0.011313
3.147500 0.396804 0.010918
3.152500 0.386715 0.009257
3.157500 0.387373 0.015805
3.162500 0.377784 0.010973
3.167500 0.356249 0.009492
3.172500 0.350222 0.006417
3.177500 0.365082 0.022519
3.182500 0.357857 0.027961
3.187500 0.366935 0.037833
3.192500 0.364939 0.029659
3.197500 0.400981 0.018008
3.202500 0.410581 0.011560
3.207500 0.415981 0.007204
3.212500 0.428373 0.003152
3.217500 0.423879 0.003933
3.222500 0.426731 0.006514
3.227500 0.438124 0.014614
3.232500 0.436102 0.010000
3.237500 0.439671 0.008688
3.242500 0.425245 0.008105
3.247500 0.421393 0.001855
3.252500 0.418774 0.007290
3.257500 0.427529 0.010693
3.262500 0.454522 0.010294
3.267500 0.461445 0.007924
3.272500 0.484480 0.015765
3.277500 0.493128 0.028274
3.282500 0.503316 0.024233
3.287500 0.506737 0.012950
3.292500 0.519116 0.004560
3.297500 0.565884 0.006227
3.302500 0.605361 0.019019
3.307500 0.606995 0.018710
3.312500 0.609716 0.013408
3.317500 0.616826 0.011536
3.322500 0.637846 0.013945
3.327500 0.652460 0.018617
3.332500 0.699570 0.009329
3.337500 0.732743 0.008406
3.342500 0.726586 0.010362
3.347500 0.737419 0.013531
3.352500 0.741855 0.010004
3.357500 0.753159 0.007010
3.362500 0.762760 0.008285
3.367500 0.773026 0.009663
3.372500 0.816977 0.006015
3.377500 0.823177 0.003884
3.382500 0.835372 0.003680
3.387500 0.848937 0.012090
3.392500 0.865057 0.008523
3.397500 0.898146 0.008668
3.402500 0.911407 0.006233
3.407500 0.936105 0.012235
3.412500 0.970308 0.004030
3.417500 0.950747 0.016358
3.422500 0.922825 0.038675
3.427500 0.936833 0.024068
3.432500 0.954025 0.008173
3.437500 0.963553 0.009182
3.442500 0.980611 0.007930
3.447500 1.004778 0.003733
3.452500 1.026438 0.008284
3.457500 1.009554 0.008422
3.462500 1.015881 0.006115
3.467500 1.023932 0.003797
3.472500 1.034411 0.015262
3.477500 1.028289 0.019645
3.482500 1.011233 0.015581
3.487500 1.041834 0.030825
3.492500 1.036132 0.025572
3.497500 1.037910 0.007110
3.502500 1.001570 0.002759
3.507500 1.028801 0.006545
3.512500 1.058302 0.009284
3.517500 1.055164 0.015805
3.522500 1.038659 0.008092
3.527500 1.063118 0.011952
3.532500 1.068739 0.002033
3.537500 1.086769 0.004759
3.542500 1.093861 0.016670
3.547500 1.118495 0.014236
3.552500 1.111126 0.006076
3.557500 1.090493 0.005918
3.562500 1.124086 0.016782
3.567500 1.148913 0.017558
3.572500 1.139517 0.015168
3.577500 1.118577 0.003352
3.582500 1.117149 0.008920
3.587500 1.138758 0.009386
3.592500 1.142728 0.011427
3.597500 1.128871 0.018821
3.602500 1.118829 0.025422
3.607500 1.126604 0.024161
3.612500 1.112405 0.036014
3.617500 1.122175 0.009471
3.622500 1.090674 0.021999
3.627500 1.079261 0.008841
3.632500 1.067523 0.004504
3.637500 1.061006 0.011007
3.642500 1.073020 0.020529
3.647500 1.101530 0.031170
3.652500 1.103587 0.027836
3.657500 1.101475 0.045578
3.662500 1.098400 0.044757
3.667500 1.132268 0.046519
3.672500 1.126788 0.036656
3.677500 1.124338 0.013507
3.682500 1.075055 0.038107
3.687500 1.057186 0.017613
3.692500 1.098176 0.013922
3.697500 1.096413 0.014547
3.702500 1.107115 0.011172
3.707500 1.083485 0.017018
3.712500 1.086296 0.020860
3.717500 1.081742 0.020931
3.722500 1.053914 0.014882
3.727500 1.002342 0.004106
3.732500 1.000331 0.005321
3.737500 0.997631 0.019886
3.742500 1.017985 0.005755
3.747500 1.021017 0.011746
3.752500 1.016379 0.010515
3.757500 1.015716 0.012400
3.762500 1.051068 0.011557
3.767500 1.023742 0.021601
3.772500 0.982042 0.016758
3.777500 0.983975 0.017457
3.782500 0.995332 0.031256
3.787500 0.993364 0.039606
3.792500 0.972541 0.024531
3.797500 0.963656 0.009140
3.802500 0.961023 0.018963
3.807500 0.942196 0.028840
3.812500 0.944638 0.002014
3.817500 0.978840 0.006267
3.822500 0.945733 0.014026
3.827500 0.930220 0.018622
3.832500 0.923832 0.018745
3.837500 0.915129 0.020552
3.842500 0.927315 0.003545
3.847500 0.930437 0.011080
3.852500 0.907766 0.018939
3.857500 0.895004 0.020740
3.862500 0.922060 0.018513
3.867500 0.895611 0.033903
3.872500 0.888362 0.023436
3.877500 0.854917 0.027253
3.882500 0.880124 0.037539
3.887500 0.923951 0.013531
3.892500 0.878741 0.013414
3.897500 0.856842 0.010712
3.902500 0.826766 0.038662
3.907500 0.760366 0.014614
3.912500 0.801002 0.004742
3.917500 0.824844 0.006799
3.922500 0.846109 0.016831
3.927500 0.852843 0.034514
3.932500 0.806967 0.014763
3.937500 0.805977 0.013742
3.942500 0.812164 0.022145
3.947500 0.800730 0.021429
3.952500 0.817994 0.017588
3.957500 0.836690 0.019295
3.962500 0.797644 0.023210
3.967500 0.750993 0.028356
3.972500 0.803979 0.025979
3.977500 0.788427 0.026614
3.982500 0.769302 0.035131
3.987500 0.798165 0.016556
3.992500 0.788091 0.023819
3.997500 0.725148 0.028789
4.002500 0.739190 0.020422
4.007500 0.728965 0.013700
4.012500 0.704989 0.017813
4.017500 0.716651 0.010646
4.022500 0.755936 0.007150
4.027500 0.772786 0.021157
4.032500 0.743501 0.010538
4.037500 0.764291 0.010968
4.042500 0.726651 0.012264
4.047500 0.756525 0.024001
4.052500 0.721748 0.043060
4.057500 0.730345 0.020341
4.062500 0.715100 0.015847
4.067500 0.660905 0.014107
4.072500 0.687119 0.010491
4.077500 0.706860 0.007341
4.082500 0.705743 0.004469
4.087500 0.715563 0.011316
4.092500 0.770712 0.011123
4.097500 0.703795 0.029598
4.102500 0.641531 0.037695
4.107500 0.676105 0.033038
4.112500 0.766250 0.027621
4.117500 0.750940 0.032760
4.122500 0.748911 0.031414
4.127500 0.693330 0.031819
4.132500 0.664683 0.014674
4.137500 0.713027 0.064545
4.142500 0.684259 0.043114
4.147500 0.666623 0.031289
4.152500 0.692391 0.042132
4.157500 0.680647 0.018946
4.162500 0.704595 0.014552
4.167500 0.689278 0.017844
4.172500 0.664198 0.028941
4.177500 0.630555 0.045122
4.182500 0.616327 0.016160
4.187500 0.598017 0.026532
4.192500 0.624455 0.013056
4.197500 0.634557 0.018491
4.202500 0.626870 0.016514
4.207500 0.578111 0.038728
4.212500 0.517724 0.037917
4.217500 0.556910 0.025375
4.222500 0.606690 0.039361
4.227500 0.566106 0.044318
4.232500 0.502714 0.012395
4.237500 0.492132 0.010435
4.242500 0.480973 0.014714
4.247500 0.484048 0.007232
4.252500 0.464064 0.012363
4.257500 0.513852 0.006620
4.262500 0.469899 0.013488
4.267500 0.433280 0.005435
4.272500 0.376569 0.010872
4.277500 0.361696 0.020783
4.282500 0.376581 0.025835
4.287500 0.444101 0.020242
4.292500 0.530661 0.017666
4.297500 0.539916 0.016142
4.302500 0.571884 0.045853
4.307500 0.578009 0.018465
4.312500 0.597319 0.022054
4.317500 0.639266 0.038811
4.322500 0.653761 0.064211
4.327500 0.569411 0.024496
4.332500 0.628673 0.039363
4.337500 0.583646 0.035665
4.342500 0.568276 0.026624
4.347500 0.603920 0.014324
4.352500 0.615479 0.019219
4.357500 0.549203 0.013821
4.362500 0.554507 0.018166
4.367500 0.602312 0.023247
4.372500 0.614073 0.022991
4.377500 0.563066 0.028744
4.382500 0.531022 0.032127
4.387500 0.538269 0.010808
4.392500 0.557877 0.019607
4.397500 0.543359 0.035961
4.402500 0.539447 0.022761
4.407500 0.549261 0.042427
4.412500 0.577656 0.054855
4.417500 0.604159 0.057398
4.422500 0.567255 0.022010
4.427500 0.532804 0.036615
4.432500 0.528585 0.043253
4.437500 0.527459 0.029076
4.442500 0.560508 0.034075
4.447500 0.552309 0.063173
4.452500 0.623455 0.022467
4.457500 0.578491 0.032859
4.462500 0.494693 0.032011
4.467500 0.592709 0.050734
4.472500 0.545851 0.030803
4.477500 0.513296 0.027408
4.482500 0.569209 0.043431
4.487500 0.577912 0.026017
4.492500 0.604916 0.036328
4.497500 0.589522 0.012004
4.502500 0.557999 0.012423
4.507500 0.548706 0.030804
4.512500 0.614833 0.032799
4.517500 0.574317 0.003406
4.522500 0.580106 0.019110
4.527500 0.608603 0.029602
4.532500 0.605876 0.038265
4.537500 0.540207 0.021692
4.542500 0.528581 0.040964
4.547500 0.532815 0.061187
4.552500 0.516258 0.025571
4.557500 0.586232 0.012836
4.562500 0.535386 0.013619
4.567500 0.591600 0.034582
4.572500 0.522287 0.015320
4.577500 0.491609 0.029124
4.582500 0.515489 0.019889
4.587500 0.580510 0.009218
4.592500 0.560051 0.026115
4.597500 0.596014 0.034992
4.602500 0.589216 0.066585
4.607500 0.592654 0.030745
4.612500 0.559278 0.027320
4.617500 0.640925 0.023430
4.622500 0.642062 0.040681
4.627500 0.624061 0.065522
4.632500 0.583708 0.044092
4.637500 0.606117 0.019968
4.642500 0.628532 0.044019
4.647500 0.579164 0.023414
4.652500 0.597246 0.003960
4.657500 0.567810 0.018235
4.662500 0.551621 0.049052
4.667500 0.674373 0.015629
4.672500 0.664590 0.057298
4.677500 0.573441 0.050033
4.682500 0.614057 0.075100
4.687500 0.709867 0.019701
4.692500 0.624325 0.031209
4.697500 0.576586 0.036209
4.702500 0.610776 0.051301
4.707500 0.681306 0.054105
4.712500 0.682486 0.019344
4.717500 0.607477 0.043485
4.722500 0.610078 0.066983
4.727500 0.705738 0.015570
4.732500 0.743547 0.012330
4.737500 0.782486 0.058034
4.742500 0.709875 0.071340
4.747500 0.660247 0.046515
4.752500 0.663817 0.009179
4.757500 0.683782 0.019961
4.762500 0.753400 0.066126
4.767500 0.714208 0.094033
4.772500 0.769290 0.075722
4.777500 0.699782 0.031480
4.782500 0.740159 0.026551
4.787500 0.880400 0.034340
4.792500 0.865131 0.057515
4.797500 0.813551 0.082920
4.802500 0.801903 0.006335
4.807500 0.716697 0.054020
4.812500 0.759831 0.070509
4.817500 0.690507 0.015259
4.822500 0.718689 0.037315
4.827500 0.884993 0.074919
4.832500 0.831915 0.122350
4.837500 0.834334 0.099322
4.842500 0.718198 0.028233
4.847500 0.783089 0.026527
4.852500 0.824172 0.059419
4.857500 0.871679 0.037909
4.862500 0.871251 0.036956
4.867500 0.840466 0.053360
4.872500 0.776381 0.056340
4.877500 0.806275 0.007953
4.882500 0.860856 0.049216
4.887500 0.815412 0.029045
4.892500 0.788249 0.054833
4.897500 0.774990 0.097485
4.902500 0.853692 0.073386
4.907500 0.822917 0.072496
4.912500 0.775856 0.050876
4.917500 0.765253 0.044110
4.922500 0.828660 0.004120
4.927500 0.758631 0.034615
4.932500 0.797485 0.041076
4.937500 0.805091 0.035601
4.942500 0.829000 0.044206
4.947500 0.890201 0.059177
4.952500 0.769287 0.051329
4.957500 0.818729 0.034352
4.962500 0.779522 0.051272
4.967500 0.876769 0.022285
4.972500 0.786805 0.043581
4.977500 0.751650 0.052287
4.982500 0.798475 0.015564
4.987500 0.762023 0.014376
4.992500 0.823199 0.063476
4.997500 0.791946 0.070929
5.002500 0.824382 0.042860
5.007500 0.793584 0.016382
5.012500 0.730640 0.030622
5.017500 0.752856 0.022565
5.022500 0.828198 0.042137
5.027500 0.844548 0.029363
5.032500 0.798409 0.046504
5.037500 0.754641 0.050538
5.042500 0.829148 0.015389
5.047500 0.834987 0.039060
5.052500 0.785826 0.038829
5.057500 0.774636 0.014998
5.062500 0.764793 0.017151
5.067500 0.688129 0.032065
5.072500 0.653033 0.019412
5.077500 0.829383 0.068948
5.082500 0.941427 0.037296
5.087500 0.916043 0.043006
5.092500 0.857200 0.037350
5.097500 0.651903 0.066527
